4 0.773451973249621 1.0000047628493431 0.773060565935566 0.92065211176282 0.9703094633058527 0.9196778322304512 0.970703148579446 0.9990281896774215
4 0.7196482990605091 1.0104304430652558 0.6826222741015044 0.9436265340058052 0.8608415692791596 0.8448734498830747 0.8978677145429401 0.9116754646799043
4 0.9980536453637114 0.9052734803438935 0.8110194836928031 0.9040898994692182 0.8130092741398585 0.5906815076569302 1.0000303657565155 0.5918650477793772
4 0.9712593097179933 0.2923167281103067 1.1062576012711816 0.5518941994062425 0.7091710342875785 0.7583768988320099 0.5741833456650056 0.49880849144384853
4 0.6282526302960605 0.437630166624361 0.6545261044633435 0.38965650707094635 0.7816683107633935 0.45928354413502803 0.7553953855373265 0.5072567321249225
4 0.6495792370776599 0.38042651315198894 0.672396244665947 0.3376474358040581 0.7939419212584653 0.40247307670140586 0.7711253234848527 0.4452518029588314
4 0.6700464367910399 0.32055112484739456 0.6984844204803267 0.27401854287618377 0.830260520118145 0.35454963690458374 0.8018229623199886 0.4010818468966967
4 0.9999999167022224 -3.535049980401001e-7 1.000000337152187 0.16308593806504307 0.6328123784709305 0.16308561201484742 0.6328127364348575 7.861633189913734e-8
4 0.9065206279669837 0.12669666076238797 0.9708171316240168 0.15007685066873044 0.9061787664192025 0.32783241932126733 0.841882335654077 0.3044523826601967
4 0.8389197782494193 0.3151448468784677 0.6755385302802779 0.2950807993741389 0.6947042741589939 0.1390256771581725 0.8580838036408522 0.15908961907951813
4 0.6046026335168335 0.16051578771103137 0.5878954674302577 0.2068405282880581 0.41172008934381665 0.14330233076462623 0.42842734438920616 0.09697779424920999
4 0.6494139098648475 -0.01660158432929235 0.7134765177522695 0.015429611408393037 0.6193359489581098 0.2037108384974799 0.5552734028905206 0.17167974001851447
4 0.4973417000301197 0.04291074935142636 0.4989190632455802 -0.0028322861358483697 0.6004282044500542 0.0006680604232667343 0.5988508580845746 0.046411077676647206
4 0.36793872604607714 0.1287559890072795 0.3372896438418138 0.10832332936070177 0.3629807547315522 0.06978669453033835 0.393629806396234 0.0902193403744945
4 0.4072840162874627 0.09495633660525463 0.371955407277369 0.0737591997209363 0.39590992877595 0.03383502892705015 0.4312385128415599 0.0550321560490924
4 0 0.05859375 0.0546875 0.05859375 0.0546875 0.1357421875 0 0.1357421875
4 0.06542968748760813 -4.845509753340353e-10 0.06585188115354867 0.01646553668191786 0.027765942822384204 0.017442098792835946 0.02734375 0.0009765624999914755
4 0.18849496677933075 0.12848245566108993 0.1901090943562167 0.09135833526759962 0.22977595035297327 0.09308301594692507 0.22816184899011205 0.13020711046176084
4 0.012057075754341895 0.28662926294391367 0.020588446800502425 0.18852589358972577 0.1594417023324013 0.20060071253892595 0.1509108801401453 0.29870356953577293
4 0.15448530788683001 0.2053705909307427 0.1021572845713763 0.2016329083385207 0.10672293866184646 0.13771516401456899 0.1590507865445261 0.1414528402935834
4 0.07304720223669392 0.3658204774837775 0.01992162028614075 0.3923823850072652 -0.016211120399816537 0.32011662585146367 0.03691409123121048 0.2935548281193134
5 0.004898542276123408 0.8547083903744654 -0.09618664384493059 0.8099424616399492 0.2792120505725961 -0.037664157297619044 0.38029078486601975 0.007100506020349802
2 0.27246093743235633 -1.4265493009516404e-8 0.27279816214127095 0.07114397939050472 0.06079159301407344 0.07214873252802208 0.06045444756512097 0.0010047724776754057
2 0.0009765624015471985 -2.660853910118637e-12 0.031940009050117624 0.0008368497789912031 0.030875057018306507 0.040240077499190764 -0.00008838960752655112 0.0394032278181628
2 0.03222638951660883 0.13281245660012642 0.04574222670294148 0.03820312006589476 0.13160159264032245 0.050468908265481956 0.1180858788874275 0.14507814086097706
2 0.2189753802871337 0.09682986766122699 0.1971463160929261 0.15795123676253423 0.13466395422392452 0.13563612687316148 0.15649305401905167 0.07451482381011362
2 0.08419839363830306 0.07218532845366625 0.09365054339718881 0.03989074560786994 0.23669410971501748 0.08175736830175842 0.22724202605809296 0.11405189456583403
2 0.16097920118568254 0.10678543929914347 0.15130135222750596 0.14872278072088665 0.10280239359792631 0.13753072182157383 0.11248026938596922 0.0955934178223692
2 0.013671881036657396 0.18652343914634684 -0.005333560593840048 0.18134018303642696 0.0009765625 0.15820312499999017 0.0199819814104103 0.1633863778278534
2 0.09191182507981921 0.19485279804307215 0.08457299470398993 0.2138113911825829 0.01240984495268549 0.18587740620379062 0.019748692966345516 0.16691885470374782
2 0.11947823757725473 0.33253472546908647 0.057210199235100845 0.30323291830230725 0.0773059447981268 0.26052976590874943 0.13957375372399383 0.2898315093170867
2 0.1520013158853999 0.19657094075095483 0.1572265625 0.14257812500002034 0.20485262193176368 0.14718719371061825 0.19962744945814848 0.20117993943015558
2 0.0996093757937615 0.17871093761339352 0.09167968576593921 0.17757813523810784 0.0926562503580044 0.17074219783483768 0.1005859375 0.171875000000001
2 0.09025818793759299 0.1357612482010589 0.1038633773730453 0.13867662439038195 0.09616044567133031 0.17462365234793575 0.08255525702247724 0.17170827868496982
2 0.10135572341857824 0.18159466024943022 0.06826742846203615 0.17424176028207752 0.07741269281109453 0.1330882479314845 0.11050092281186608 0.14044114037649733
2 0.05024666749886819 0.3140481652160106 0.11906727846405829 0.35228051210845773 0.09474522807477115 0.3960599675248082 0.02592469193928082 0.3578277243811773
2 0.08688399168840988 0.4114387352576427 0.047227097306745236 0.5338534748522981 -0.02920466012608358 0.5090940765615268 0.010452595083847882 0.3866800144354784
2 -0.000023818981844669906 0.519745597172969 0.028756676206853626 0.5188462914709001 0.030733609888557112 0.5821085118556368 0.0019531149330305198 0.5830078128145632
2 0.702558881260984 0.9643275006193324 0.5596734940987744 0.8819092158626227 0.6814849212746594 0.6707842567887462 0.8243632795923759 0.75319993921957
2 0.5412609172775547 0.8710756387414482 0.5050243503749243 0.8498246893678185 0.6284623414560429 0.6393809373980541 0.6646973457998229 0.6606313050798979
2 0.4880122724945295 0.840728495270073 0.4511967379005455 0.8192855444505492 0.5739050562730199 0.6086441345691131 0.6107190312578723 0.6300865065038674
2 0.4353967148093716 0.8093446480457933 0.3996355469826085 0.7889122956248977 0.519831997342294 0.5785760392798711 0.555591695930616 0.599007860091803
2 0.06645821536983476 0.9492685246372454 0.04153815308643516 0.9979095238492138 -0.002201543111027604 0.9755066237856208 0.022718569756079887 0.926865975880102
2 0.12784842667610974 0.8807674007630589 0.01661306697189957 0.8369561095187773 0.06986088147505143 0.7017932101312098 0.18109279013344803 0.7456037430876598
2 0.24999489970127797 0.8869294347654497 0.22636033169135317 0.9256816087687941 0.17308941780390796 0.8931997030264591 0.1967239634722091 0.8544478544152824
2 0.22079899103187017 1.0001091994615927 0.22020275368129205 0.9204744099057215 0.3885418484952652 0.919213122898583 0.3891400345129341 0.9988459581048131
2 0.2865232828368107 0.913031060669016 0.30609761632251775 0.8872822781427018 0.3481421954062398 0.9192366877073058 0.32856806991685517 0.9449852804708989
2 0.4590326286599975 1.0000152118069197 0.4584950152915326 0.967204837860044 0.5189933508494278 0.9662137681714432 0.5195312566540906 0.9990238433676432
2 0.05175752113473209 0.8417967120721119 0.12725720621676828 0.8840149801047817 0.09364825882050809 0.9441034970635946 0.018148855838944655 0.9018856253099069
2 0.08961847376099286 0.7054213066438989 0.12147906942095688 0.6558690198352768 0.2169839670490319 0.7172664122657113 0.18512406096556333 0.766818091642403
2 0.08783543314439157 0.70541236870677 0.11905171850196439 0.6577741238228544 0.15821017347923316 0.6834301694157009 0.12699415526219582 0.7310681782932089
2 0.2789201982985787 0.8210441922859519 0.23038790611019522 0.7901658797630484 0.2607878924893612 0.7423948211378273 0.309319693264797 0.7732729256140781
2 0.30840875839191995 0.7759323920713077 0.34265206806526294 0.795138180141192 0.3182597401581688 0.8386201894934653 0.28401651421677343 0.8194145191912875
2 0.32220270826303476 0.6448934992946433 0.3636757340600525 0.6695143985150396 0.31925234015841397 0.744332953379252 0.27777948405434927 0.7197122810450002
2 0.42479771439082015 0.6753169321955967 0.3687588118135636 0.7705703894712798 0.3242887686441236 0.7444117425084691 0.3803276584927744 0.6491588164755449
2 0.33862251092966744 0.6210381601511069 0.3784965397873066 0.6457189309723957 0.3615556152573163 0.6730849797437056 0.32168164736617655 0.6484042876233878
2 0.31075821634749445 0.6075403925272668 0.2541762736270812 0.5752104879262259 0.3206426740407551 0.45889622795501617 0.37722363855937147 0.4912257799694099
2 0.3643633321150901 0.5973948594015507 0.32948248979903383 0.5760808258930227 0.35647136253680856 0.5319176185188828 0.3913519679699675 0.5532315577000343
2 0.10245741953667675 0.6201883307636955 0.14545960496013777 0.5434096828783567 0.2741010940077331 0.6154512078068305 0.23110014389851585 0.6922287899249764
2 0.25410658818088905 0.29161444846042706 0.2656548751460832 0.26844637607460864 0.5947743116255424 0.4324908797659342 0.5832265879017768 0.45565847221984485
2 0.8230442017409132 0.5627711246903918 0.8105050790472887 0.5855696983424837 0.45593876506109154 0.3905691019017573 0.46847793472909416 0.36777119035530204
2 0.3260184934646304 0.3936863175298176 0.24585238935537745 0.35186206798916403 0.27284236814830365 0.3001317548331386 0.35300806060377 0.3419558734561125
2 0.3434531868948625 0.3863532193485607 0.36899954780483313 0.3435285321635558 0.48492665764695175 0.4126795862697675 0.4593806974792187 0.4555039252235262
2 0.6086145781722507 0.48718257675073295 0.583318871095571 0.5305986662891068 0.4660937736030064 0.4623036474724813 0.49138946482139545 0.41888800183786107
2 0.7967696797371673 0.5342256098171386 0.764249596997729 0.5172891571876246 0.8176957711426667 0.4146738567307805 0.8502153972411861 0.4316101638026833
2 0.46790009453832226 0.22784891527004775 0.4261350345182109 0.3270402686236783 0.2721089809622299 0.26218735847373653 0.31387423575063167 0.16299665307194572
2 0.5179809715249348 0.2822968832935146 0.44839300913031366 0.25136939974531736 0.4832675832867608 0.17290224801748427 0.552855185966564 0.20382963851342192
2 0.3132407929638248 0.1592806379539475 0.3219964171294123 0.13739209892108167 0.466460064060243 0.19517825476862427 0.45770454926832826 0.21706670074726767
2 0.6810993486034249 0.28432402928130873 0.6723079417570261 0.3030412021739312 0.5379464014974928 0.23993284560543782 0.5467378377676368 0.22121577847555965
2 0.4904264749000049 0.3624384168608748 0.4619355051910361 0.3500196213490189 0.4985325376031824 0.26606233592959544 0.5270232902196312 0.2784810771961589
2 0.3728821296624574 0.32976853273256923 0.3841700972183162 0.30458883675150866 0.4511856325975714 0.3346306316488162 0.43989777525223417 0.35981023398814665
2 0.4634359778859789 0.2296602253191628 0.48967623206715416 0.24118003941088886 0.4498910180453777 0.3318021620696015 0.4236507928718538 0.32028239658848034
2 0.3400526038606131 0.13474832013993435 0.3510217526334145 0.10415071594334731 0.49287385017578345 0.15500385762132993 0.48190482365976095 0.1856013568303994
2 0.5084432483998853 0.185639717302951 0.517901634067016 0.1640208619465024 0.5579629971696249 0.1815477834057163 0.5485046427113502 0.20316661224612184
2 0.5480280495258967 0.2045514169416745 0.5603166670280189 0.17639081869498624 0.6794319712256538 0.22836906349340202 0.667143495194523 0.2565295417658007
2 0.5087890625 -7.670787733465032e-10 0.5087890667034571 0.035156249744061834 0.41796874590477273 0.035156245559455596 0.41796875003853984 2.840340686420744e-9
2 0.4909343005501796 0.04971467679606978 0.4856548778825527 0.09458990950531589 0.4405530039855421 0.08928381032174962 0.44583244527495935 0.04440859888634786
2 0.5628906324421905 0.10175780220683957 0.5464843708324452 0.09355468761825365 0.5597656238950321 0.06699220105289727 0.576171875 0.07519531249998639
2 0.490234375 0.07324218749995433 0.49576718717514723 0.04972782847151004 0.529296875 0.05761718749997683 0.5237640721521757 0.08113153845078797
6 0.2103358474620336 0.3926289529338063 0.24344106045919034 0.34424764188906853 0.3746539686084134 0.4340263736673048 0.34154930018121377 0.4824071996904358
6 0.4650395615033176 0.47128842636506374 0.43925714574288577 0.522850828533944 0.3478505969841308 0.47714812760164205 0.37363307649297894 0.42558610718930384
6 0.9514853512780519 0.760520604560267 0.8868535651145066 0.8695773161416321 0.38869519921343 0.5743768690818161 0.4533260902210259 0.4653273416217818
6 0.7437676639589199 1.0040507345487133 0.7295106301280612 0.9586917012919726 0.9892886278961441 0.8770579602593862 1.0035466315234771 0.9224152204043352
6 0.922097012775339 0.8961222511752668 0.9120837850317685 0.9202672102426582 0.802698288553529 0.8749136313652172 0.812711651014979 0.8507690584115916
6 0.8242370430614301 0.7518426195261008 0.8603548024123029 0.771402290169054 0.795412587638225 0.8912964660851886 0.7592950612673803 0.8717371285797583
3 0.15551371657568325 0.49798030690591644 0.21591606890274306 0.3936592919726222 0.32331553359699683 0.45584021892427595 0.26291425304884797 0.5601603073482831
3 0.33093463859768235 0.6130156415922072 0.38735965543844486 0.5030511271256988 0.5220430733371586 0.5721533332857184 0.4656198138062564 0.6821163486451772
4 0.1299778439132524 0.8040781981277604 0.18487627556396546 0.7325614514494411 0.33145885549549803 0.8450602627413875 0.27656222729603996 0.9165753583796477
4 0.06285116370258947 0.9246460277416517 0.09660630517714708 0.8664906763366975 0.229949073236412 0.9438662840574366 0.196195393816879 1.0020203686885933
4 0.0634428282061208 0.9225927642211331 0.1184594861555297 0.8341135058937157 0.24901523832841121 0.9152733134462019 0.19400075855241994 1.003750662277443
4 0.32399948976546966 0.8531644616385501 0.3173186203600835 0.7830228691018123 0.40045569798814995 0.7751058153554049 0.4071372152806134 0.8452466740781892
4 0.4681527744115783 0.8705137207408365 0.40566393016922575 0.945914932814495 0.34716290504093195 0.8974431565622661 0.4096512931549796 0.8220427208253828
4 0.3867189699193432 0.9189452967953199 0.324258085764086 0.9234056943287129 0.3199607767008956 0.863235702553381 0.3824206486502817 0.8587753411378303
4 0.6422514209534711 0.9697307714150772 0.5845127766331188 1.0649783846811518 0.40944567403357723 0.9588794938483661 0.46718420175204756 0.8636346352641273
6 0.2813414776751415 0.8932828764318187 0.2745462886800851 0.8747127083620602 0.37781623289856725 0.8369323674914703 0.38461154248682305 0.8555022659352728
6 0.2594510063970574 0.9116102072371323 0.27109158015105095 0.9204090283358566 0.20499982560943408 1.007822117810423 0.193359375 0.9990234374999839
6 0.18945544556811456 0.9990193710573331 0.17967846868702964 1.0161519957186336 -0.0027617058487976465 0.912065858306147 0.007015295076257644 0.8949337354350667