5 0.3506795035303867 1.024833916291535 0.2404918368761173 0.9710469683315264 0.739993706408427 -0.05208085312857846 0.850163419911496 0.0017006492300030652
4 0.3105476509865639 0.3710937500000001 -0.0000014489615978163783 0.3710937500000001 0.000004737562790069205 0 0.3105448951674816 -4.969616689786745e-17
4 0.29492187470316367 0.021484373589312232 0.2949218768699211 0.0517578134808322 0.27734374930616923 0.05175781234817472 0.27734375006434675 0.02148437531749881
4 0.3144531484505251 0.16894532624816108 0.2509764231081135 0.1054688405405803 0.31542963522292666 0.04101570135736759 0.37890626317846454 0.10449209087778785
4 0.306888078313591 0.055001236555535356 0.30581430702784473 0.03245191668252129 0.35091293122707157 0.03030437483182242 0.3519867088608635 0.05285368728100488
4 0.47637678786475135 0.05108218890936664 0.46205816664064514 0.11193647025937337 0.36310193662689016 0.08865265842483014 0.3774206031507674 0.027798441053148777
4 0.3115234374765805 -1.1501091843024285e-9 0.3119373184841834 0.020280137651357888 0.26408575439586457 0.02125669918469445 0.263671875 0.0009765624999525912
4 0.7529296875 -6.567952947303288e-10 0.7529297405595798 0.0908203060047396 0.5742187023663519 0.0908202601527951 0.5742187501365379 2.374218340940974e-8
4 0.8916578788730476 0.28554170532021295 0.7310033014597366 0.19791295920779245 0.8756595338792295 -0.0672888805884117 1.0363121392833818 0.02033911813893164
4 0.30966694672872563 0.3037205306776771 0.3270035789208805 0.28953644445313154 0.34910662547395077 0.3165513395623496 0.33177001460103384 0.33073540237761523
4 0.4919610095006419 0.36464559228067567 0.4531513344886662 0.4579966850528876 0.3333232349178843 0.4081810032351349 0.37213315963401783 0.31483060709978944
4 0.6477836096108831 0.2049794936187941 0.5642827885621955 0.17992939903144042 0.5946549611096543 0.07868952473412741 0.6781554449414671 0.10373956695120308
4 0.5387247488226876 0.2787848531639228 0.4888776240171637 0.2866553053136884 0.47666812570923867 0.2093274467176813 0.526514965681713 0.20145701744406894
4 0.5664644118351134 0.3033996797763967 0.5263406035601292 0.2730033035235608 0.6030300919225056 0.17177379936927265 0.6431536532337532 0.20217003520503607
4 0.47896636899270106 0.2766676173876278 0.5604719532548188 0.2603670808759996 0.5836839391132571 0.3764278161245827 0.5021783877809867 0.3927282560120697
4 0.18998601851194508 0.35719400378445776 0.16172064898967164 0.4671148808099327 -0.02728957998840542 0.4185132581650444 0.0009765625 0.3085937500000456
4 0.0958988252589279 0.5074225339421349 0.05195299573870216 0.5220701027368861 0.027929565183967497 0.4499992090033429 0.07187494452887222 0.43535172176919323
4 0.3053905413372604 0.4628517124195781 0.3742969239112881 0.4726946757819745 0.3587109613895336 0.5817965445836412 0.2898045959709634 0.5719536678473536
4 0.3611591053545453 0.6542287577287947 0.384254574810484 0.633702272289066 0.40941649724936724 0.6620096828754143 0.3863211019958044 0.682536090218978
4 0.39486944530801793 0.7097719366806666 0.31477984729667696 0.7742803350416861 0.22638626682589802 0.6645507176622389 0.3064743763477509 0.6000432578444184
4 0.23418028732669427 0.6419922061784504 0.216600545257279 0.6771478297156369 0.13535081085069578 0.6365231526080741 0.1529306059130704 0.6013678395701032
4 0.014539401324782375 0.8308227180528746 0.012658212500355148 0.7762672732285559 0.07898535803713003 0.7739805769367799 0.08086697352689498 0.8285355785355295
4 0.02625510241136908 0.7102172003813741 0.06024272785850826 0.7133064810227616 0.0567046950736767 0.7522249123807966 0.022717071468946415 0.7491356451856772
4 0.269935046271371 0.8570531736710626 0.22316643853366713 0.8430255173419627 0.23800315152061557 0.7935707682526838 0.28477119154001684 0.8075983336796778
4 0.31069589459661984 0.8680949499663223 0.2816452953845783 0.844582796383126 0.3135291108578713 0.8051972092483258 0.34257947178343784 0.8287092106873388
4 0.801676948170666 0.3552568997835529 0.9034890322138835 0.30289915498195547 0.964201277451707 0.42095240008814233 0.8623894856923471 0.4733097303939867
4 0.9279389934217761 0.4328981310407395 0.9375099617274145 0.4069216144571997 0.9982423822953024 0.4292970141121122 0.9886715446768903 0.45527341963652085
4 0.944606101730983 0.3830474409670415 0.9504621093464038 0.33737387131584473 1.005053587112684 0.3443729974139272 0.9991977329972315 0.39004642819291924
4 0.8193444050007201 0.32062898569967035 0.817970208698398 0.2697792843452847 0.8743584638028778 0.26825544010623775 0.8757327853713832 0.31910501283813303
4 0.873946454043903 0.278104671534989 0.8913791904235495 0.25826801094851953 0.9519582613924058 0.3115044029214517 0.9345256005299234 0.33134099176709825
4 0.7250336843321747 0.45154903035329474 0.7230266338850697 0.41742990893910525 0.7584050921381049 0.4153488971382315 0.7604122173014503 0.4494679385380108
4 0.6207058182666287 0.48313043265110595 0.5802516547955747 0.46796078292645077 0.642297615958455 0.3025074612631873 0.6827509933358442 0.3176769461739487
4 0.6378907454877663 0.41074214594678204 0.6289060272813458 0.3837891224013926 0.6646482262669906 0.3718751088996417 0.6736329750972345 0.39882807149741195
4 0.7929316733584528 0.565947722624008 0.7703820321479498 0.6160556399939587 0.5805904304139631 0.530651482554815 0.60314031077246 0.48054443604087627
4 0.7525394720148597 0.685350984449592 0.6423794899399127 0.630276404055658 0.743163874822244 0.42871438627068464 0.8533202253920535 0.4837878592391527
4 0.5696779045199492 0.4866102205998352 0.6250407140823881 0.5079016440476345 0.5881932233916132 0.6037053631193884 0.5328305063221705 0.5824141201362989
4 0.5322953127925985 0.6755034895893335 0.7939771981594959 0.5976372214745331 0.9006362088668993 0.956020263100408 0.6389558591820332 1.0338829170483563
4 0.6725696955555804 0.7062315691032774 0.5496332535782358 0.8179757536687996 0.474382387726223 0.7351992340259075 0.5973171550280085 0.6234563998992283
4 0.5352152239752286 0.9395339554029916 0.4322218118558112 0.9219537321707183 0.4588723516154687 0.7658698567520799 0.5618615622801144 0.7834497105826691
4 0.44011772310977904 0.9078730586701967 0.45559376002483987 0.9599132787957487 0.38041906096646017 0.9822623531380503 0.364943711536057 0.9302227196521268
4 0.5039984977391896 1.000089850900026 0.5036936536573648 0.9772027322570936 0.5857361762276696 0.9761098974264619 0.586041299234239 0.9989967338381238
5 0.4920167738341661 0.05784100710286347 0.5126114786688731 -0.016299422870614592 0.7011858334625458 0.03608270033540313 0.6805912675943091 0.11022299447166957
2 0.3552293813979759 0.019827196668420314 0.3675782935698635 -0.01834211772603299 0.44703697098429984 0.007365134515994549 0.4346880665490289 0.04553444242380377
2 0.42396319176691577 0.10678940419834587 0.3995507500309259 0.17697517212980987 0.3300088867378008 0.15278672687067496 0.35442137766040105 0.08260105605361932
2 0.49268498862466004 0.13795651869023734 0.5032904759329995 0.10189838096075439 0.5857695562901881 0.12615712101103338 0.5751641407517809 0.1622151984823419
2 0.4993943233629352 0.31889693012824966 0.48296087175867797 0.35998063432256167 0.3179548747845047 0.29397948280178643 0.33438845969862996 0.2528961123180685
2 0.30686485767319027 0.5040110542929147 0.2816093397368604 0.5730398145493498 0.11951922333616949 0.5137395401352199 0.14477514687837356 0.4447117251800113
2 0.1250384948559713 0.5433102911780828 0.05952871044553376 0.5330751257629475 0.0742196519601066 0.4390569438558354 0.1397285082906592 0.4492920347854589
2 0.4663873941332213 0.5232202068623143 0.45330070356737906 0.5569265123597271 0.3658194587487742 0.5229638632668638 0.37890625 0.48925781250000977
2 0.478532361744783 0.4927696877071277 0.4530179791097453 0.5569391178466453 0.3644240132897494 0.5217156398628834 0.3899385787397023 0.45754668426555173
2 0.3800750008298337 0.48767183888777627 0.36842231289483607 0.5247463319314053 0.33002669623977 0.5126792283201994 0.34167944618263846 0.4756048488251526
2 0.42750441486225554 0.546424546567775 0.4161289187819648 0.5816320889456617 0.3479993926014231 0.5596213897291323 0.359375 0.5244140624999716
2 0.2614115237247461 0.7502663148177205 0.2750928964915147 0.7081791005453754 0.3674369269785984 0.738192286032759 0.3537560973273912 0.7802790394095224
2 -0.03105301649793546 0.6664843159680937 0.00586124149515399 0.5742168387613571 0.26246033030440685 0.6768612381435656 0.22554912207328925 0.7691261418361992
2 0.2593113202827908 0.7699448526103632 0.23532445037108118 0.7590435078164106 0.25920363577529315 0.7065098548334078 0.28319023934056986 0.7174111295532052
2 0.06149256009598503 0.8186272040611539 0.08867479958576041 0.7425370807206159 0.25966614474373273 0.8036091294065804 0.23248592399818335 0.8796975366151633
2 0.0009765543866251392 0.7167968748918404 0.03167422561637068 0.7172061047629049 0.03069767115562172 0.7904482889333291 0 0.7900390624999998
2 0.07619988515216392 0.7863174425152641 0.05879824134365208 0.7781298618510314 0.07805273055430462 0.7372144150987683 0.09545421938105392 0.7454019530543897
2 0.3070633296588312 0.8350601167352553 0.3016872377132813 1.0072007465075532 -0.003622243881295617 0.9976586513277126 0.0017609303281460598 0.8255254311443413
2 0.2747837585285424 0.8696375066882222 0.29303045629490043 0.8253351009429996 0.33939446712872723 0.8444267494726839 0.3211481126461422 0.8887288636969767
2 0.4774045702765761 0.9742722704522703 0.4479378461530814 0.961647147474285 0.4617783928474637 0.929353074192064 0.49124485391064354 0.9419781326910196
2 0.6018636288057451 0.783284167015465 0.5867444248729043 0.8154893756417443 0.5255667562527151 0.7867737077924538 0.540686021735155 0.7545687589057279
2 0.5804086466388299 0.5634903343654682 0.6131598829882705 0.5781703710597663 0.597849824150444 0.61232357840482 0.5650986173545789 0.5976435908407048
2 0.6854877148940659 0.522564791264489 0.6244888159125139 0.4877105288396343 0.676592078890053 0.396530750365335 0.7375902611183847 0.4313847538429159
2 0.7353013984824202 0.4287246501583701 0.699067336719736 0.4082454278149348 0.7350435596617899 0.3445956216695953 0.7712773712675016 0.3650747551415842
2 0.679836362558035 0.3908342056033055 0.6553037393961176 0.3777506571398787 0.6799578044643795 0.3315244620868994 0.7044903116518526 0.34460797258558223
2 0.8025846317984815 0.329326313719419 0.7394830696721328 0.28725974158371437 0.774939789112409 0.2340747859980884 0.838041092894855 0.2761412402147378
2 0.810546875 0.42480468749996436 0.8291119693603832 0.39481667903266093 0.8541246015550996 0.410300812029669 0.8355595714629089 0.44028876427919195
6 0.12605991552868545 0.3347889335460841 0.11912134310409783 0.3531760193566342 -0.006007396462109682 0.3059583265407205 0.0009312279206596941 0.2875713582459174
6 0.17248438895421714 0.3739125527459336 0.18427939804269045 0.34344538266573776 0.49199844225859124 0.46256680883012025 0.48020418527778475 0.49303334284567607
1 0.8762018801068052 0.4707111670614349 0.9117541978096142 0.40088288570908326 1.0341511528284855 0.4631962986379452 0.9985996569841973 0.5330238735009899
1 0.7421811384227794 1.0000058576586708 0.7421913563441649 0.47460581833076215 0.9999996412603878 0.4746136075082723 1.000004382979796 0.9999991019084005
1 1.0000075148132055 0.9726070285014584 0.9592037659730295 0.9729005092624106 0.9582212666165333 0.8362309749864235 0.9990234375 0.8359374999999999