4 0.4111193653781129 0.09831163835221587 0.423706504562233 0.2949528233041933 0.06297942875119134 0.3180395006988682 0.05039458928581553 0.12140022905095654
4 0.27432223283346957 0.4819491329160811 0.20474278384881472 0.5038159012994953 0.15096837545536346 0.332714139082445 0.2205463768516438 0.31084761573637415
4 0.09174933521092044 0.46916021779337225 0.09692942929166293 0.5313103992587742 0.00010777070190215454 0.5393790689233804 -0.0050718258980850806 0.477229351691715
4 0.107421875 0.490234375 0.138671875 0.490234375 0.138671875 0.5166015625 0.107421875 0.5166015625
4 0.2846244484599083 0.019096133719361974 0.2919825477994209 0.0926767630546531 0.21675819210213376 0.10019917312611556 0.20940014366431114 0.0266185836034671
4 0.3703125279694177 0.09628906602783187 0.3287109354198492 0.11015624529696623 0.30136720934376626 0.02812498833454277 0.34296873821494955 0.014257820637774043
4 0.3906250067775545 0.0634765625 0.3515625 0.0634765625 0.3515625108460654 0.017578125000000007 0.39062499682290763 0.017578125
4 0.493759525382643 0.011218557995842727 0.4968559459715607 0.03908631873746425 0.46663014425837446 0.042444739756146904 0.46353372739827137 0.01457698245086815
4 0.45117187423863925 0.013671869889568887 0.4511718784677896 0.037109373492271086 0.39648437436994755 0.03710937525162796 0.396484375026148 0.013671876565978897
4 0.6252072531414115 0.0010574408857987874 0.6243806775114535 0.06305164048959222 0.5425462486691686 0.06196050478118787 0.5433728480027185 -0.00003367389851095262
4 0.6249999987741148 -5.326716044636719e-9 0.6250000089088417 0.05078125002906018 0.5078124896321015 0.050781236866633245 0.5078125017896582 5.573421303415025e-9
4 0.7325217095325343 0.0010580993670859554 0.731674481924756 0.08324173343203214 0.6261967536282782 0.08215430663043982 0.627044036879056 -0.000029264126194155934
4 0.7104475127279102 0.14075206591832284 0.7154315734059082 0.24872572585698083 0.5032327262138097 0.2585197078896083 0.4982493942629844 0.15054676534296202
4 0.43093445237639116 0.31563998900111134 0.4366739644739255 0.36155345995336063 0.336192934274095 0.374113497407223 0.33045369233082056 0.3282002745417884
4 0.3245218230465525 0.34011314583108326 0.32261583028980567 0.3077114474791297 0.3539870240829259 0.30586613414428915 0.3558930638099582 0.3382677821267677
4 0.35368833534482746 0.30630351200318473 0.3559354594794968 0.3400079346577608 0.30148992991450996 0.3436376633511228 0.29924290254973585 0.30993333223017305
4 1.000000100362172 0.201171875 0.968749903381763 0.201171875 0.968750024008159 0 0.9999999995104645 0
4 0.03293210697245286 0.6901244441077774 0.21973275869072495 0.7165526291927604 0.1801905073053831 0.9959888945459778 -0.006609966436258219 0.9695616721213882
4 0.1551946664701518 0.6088276545875473 0.166446969136814 0.6875780581312119 0.009493015967109386 0.7099996336407796 -0.0017578982963186718 0.6312504739004479
4 0.1887025755227114 0.6781057409359305 0.2601134364419977 0.6919888600278263 0.23514857917791687 0.8203797470923788 0.1637377753590954 0.8064968347639656
4 0.234375 0.9638671874999984 0.2101586072126338 0.9499592771925348 0.23652611828413228 0.9040609646891737 0.2607422222297373 0.9179687699459333
4 0.29355637521996414 1.0005433384985052 0.2921979414791167 0.906727689154984 0.39724749417291605 0.905206947314866 0.3986073357738178 0.9990211656121651
4 0.30498619607305955 0.6870439919725917 0.36374657145177025 0.6748643801331604 0.4057383588706216 0.877417882967405 0.34697807573786577 0.8895971939504211
4 0.31043376111665566 0.9983741983932685 0.2357486227431309 1.0247263898498833 0.20209021515199765 0.9293588103655318 0.27677334816166876 0.9030070044656447
4 0.3448714254303695 0.897150160740314 0.18023368875731194 0.878860839740819 0.2041755453001315 0.6634215446082076 0.36880470811843225 0.6817103788169787
4 0.36142946831819245 0.6518092340688046 0.40999494714071716 0.6299578973040665 0.43659953072312874 0.6890798815182475 0.38803414060578234 0.7109310732880462
4 0.34074721523734297 0.5603349978153292 0.3038791876680307 0.5653620271472698 0.29637384389491217 0.510321884355971 0.33324154305012144 0.5052948776862628
4 0.244140625 0.521484375 0.267578125 0.521484375 0.267578125 0.62109375 0.244140625 0.62109375
4 0.23925980460899154 0.673531345121333 0.2219812268339183 0.6296750080217034 0.3030337759774966 0.5977455929638452 0.32031250012812507 0.6416015628254692
4 0.32421875 0.615234375 0.357421875 0.615234375 0.357421875 0.64453125 0.32421875 0.64453125
4 0.397460897680844 0.6054687008175195 0.4150189763271328 0.6271554195424389 0.37855361118261044 0.6566749271891643 0.36099563770960685 0.634988306216424
4 0.41601525159080666 0.5673831484406234 0.43554757117453846 0.5869134192726839 0.4121095213250783 0.6103513971161082 0.3925772599005768 0.5908211843904072
4 0.524439047315127 0.7176160362573388 0.5401449787715364 0.7396006946771825 0.516127356578977 0.7567560647206973 0.5004215063387392 0.7347714792757367
4 0.8378905550899844 0.7421871112145375 0.837890836266979 0.777343663381266 0.7656249898310534 0.7773438256305009 0.7656250027712304 0.7421875686075139
4 0.4914841292937808 0.6668800529850002 0.5297340066052811 0.7085230389331749 0.4573189865139966 0.7750265705514279 0.4190695711635044 0.7333840323774244
4 0.7534848567931931 0.74171421849338 0.7560907958074949 0.7989928282362548 0.5405369679887144 0.8087941345230165 0.5379325501043013 0.7515169748048983
4 0.8089092334871566 0.6570786685956532 0.8110454090762005 0.7413450206799953 0.5554483262585563 0.747818577875259 0.5533145116739888 0.6635545104345375
4 0.5433122159960249 0.5890823229053419 0.5955213178892791 0.5847320938114486 0.6022629298956872 0.6656319105971382 0.550053831910418 0.6699821059298998
4 0.4854286310687712 0.8610556282035481 0.5348618703098964 0.8085457952095558 0.6048633851662544 0.8744314518096757 0.5554308319005941 0.9269406168627825
4 0.8426944443164075 0.9136595141090085 0.7267326081367855 1.032012550901884 0.5681324586020082 0.8766508746874856 0.6840908426542001 0.7583014457505562
4 0.8785165545682503 0.859180615035955 0.8123033143596103 0.8812471388272416 0.7806639413038283 0.786326775572281 0.8468756460501936 0.7642605296679141
4 0.9367414552006039 0.9051813255783348 0.9392928920136683 0.938338631328453 0.8913489922002782 0.9420266508332168 0.8887977949232209 0.9088695693531686
4 0.8933306689644951 0.8973104511478258 0.8854414527399967 0.8578726379703522 0.9290099622311345 0.8491591020859505 0.9368993512088082 0.8885966825618349
4 0.9375003110153557 0.9414062500000001 0.8398433988019178 0.9414062500000001 0.8398439790410066 0.904296875 0.9374998732906761 0.904296875
4 0.7533051817088108 0.6543724942536148 0.8280501750252824 0.6693194454333886 0.8200122954723383 0.7095086788065824 0.7452673197969943 0.6945617909698953
4 0.7988279626420081 0.4804686193814366 0.7988281635172143 0.5585938005991593 0.7617187446081743 0.5585937227051863 0.7617187728462795 0.4804687701311306
4 0.47174855604441746 0.9092603525991214 0.5181985457306837 0.9128324412518438 0.5120634451701562 0.9925892186740012 0.4656134601679014 0.9890171714086338
4 0.503927922332764 1.0000070555186729 0.5037723620848737 0.9789277365732549 0.6365627892428165 0.9779469807748622 0.6367187680564257 0.9990258776026321
4 0.1970989664064291 -0.00013734696502381205 0.19735850614904393 0.019847109497658603 0.11158766184155411 0.020961015277069586 0.111328125 0.0009765625000315772
5 0.8786123629428175 0.0004609264071308258 0.9858815184650211 -0.00647377367170394 1.0506768711037466 0.9957475465475134 0.9434077974902948 1.002681708339969
5 0.0011020524701734757 0.5672468843827964 -0.009261102384584774 0.513426528307988 0.8963564114628753 0.33903201245827264 0.9067221468135358 0.3928488069303655
5 0.35308744871213094 0.6396337082077949 0.35851411026078495 0.6663726602956561 0.1753287759045179 0.7035428201578794 0.16990269622033338 0.6768043739499465
5 0.17129385104783523 0.6155128313816955 0.14076247042089562 0.6267065463232367 0.11350203843289819 0.552359743667581 0.14403302382822858 0.5411661091525682
5 0.158203125 0.638671875 0.19140625 0.638671875 0.19140625 0.6884765625 0.158203125 0.6884765625
5 0.4111748747087631 0.998759352089652 0.38723140269485157 1.0008870951684832 0.3754441571137477 0.8682762224690328 0.3993867231558852 0.8661485200221392
5 0.37206043326978033 0.707237149052108 0.390883224334857 0.7065768275048735 0.3962693974077638 0.8600850389881055 0.37744660698490407 0.8607453484531131
5 0.00029967480350023834 0.03936381303969272 -0.00024172050962079084 0.022941068652717958 0.19693837981367324 0.016440736722527986 0.19747978817474632 0.03286345879050426
5 0.25357041742893216 0.009549098440928655 0.25436139143664604 0.026159500240265133 0.19933363965515127 0.028779871496616632 0.19854266839422507 0.012169472120854032
5 0.2813598861879427 0.02275540284830251 0.28097886094190017 0.0014173469541307196 0.5175105741750485 -0.0028063448497295017 0.5178916069345405 0.01853169783186161
5 0.28817111346563706 0.009121844288218514 0.290251014922319 0.022017224892361072 0.25598615007527314 0.02754381688638935 0.25390625 0.014648437499994458
2 0.27955661903581586 0.10326997274659391 0.2745429506954906 0.05146180189779168 0.319609778356039 0.04710052927651757 0.32462347084333487 0.09890867197206357
2 0.2366946106441219 0.11996137376583693 0.2288448006991075 0.08744073806082292 0.27033882186788105 0.0774249706700891 0.278188645853902 0.10994558403635743
2 0.3724261578397545 0.035118785878086915 0.4246842910315536 0.029617939246013757 0.4313570173599146 0.09300889153026652 0.3790988847608787 0.09850973474111127
2 0.37367186941412456 0.06394530592215159 0.37632812986714725 0.0825390615807684 0.35226562968443886 0.08597656287652163 0.349609375 0.06738281250002494
2 0.48452000210488677 0.08619724490507624 0.4293250510534108 0.08870610387429502 0.42661687522422653 0.029125723614920107 0.481811767324416 0.026616866008299402
2 0.49075838501948965 0.03694264218579667 0.5473513739882492 0.030654541034884714 0.5530678341165185 0.08210271475333343 0.49647484576826173 0.08839081293087225
2 0.5507812329328772 0.0849609366903243 0.5507812559148988 0.03906249853093551 0.5937500040460009 0.039062522283286334 0.5937499999217835 0.08496094095632407
2 0.5935909219746236 0.024979672041227557 0.6347921387801989 0.023017711007864525 0.6370810944646337 0.07108579633788273 0.5958798777268157 0.07304775668037475
2 0.8181628425027156 0.011946111000073508 0.8693480797262509 0.008223555669715155 0.877800266559575 0.12444123236988856 0.8266150298845787 0.12816378314617843
2 0.47070307933847744 0.09570308190294298 0.4707031363612941 0.1474609353114698 0.4140625 0.1474609386489386 0.41406249691931407 0.09570313831039647
2 0.413085937013534 0.12304687498054034 0.4286079769291291 0.12366775291611959 0.42756901462996666 0.14964182161691839 0.4120469747358584 0.14902094401830496
2 0.4736045806787388 0.09264895752580693 0.5170455717774303 0.09153509059093011 0.5180657645137217 0.1313226351170346 0.47462477340911846 0.1324365012973716
2 0.5173784962294121 0.08702736109330463 0.5594084517558713 0.08481526673481056 0.5615935762874642 0.12633266441417593 0.5195636208852648 0.12854475726951428
2 0.5641877712304222 0.12963959220366872 0.5622973197937426 0.08615860463314641 0.6140846071546093 0.08390702439008424 0.615975093630027 0.1273879736511791
2 0.6241617113621487 0.08386338794314958 0.6433472758182006 0.08514242205223098 0.6420336698658957 0.10484651441057745 0.6228481054475878 0.10356748066475999
2 0.7363281646298674 0.13183593750000003 0.6464843214415623 0.1318359375 0.6464843905037014 0.08398437499999996 0.7363280899427309 0.083984375
2 0.7320379875754952 0.04910423811017432 0.8178677339427622 0.04195178031997657 0.8248585656468777 0.12584186871597686 0.7390288202764168 0.13299431845390444
2 0.8108054820975212 0.22776707903883403 0.7110970040531583 0.2339987925533335 0.70636638959229 0.15830569638644523 0.8060744209094537 0.15207399694783966
2 0.888875381467642 0.23396625076512914 0.8381099755752075 0.2362737470518702 0.8338575266199086 0.1427170574794376 0.8846226604767935 0.14040956737979024
2 0.8399207390174297 0.27155751838405134 0.8389866025157744 0.23512307429109658 0.8961905102097489 0.23365643781692694 0.8971247249444332 0.2700908015441525
2 0.8354344050239888 0.23759682753158304 0.8432205231633816 0.29858385990025843 0.6961817677508861 0.31735499125505634 0.6883960687711124 0.25636833928214137
2 0.8493707095778973 0.3487948966318345 0.8065126047773674 0.3545091379770833 0.7984016982752564 0.2936765224495237 0.8412595480525624 0.28796229837627435
2 0.9006007135325262 0.3508714664370224 0.8530447511607235 0.35532970638082473 0.8467005004201837 0.2876567257357031 0.8942561493962558 0.283198500625888
2 0.7999685892539219 0.3734325563726522 0.7206344492345806 0.38595854277046565 0.7081558553513787 0.3069254367405156 0.7874893360685746 0.29439950406617055
2 0.5446389439817949 0.31648030895355683 0.5425916038177547 0.28167420971431356 0.6323545193166638 0.2763942399464514 0.6344019919586117 0.3112001997891471
2 0.5491858776649678 0.41666349151280563 0.5401938258496557 0.3267421370109601 0.6906421107693177 0.31169780123010304 0.6996348328253816 0.4016183949143856
2 0.6884765372273023 0.2929686337506994 0.694769835138004 0.3219165280980527 0.6439284728669463 0.33296904607761435 0.6376352573186068 0.304021223275365
2 0.5423280548652656 0.3328727477175245 0.5550224686863885 0.42595758000408124 0.4526120833306777 0.4399225044425538 0.4399183013011907 0.34683824494092047
2 0.4646196205120532 0.2914798778955771 0.48927383555417236 0.2892386557167467 0.49393250513344356 0.34048413015671264 0.46927829087678674 0.3427253467771962
2 0.5411463286230855 0.3181106386875646 0.5172273019478553 0.3224036837849248 0.5097121443244532 0.2805334066583954 0.5336310796877797 0.2762403700034989
2 0.5507503451599405 0.20490052093360225 0.5537993307384568 0.2546980300848097 0.5030488906593291 0.2578052299852283 0.5 0.20800781250003103
2 0.4269224011076176 0.1799508125622413 0.477523711410754 0.1751317054348427 0.4824789369389464 0.22716166904191903 0.4318776276039671 0.23198076834771816
2 0.4107632114127 0.18625925833940532 0.42058204027864576 0.2451698650166963 0.3037110223721129 0.2646484324515514 0.29389246018865833 0.2057380563682451
2 0.26188978225684423 0.274737853670596 0.23610015233953163 0.2801671504340572 0.22424674186106586 0.2238632989630965 0.2500362631798225 0.21843401398777768
2 0.2417081020760179 0.29945669168597044 0.2859313367004006 0.29024382224516904 0.29690750920701703 0.3429296266722681 0.25268428178162594 0.35214247187151126
2 0.2942084458342151 0.31818732148641127 0.2863907457071946 0.28848056719908177 0.3359020655969971 0.27545137786688906 0.34371980947105385 0.3051580632925797
2 0.3900390607057034 0.2585937322331412 0.4187500136224571 0.25449226159782584 0.4274218881574825 0.3151953413759867 0.3987109376581657 0.31929680100689817
2 0.36696524769945427 0.2990907786692151 0.3981613777448274 0.2964911798747528 0.400619615075243 0.3259900686827438 0.36942348550689985 0.328589663812902
2 0.29821359029199357 0.3457649748504841 0.32769154505831466 0.3394485249063213 0.33482282639738514 0.37272791632501506 0.30534487537534005 0.37904435450573204
2 0.26111758122408446 0.4139862831619009 0.3662861271816382 0.3929538022678637 0.37657753004771166 0.44441111082085766 0.2714090063227559 0.46544351923016974
2 0.2797453880219791 0.370856219067958 0.28381020934136814 0.3952438736228217 0.2581556303969137 0.3995196279415602 0.254090851051501 0.3751320107642487
2 0.3098342730481818 0.40295079075446094 0.3051888919835619 0.37507907422593045 0.3599819388208516 0.3659470847261735 0.3646273916156133 0.3938187101828561
2 0.26109240952132495 0.4187057614891351 0.24885725599438047 0.37588445578403884 0.30199722685028974 0.3607016881738312 0.3142324643044958 0.40352285247753106
2 0.390820460445525 0.38828120175554653 0.38378895651635503 0.36718752319215603 0.4060546462368393 0.35976564835492353 0.4130861644981678 0.3808592987046578
2 0.43102145500665756 0.38554241781355847 0.44212942584431403 0.4442519085701288 0.39911669332082056 0.4523894395750286 0.388008910695703 0.39368011610341347
2 0.11974492116792135 0.2376550459175503 0.15093334071821118 0.322900773856176 0.0846776485823284 0.34714049584481543 0.05348954233841141 0.26189503218281257
2 0.16406821740520172 0.4336904981916412 0.10583325133154631 0.45659089784811524 0.06855955047512907 0.36180894975789346 0.12679387268144637 0.33890869186676276
2 0.1262795562216752 0.3362066393025056 0.15153581454899268 0.3261046089166694 0.18945325064157714 0.42089878761213 0.16419702528366997 0.4310007585984928
2 -1.0082283097290201e-7 0.4267578215196249 2.7089299692306668e-9 0.322265585542505 0.0332030372690042 0.32226570975814567 0.033203132933522284 0.4267577426360362
2 0.03515604909352987 0.32226548180815656 0.03515626278635864 0.46386731944343845 -8.340578006027499e-8 0.46386718749968625 1.4169927453622222e-9 0.32226564872915964
2 0.000015678539057262242 0.6285099117035461 -0.001924235559272347 0.5567185292314667 0.1285226796214829 0.55319381082358 0.13046341384244897 0.6249843379392935
2 0.1480517863994919 0.5425677522270467 0.2346970636150445 0.5183095879803459 0.2722439901567668 0.6524060450760891 0.1855988380167446 0.6766638999031445
2 0.30892622603585096 0.6047390993672657 0.26886972742988746 0.6079433003768893 0.2633925000063755 0.5394754362624132 0.3034485174501924 0.5362712546964216
2 0.34860036513555315 0.5641008617766008 0.35293949682193215 0.6118244129902654 0.31261207559930426 0.615490510013493 0.3082731312351825 0.5677671322834741
2 0.33525335416379676 0.5034911762296338 0.396308913213943 0.4910037270515079 0.4174294625819357 0.594260664378222 0.3563739377244701 0.606748003494519
2 0.4665031939913433 0.48812510594776637 0.4796679401642905 0.5458411945100425 0.4201603579579114 0.5594131595779518 0.40699593865554107 0.5016973573009753
2 0.4103474753816272 0.5000645072407246 0.40801020566539137 0.4873399269512697 0.4659257108296515 0.47670261869729985 0.46826302318049784 0.4894271427784524
2 0.5815629983529789 0.5862901327129706 0.4992342956146558 0.6012575766204823 0.4776881833688549 0.4827491804246418 0.5600152893333643 0.46778188650469077
2 0.41862701110596845 0.6169986549111084 0.41657668572565854 0.5780439397126288 0.46198949759434527 0.5756539616434944 0.46403997514028106 0.61460851479495
2 0.45640636802545487 0.5883984282414687 0.4518747195438664 0.5566796811054308 0.48441386528270414 0.5520312863297446 0.4889455887122267 0.5837499425221726
2 0.7636720037688747 0.537109375 0.7167967150143113 0.537109375 0.7167968945103667 0.4921875000000001 0.7636718518876933 0.4921875000000001
2 0.5644997828039777 0.4557876530793876 0.6960073476174102 0.4281041046666608 0.7219624362400054 0.5513922240648959 0.5904549579890954 0.5790755047290845
2 0.7952800668047075 0.4772103510048233 0.6995568640800229 0.48678210510423336 0.6930210675697026 0.42142014580991577 0.788743416123566 0.41184843473647703
2 0.7928132458081336 0.41060712367960533 0.8355238283426161 0.4091086135622241 0.8400388594279775 0.5377879387186149 0.7973282776044925 0.5392864349179369
2 0.9149857830631163 0.6044312678515802 0.8246493453426638 0.5991178298616967 0.8365512758613249 0.3968079647266297 0.9268848562168159 0.4021213170523517
2 0.8354699765495752 0.6690791491505156 0.8422717205368144 0.6101433408233425 0.9243379195080479 0.6196132444712252 0.9175366976031682 0.678548578820761
2 0.673828125 0.572265625 0.708984375 0.572265625 0.708984375 0.61328125 0.673828125 0.61328125
2 0.7128160830910701 0.6604651631785367 0.7189247100035345 0.5525783995877677 0.8373546442335282 0.5592834543067337 0.831247277984744 0.6671689945547561
2 0.8297334750353684 0.5702755176274534 0.8302188479912047 0.6047100150348803 0.7560147602877123 0.6057555015117255 0.755529619984145 0.5713212341257731
2 0.5107421513171175 0.6191402560069501 0.5158342609366855 0.6710693189729571 0.4634113396610928 0.6762089139372 0.45831952306468793 0.6242801215743035
2 0.5113740783887124 0.6158087498370011 0.5378453278821098 0.61369132196833 0.5422328372862921 0.6685354902967293 0.5157615891156411 0.6706529067579703
2 0.07973622998019891 0.7223027744611538 0.08041160639982081 0.6824898671934637 0.1684754123670018 0.6839832299719936 0.16780041765377973 0.7237957646256603
2 0.12109375 0.751953125 0.146484375 0.751953125 0.146484375 0.78515625 0.12109375 0.78515625
2 0.4726572348575928 0.9990231667382029 0.42022384006520497 1.0134383767879693 0.39553838961398924 0.9236722380768199 0.44797042522998254 0.909257226337334
2 0.40449437657548515 0.9063278916612822 0.40306721484034824 0.856367948129564 0.5124639231348738 0.8532433049163813 0.5138917978418931 0.9032025098070583
2 0.5117195018847269 0.9033203125 0.4023426961740597 0.9033203125 0.40234397096139674 0.8300781249999998 0.5117186726007503 0.8300781249999998
2 0.43454774667338825 0.762295339724467 0.47804912669482746 0.7615823410480574 0.4790576915627298 0.8231052550354567 0.4355563116399708 0.8238182484259583
2 0.48046875 0.794921875 0.5234375 0.794921875 0.5234375 0.8271484375 0.48046875 0.8271484375
2 0.5491578157482309 0.8263098352911392 0.5484160114757515 0.8018294727426795 0.5951296485927742 0.8004141789645352 0.5958715902779659 0.8248943995510454
2 0.5682061291519176 0.8263431113993018 0.6454417659115279 0.82205318432742 0.6475721591264119 0.8604005023897123 0.5703365242912923 0.8646904082989134
2 0.5697744942450527 0.9100278092610996 0.5705881968425501 0.8880671268258956 0.6077911965401199 0.8894452130597789 0.6069776098921693 0.9114057836105881
2 0.92386224951656 0.9412822394085762 0.9262250073568339 0.9979469527093888 0.7031418174141209 1.0072424579571724 0.700781011676554 0.9505796545910091
2 0.8359374917823743 0.8720698937736477 0.8364551361544272 0.8984462600190928 0.7599676192946845 0.8999463835499739 0.7594502524433437 0.8735702881885862
2 0.899429473916598 0.8636839775676722 0.9036405369811291 0.8955575462331322 0.838771077593151 0.9041255028906783 0.8345603258269421 0.872252216386979
2 0.9200030095563534 0.8404051412199738 0.8883264767183618 0.8420719879540188 0.8861684530970706 0.8010671463616258 0.9178446598923529 0.7994003082507998
2 0.868473465915713 0.79165192590947 0.8668914166809145 0.7584310831083156 0.9208982533448307 0.755859558111627 0.9224805035354393 0.7890801891836365
2 0.9181751250044954 0.6778703958779301 0.9161409818575521 0.7246571868878785 0.8650316718309341 0.7224351510058052 0.8670660581078664 0.6756486132592605
2 0.8632626838635815 0.7182788944434084 0.8181854470840335 0.716609616228802 0.8194350381230606 0.6828741454785963 0.8645119511074881 0.6845434177002696
2 0.06060329325407565 1.0000075892984397 0.06039650813499975 0.9749246045476204 0.17948028533533034 0.9739428557694995 0.17968751606611022 0.9990253820485798
2 0.009765653506519811 0.22167966569760306 -0.003711022401489572 0.19472657057983658 0.039257751974787425 0.17324223543486839 0.05273443424061952 0.20019529105124734
3 0.2203860751629918 0.027701607998950276 0.22719880445220042 0.13897168718873876 0.0018793447288771858 0.15276676859092972 -0.004933022965929013 0.0414970332501672
5 0.8862136854851315 0.12249305992435439 0.8872835313854921 0.1422834600912127 0.7036983007863 0.15220744783460985 0.7026285348781585 0.13241712597981933
5 0.6187650142961729 0.15730165556904077 0.6153094927373104 0.14002399861483167 0.6904296819687943 0.12500004424711028 0.6938852249389811 0.142277672957307
5 0.48458403572078623 0.16049944734740987 0.4838290098740572 0.1416233815587368 0.5328131227269068 0.13966405801442194 0.533568168920624 0.1585401024585799
5 0.486328125 0.171875 0.49609375 0.171875 0.49609375 0.2548828125 0.486328125 0.2548828125
3 0.6315912178287135 0.5679375213369507 0.7142832865828268 0.564716128049362 0.7179184835357546 0.658020184425723 0.6352264163662085 0.6612415496904028