7 1.0000019790327315 0.4619140625 0.8964841474848981 0.4619140625 0.8964858289322137 -9.93923337957349e-17 0.9999999958072294 -9.93923337957349e-17
4 0.53515625 0.9990234375000386 0.5358438564957169 0.8214059861804189 0.8189310141301576 0.8224976158540755 0.8182504586300183 1.0001082716346936
4 0.8481200343377395 1.0018720944451054 0.7831011178543577 0.9918719508453815 0.795904278499961 0.9086572097184554 0.8609216235454369 0.9186572300073123
4 0.823916237453659 0.9240972958822 0.8154284563206602 0.9042973758852794 0.8415935343175533 0.8930838142437496 0.8500813405747749 0.9128836562131671
4 0.8979401942928007 0.9970256644484792 0.8708206436411956 1.0129187354092923 0.849165521506734 0.975977638223466 0.8762848000702661 0.9600846688893387
4 0.8341792255929477 0.8333974945855719 0.8787125604141011 0.8111357352635257 0.9078139730085013 0.8693388976918609 0.8632807625596115 0.8916004686649007
4 0.9486725969787813 0.9350077685700506 0.9247713301010663 0.9490639503057544 0.8819680697768035 0.8762988099028737 0.905868901410372 0.8622427918054568
4 0.9295713015088722 0.9604188547549435 0.9466765282918459 0.9458520665212847 0.980279082502193 0.9852990450562921 0.9631739595942008 0.9998657214510496
4 0.9040391816801048 0.4838821075687713 0.9563928855584436 0.4295941604846064 1.043935305558307 0.5140117289444844 0.9915821191765417 0.5682991719342516
4 1.0000000648877858 0.607421875 0.974609359337478 0.607421875 0.9746094309375621 0.576171875 0.9999999932874744 0.576171875
4 0.8869276491751634 0.6706454889504524 0.8294411313738692 0.6573807215608443 0.8643680966762304 0.5060357425346982 0.9218530823593483 0.5193003264078584
4 0.8146483609774577 0.683007640687376 0.8724627042290649 0.6541048270047424 0.9173838865398238 0.7439475621677366 0.859569755173311 0.7728500594460403
4 0.9608592027637997 0.8201792275433042 0.9285049089570521 0.8575036711579594 0.9002489843489911 0.83301530066558 0.932603158673146 0.7956910332226305
4 0.7832486332796407 0.6031699105983171 0.7518408621293702 0.6175637980556893 0.7072538776428701 0.520283128065556 0.7386611499512128 0.5058893741617898
4 0.8408196999388338 0.3906239783507453 0.8591809756821931 0.44570249379900634 0.6916023015945711 0.5015626952051322 0.6732417997442326 0.4464848349183199
4 0.7652404315510921 0.5147818064462749 0.7666544049318418 0.4568412051506813 0.8996255699140647 0.4600856027473011 0.8982121842404922 0.5180256304323297
4 0.7845403883140989 0.5286661199049945 0.7633863687406119 0.5344349298122907 0.7571663682761027 0.5116281740228892 0.7783203125 0.5058593749999926
4 0.8911636688138742 0.2701374659127296 0.9172955520742789 0.2995350397944244 0.8904434174075959 0.3234035568694305 0.8643115839672646 0.2940060307033331
4 0.8735653097713794 0.2680286089968877 0.8448879287451518 0.20614652921383916 0.9126132282351591 0.17476178093559702 0.9412906483161123 0.2366437022942478
4 0.9387188070330694 -0.014017090525662272 0.991643966573065 0.0025868234572118103 0.9295760749025703 0.20042839211502297 0.8766509303657131 0.183824528445276
4 0.918197306336765 0.43412717026350034 0.8847827029204609 0.4617290966619451 0.8520513792973361 0.4221070058779958 0.8854658431753251 0.3945051721448607
4 0.8671875 0 0.9169921875 0 0.9169921875 0.0419921875 0.8671875 0.0419921875
4 0.8777803313956838 0.07696461254476908 0.8660271093668825 0.06948529640691262 0.8836397075797322 0.04180836893361938 0.8953929244123628 0.04928768286081101
4 0.8750000095042196 0.12695312012396248 0.8509374908721838 0.12257813133886766 0.8580625096712993 0.08339063364880733 0.8821249983291182 0.08776561963773882
4 0.8597656552954049 0.18730468524560678 0.8277944507253778 0.1833083152304764 0.8345102419494879 0.12958235542759683 0.8664813624978933 0.13357872007157034
4 0.6650699923418415 0.022938164865949556 0.6825288246595846 -0.013919335398322059 0.7447415881528059 0.015549897019129285 0.7272827659160157 0.052407388267496274
4 0.4951171870516191 -6.769614576313843e-8 0.49580532582763226 0.10389912911868976 0.34834426330507995 0.10487563291359546 0.34765625 0.0009765625000060644
4 0.4657432120783369 0.15773284691662268 0.4230172240443153 0.16770220432805558 0.403791644625926 0.08530667062130771 0.4465175028346948 0.07533732905532325
4 0.5293646256976672 0.09711998069345865 0.513779112558268 0.11837290876772763 0.4881231722315533 0.09955855861487928 0.5037086817833369 0.07830564051877664
4 0.6415055032252894 0.06550973297315843 0.6441470339733542 0.036452995506248795 0.6721471584471601 0.03899846919605106 0.6695056348142998 0.06805519988750953
4 0.6430951745429638 0.19910384842891257 0.612074768914681 0.147403549883933 0.664062402966465 0.11621101233831209 0.6950828028291198 0.16791123215758563
4 0.49437020954826494 0.2577553254944053 0.5555494501265912 0.29446192970590573 0.5253907639413455 0.3447262336566187 0.46421159957583313 0.30801972899754554
4 0.5085753926456391 0.18229200092304734 0.5422757893709331 0.185451362570916 0.5343347338107378 0.2701560883939324 0.5006343383097374 0.26699673600138046
4 0.17773437393611857 -2.0481007947124216e-8 0.17773438486415216 0.07031250530787225 0.0888671652796802 0.07031248365647225 0.0888671875 5.5386378007673275e-14
4 0 0 0.078125 0 0.078125 0.0791015625 0 0.0791015625
4 0.12241987536447141 0.17559304944577298 0.09039028978088481 0.19283968220312325 0.030936426183188814 0.08242543321331652 0.06296588272391546 0.0651788430584074
4 0.07321203179185432 0.19300196159541644 0.03429544121956951 0.07893562661195319 0.17695036351381077 0.03026553214697453 0.21586709063888065 0.14433153844207472
4 0.13018932214356482 0.20518627519440952 0.11739778379444488 0.1784404762910625 0.17966643507065783 0.148659918485093 0.19245798424958593 0.17540566774705682
4 0.06169317496187432 0.2061276575006172 0.09585771608408322 0.18152964195928575 0.14190521054149485 0.245484771943967 0.1077407260183918 0.27008272018780244
4 0.05848322578458465 0.28016982881251234 0.011473663307242532 0.2975804799427465 -0.020556070590828313 0.21109993265478108 0.02645319837608895 0.19368934145139188
4 0.0397990491079554 0.38117565206021864 0.054794438527096645 0.26740242899364314 0.25558301363150804 0.2938653419790347 0.2405889372812453 0.4076373669797058
4 0.03239919709062633 0.498553742116948 -0.04458668691574985 0.4486192697794847 0.03968057292172489 0.31870935337161593 0.11666539770953932 0.36864336430432193
4 0.21349077135096195 0.221952424796066 0.3248191899717767 0.18679682353609484 0.3600933619738953 0.2984988637239607 0.24876502179029103 0.3336543010370475
4 0.3417968674502845 -1.2809966607907482e-8 0.3417968804415068 0.06445312814905235 0.24023435458070708 0.06445310905418868 0.24023437511539214 1.2006708776578498e-8
4 0.4143944499696772 0.16459054643897572 0.3845800375828503 0.18148533547202764 0.31799224305746066 0.06397755319963504 0.34780655099496016 0.04708280008423673
4 0.24732886954495825 0.2100594331035219 0.24116270201091083 0.1844210233133126 0.3361901451075937 0.16156658405888338 0.34235636119262836 0.1872049232887272
4 0.39500755010487865 0.1832125238331952 0.4173971948198414 0.16530109854270167 0.4872332174687699 0.25259640966780145 0.4648436331924586 0.2705077685242863
4 0.337969710912148 0.23450863558453042 0.3656806256537948 0.2025351338423593 0.4288845389862672 0.25731202530836295 0.4011737314446009 0.28928542606267166
4 -0.005927377718535354 0.6460954649499714 0.0032022682493106913 0.3924870155266833 0.21246185296718068 0.40001927701581697 0.20333655015713248 0.6536237055818616
4 0.3085941865485893 0.5595698627168388 0.28417904018022 0.5351567036715705 0.3281245865583742 0.49121138694561023 0.35253961203261497 0.5156244250305424
4 0.32978925023428474 0.36695275777076347 0.42547147982111255 0.3569864723727144 0.4407110164761434 0.5032874668616807 0.34502880341051423 0.5132536557066414
4 0.2912738785247484 0.5194838503642669 0.24160850676423706 0.4851025178652652 0.2782416727515056 0.43218840292080735 0.3279067113043084 0.466569573060506
4 0.23554710630878617 0.610937475758787 0.2255853138213979 0.6308589996976512 0.19277261328238637 0.6144527454292842 0.20273441765232292 0.5945312892636224
4 0.3278681386268545 0.6269234269665184 0.2723994883825753 0.6518817417827871 0.22975180763410208 0.5571085448259019 0.2852195528344055 0.5321504662890781
4 0.05740704384129458 0.6189189815356092 0.1388227964636144 0.5729072993310238 0.18010922565485998 0.6459536490034044 0.09869374582240198 0.6919649578313561
4 0.44259899661506097 0.45379038138593036 0.4271392603507138 0.41692663092902016 0.4835606220771069 0.39326621142520785 0.49902040760116506 0.4301298151283629
4 0.5572142224000345 0.34238217597002707 0.5706660285745784 0.35762694079217716 0.5496073303868343 0.3762081390698251 0.5361555487770602 0.36096339768123015
4 0.6021176623631845 0.3656969785039835 0.6753315803593978 0.48364432390251105 0.5441092516131221 0.5650916382264034 0.4708968238620628 0.44714559867290227
4 0.6507807761594222 0.5164819932004688 0.6376490513105182 0.6266050692348344 0.3600231166250296 0.5934975784956796 0.37315709542167497 0.4833770393913209
4 0.2875018604165689 0.7111322242309436 0.2623038767808339 0.6355467709015293 0.36015570471124647 0.6029300666446938 0.3853540862024829 0.6785147356261441
4 0.3526923061696152 0.6031662337156137 0.3870503374026839 0.6695820242974042 0.2993275537965019 0.7149556727383496 0.2649702928304123 0.6485405427475536
4 0.45989423433206866 0.5397977521533115 0.5338205357151082 0.5968191644057586 0.38722350812213335 0.7868515895763816 0.3132984577978277 0.7298315617790017
4 0.24172246097066363 0.6180514000287285 0.29136120387931896 0.700769560224587 0.16584555037684368 0.7760779671546432 0.11620827517265298 0.6933610851420358
4 0.2890809213706689 0.7085095889480358 0.2319105937963286 0.7177293746542138 0.21412302508417724 0.6074426495894323 0.27129207443886116 0.5982229701280438
4 0.23945182892703087 0.8919917338292617 0.24687541749835873 0.8697266414782434 0.27500160362535553 0.8791021996123117 0.2675781198847744 0.901367202841702
4 0.29620335222296035 0.756371354433211 0.32685519550886966 0.7990080666278546 0.2282153318502651 0.8699057117301833 0.19756419924249258 0.8272696402790294
4 0.31601541119255216 0.7599615409271004 0.3365236056855565 0.7667963604004763 0.32910177333053525 0.7890618481623317 0.30859358770953804 0.78222704760659
4 0.33398361066042526 0.9335933621739183 0.33398437500659384 0.9990239821369284 0.166015625 0.9990234374999755 0.16601648129744717 0.9335944555704024
4 0 0.9990234374999916 0.0000020079112346138572 0.8847656035187206 0.08203190821939188 0.8847674344472319 0.08203124999749889 0.9990239036028012
4 0.0961096975320288 0.9817961850890832 0.006979005219477585 0.9020678516768212 0.07522488022163998 0.8257943937046791 0.1643541141110063 0.9055215908670708
4 0.23596308670460076 0.8858703461923871 0.16538999400017929 0.9320046840869549 0.08154001728382809 0.8037631205154815 0.15211105013145243 0.757629692069806
4 0 0.728515625 0.0390625 0.728515625 0.0390625 0.787109375 0 0.787109375
2 0.8680213892690745 0.9304421266600272 0.911845085497589 0.905748621426573 0.9631077122579654 0.9967000581400962 0.9192842883501271 1.021393187215154
2 0.7833954147865825 0.8586351294342416 0.7556669924003927 0.8239809716698241 0.8322438111247266 0.7627206899000225 0.859972015753101 0.7973744280497341
2 0.8051215348978076 0.8539857922036778 0.8372814250759575 0.8364481355596937 0.8741175674020951 0.9039813728909157 0.8419578039970474 0.9215188489531988
2 0.7636695815775738 0.8837867386596038 0.7978535561406943 0.8496111979721948 0.8398461883098207 0.8916043880905145 0.8056624889991326 0.9257796537335722
2 0.951631465962123 0.8931497940318281 0.9341007185786339 0.8563430101848861 0.9972180235776023 0.826287591765225 1.0147488439145036 0.8630940353740061
2 0.9677732869496367 0.7421874346789589 1.0230681784837543 0.7661788040558516 0.9986015238414438 0.8225584922508569 0.9433067349424391 0.7985672989530638
2 0.9765625 0.7431640624999909 0.9867202212535631 0.7228522076682679 1.0101576277883169 0.7345710641347175 0.99999997674513 0.7548828590015298
2 0.9692352375478777 0.6785782863203215 0.9528677912858257 0.7180478191446155 0.9053073957580864 0.6983278838029979 0.9216749163934992 0.6588585648706013
2 0.8003452403619349 0.6275585956733398 0.7616497352088345 0.5372784124618405 0.8260025141178176 0.5096987241456711 0.8646981895152521 0.5999783455112259
2 0.8541585013920212 0.6665131738439268 0.8166186468266687 0.6828746342422511 0.7991916386023377 0.6428950279272314 0.8367312071483184 0.6265336393502684
2 0.9180338054267168 0.5386618692762023 0.989706976064781 0.5703827002703623 0.9619770468938214 0.6330318035786191 0.8903039969763995 0.601311168108544
2 0.962890625 0.6572265625000171 0.9763272351204932 0.6249832260891587 1.0040636110593368 0.6365402330928126 0.9906271134942699 0.6687834740841521
2 0.9462617936293327 0.778031132901572 0.9179770970738446 0.8125954211881804 0.8709654730961347 0.7741316180092694 0.8992500305521389 0.7395675772790626
2 0.10805649746760082 0.7149462232161918 0.14101789811616072 0.7577178161643818 0.07140211607634228 0.8113563178748036 0.03844119395967027 0.7685851631335864
2 0.01312669884771367 0.84269407027773 -0.010431049986436847 0.8112899788169996 0.024100302450847266 0.7853916186384248 0.04765798428263679 0.816795542297429
2 0.47360847438972087 0.5290818834719975 0.5075971697285695 0.500533972330537 0.5321826850415619 0.5298026987725172 0.49819407086988576 0.5583505218103769
2 0.7607420097609747 0.11523441198164128 0.7941405995945843 0.12636713733620522 0.7486329323199925 0.26289052247378825 0.7152343643912218 0.2517578422085028
2 0.6188593780345855 0.2782605965249647 0.6504631853624687 0.3076839368087745 0.6178818261487322 0.34267870299859415 0.586278083507068 0.3132554293510467
2 0.664004704395893 0.3517924220976276 0.6781366348093343 0.37534458351746086 0.6485524550419086 0.3930950853034634 0.6344205778284504 0.36954297022088145
2 0.7244464044296137 0.36035787313345946 0.7600656284446359 0.32164300512872634 0.7890490351693416 0.34830794891885636 0.7534298958037198 0.38702273482155114
2 0.7205785746186848 0.35079448871271923 0.7144958633925853 0.3064776967406334 0.7972654910498704 0.2951174559094766 0.8033483540842781 0.3394340606191818
2 0.4614963078782921 0.18622885646729193 0.4842758941898637 0.1658473836251209 0.5119110673633713 0.19673383361264504 0.4891315045771307 0.21711528173693975
2 0.21916541732991845 0.0138318559899377 0.2585789505824323 0.06715598177126386 0.20404664704653896 0.10746243235778698 0.16463315188548222 0.05413834153307114
2 0.24956647158876422 0.08117391940925958 0.2956875984122007 0.05515702583608091 0.34800009993796266 0.14789308203385995 0.30187900638225074 0.17390992728007545
2 0.20053937161048907 0.14888779405217806 0.23114181190533145 0.1310365552463587 0.26514430404404266 0.1893266958214512 0.2345418868349043 0.2071779033904854
2 0.17997813818772102 0.23562304841301765 0.16509615712789127 0.2126238761589606 0.21133758189591845 0.1827030378103831 0.22621955580245867 0.20570216863645557
2 0.17032441738967918 0.25358356873691507 0.14700408034229895 0.2679343395450779 0.11162979904065651 0.21045122562031643 0.13495004984019943 0.196100489725304
2 0.0075132016601173746 0.14589464062215668 0.048637656614459956 0.11957525569534193 0.08744282347595345 0.18020852373031102 0.046318406181285354 0.20652786092355854
2 0.09836714709535954 0.025945553669407297 0.11711943631405575 0.04857760017324503 0.07761261937866948 0.08131181815405154 0.058860340504793385 0.058679781398358506
2 0.35787646240328286 0.25226970989626757 0.426415431087662 0.3391935783536896 0.3134571537626698 0.428256701663865 0.2449189047051732 0.3413334933524215
2 0.42516177683489786 0.3039963382822486 0.4567456428214882 0.2835604597278101 0.5002908047671326 0.35085791089635715 0.468707003825898 0.37129370730444067
5 0.5010458115748406 0.26249998475653424 0.4775110151475701 0.2764792978459763 0.3169007083347424 0.006087020748835179 0.34043519381702936 -0.007892165460247312
5 0.6259068874711602 0.38511858096843365 0.5917587827302668 0.41725682276292453 0.5170455693963731 0.3378739787574695 0.5511934631673512 0.3057359195787627
5 0.927640119364014 0.8690109011649898 0.8772796180270461 0.8957359448018375 0.6197819065357635 0.4105739555188534 0.6701383184893075 0.38385020715090745
5 0.9929699056065147 0.9869145943052726 0.9703120214962837 0.9982405995250124 0.902538584619947 0.862693777513885 0.9251956616475354 0.8513680135017863
5 0.9711562536882639 0.547710538173415 0.8498815692082644 0.554818131442324 0.8177207981768788 0.0060471084805415265 0.9389902951980957 -0.0010603405648565093
5 0.8296357079318568 0.442850888777567 0.8440435793066854 0.47750431300768936 0.7136261931748322 0.531723374099946 0.6992187500001137 0.4970703125000342
5 0.6494140626123226 0.018554686055918 0.6470013791832798 0.028205422224150133 0.6157513784651201 0.02039292299141814 0.6181640625007958 0.010742187723575816
5 0.647097368304685 0.030886502299508914 0.6563759970589444 0.013119047565443466 0.8599164303392399 0.1194128897498885 0.850637852944601 0.13718029976996768
3 0.006754563050094475 0.6538184793837438 0.054719713344638876 0.618939955737838 0.10919668267115412 0.6938470627214567 0.061231815732298855 0.7287252529719365