5 0.9477613966346325 -0.0021225220919657206 1.0581339601975515 0.005744722098693323 0.9867071623472157 1.0077529494618875 0.8763346513019314 0.9998863161008598
5 0.7641323005813092 0.21953933630567726 0.7672948029555755 0.20752205547930427 0.7984435894081798 0.21571913801285555 0.7952811020189756 0.2277364059030367
5 0.5014726254868265 0.18268379229554954 0.5027525450141184 0.1668985934979175 0.5538314260940069 0.17104019362621806 0.5525515300544157 0.18682537015417525
5 0.9472001992644437 0.23920723978858088 0.9439125129525792 0.2563034876861874 0.8243120549821015 0.23330382218945403 0.8275997985801951 0.2162076456440031
5 0.5616572019656587 0.1936534940841277 0.5657633058694955 0.1684315015568432 0.760413883732781 0.20011945499863418 0.7563079461912139 0.2253413028771247
5 0.06423689492726226 0.31221682317693794 0.06476319918863283 0.33905252436936345 0.0005262169942170658 0.3403121771123132 0 0.31347656250003403
5 0.08655067705194597 0.3353097530504578 0.08398822096171443 0.3012037924235409 0.3610880318680074 0.280383886600062 0.36365089606817946 0.3144893821928468
5 0.47968752451572527 0.29941405203212734 0.47734372292222815 0.2923828142007683 0.49374994706454345 0.28691408439306765 0.4960937514234729 0.2939453167703272
5 0.5372966556609526 0.2990020292363095 0.5367508644637837 0.28426525933057417 0.5719311814680168 0.2829623390559805 0.572476994788758 0.29769908590370464
5 0.6757812500001137 0.29394531250004213 0.6815678381680073 0.275428868240676 0.7219368783773916 0.28804428988564645 0.7161503309498585 0.306560699450361
5 0.45061413463474764 0.28474458465322827 0.4514592647109339 0.3016457326607268 0.3985641421940045 0.3042905577660191 0.3977190541518212 0.28738944977834835
5 0.9491215071691386 0.2827306117911883 0.9496346839847547 0.30068489173953605 0.7601129558804587 0.3061008339400645 0.7595999357221217 0.28814670541699017
5 0.26639298483132734 0.6123793165684083 0.28680505147667645 0.6219834790990437 0.19285647279548357 0.8216257656258044 0.1724445513103774 0.8120218342441481
5 0.251953125 0.6884765625000092 0.24661604057769182 0.6855658245224509 0.2601636382333936 0.6607286483360472 0.2655006976532377 0.6636393778877075
5 0.259765625 0.5947265625000034 0.2444543472897749 0.5926292876890326 0.26560314225332604 0.4382462275489444 0.2809140518974118 0.4403434768874027
5 0.28067349031732647 0.43893132904228865 0.2644376582101131 0.4382686693691984 0.2692738964573209 0.3197838379707512 0.28550950889189153 0.3204464931900072
5 0.20599111761430322 0.7421012762794176 0.1992856311204605 0.7628656176320239 -0.005792502842382419 0.6966469912857938 0.0009132458386602593 0.6758831326821599
4 0.0009844190857393187 -0.0005106961867800327 0.049260252574413244 0.00023200857936286784 0.048146426173730106 0.07263073795631209 -0.00012940727333443647 0.07188803349699117
4 0.02807903122686639 0.06368337554930904 0.15129824870962238 0.07316173231906874 0.14378447501928804 0.1708409369115026 0.02056525697946654 0.16136259654356067
4 0.12354835431631273 0.021405181779580666 0.12032834220633504 0.04072528775349502 0.04051414674654552 0.02742293151788097 0.043734163310659824 0.008102831411656412
4 0.12192919068957053 0.02105536190587039 0.16229001157682887 0.014846008244743629 0.16935738761833363 0.06078396254451227 0.12899656715126184 0.06699331441718298
4 0.2179352480778789 0.1570803273427113 0.20911985259454013 0.3245857617951813 -0.00748930692373051 0.313185003984475 0.0013272969289346292 0.1456809331069922
4 0.26851075058743845 0.07174983047651588 0.2697194809996972 0.11284487060240292 0.17484519999993609 0.11563532495062565 0.17363652642507077 0.074540343693271
4 0.3105468745964117 -8.403502877759926e-10 0.31054687647917945 0.028320312336980603 0.2539062486423518 0.028320311019058776 0.2539062500543423 1.4809117627422292e-10
4 0.26953125 0.07421875 0.294921875 0.07421875 0.294921875 0.0986328125 0.26953125 0.0986328125
4 0.38220323371217546 0.026285216207605714 0.5143874954802641 0.0419900806455092 0.48160235982504673 0.31793299931855185 0.34941811154214975 0.3022282512503127
4 0.3640280690633517 0.12310431612633678 0.31715300750852293 0.13482304687606322 0.30359606052672916 0.08059511551324906 0.35047104345517255 0.0688763951108413
4 0.4195747883702552 -0.0002289443762003187 0.4201663088595069 0.04176867455872829 0.33457588345629574 0.0429741661535282 0.333984375 0.0009765624999801757
4 0.4824218454267566 0.1748046935748381 0.4824218804649263 0.12304687076673013 0.5429687433270374 0.12304691243788606 0.5429687792782261 0.17480466285853466
4 0.5523844050740081 0.11653269314869025 0.5195086615526634 0.11147490088651395 0.5253793467339847 0.07331557909560496 0.5582550533654285 0.07837336842743096
4 0.490234375 0.0009765625 0.6328125 0.0009765625 0.6328125 0.04296875 0.490234375 0.04296875
4 0.5964728602907599 0.1359834213118306 0.599931114508081 0.1809397983722118 0.5555721567460523 0.18435201979992638 0.5521139546763152 0.1393956916435586
4 0.589048668073815 0.11014415062949016 0.5868622125842649 0.07734719058061804 0.619140625 0.07519531250004176 0.6213270945202112 0.1079922569118631
4 0.6660156207782393 0.1582031126524999 0.666015638043973 0.1855468759224265 0.6386718736091552 0.185546874573176 0.638671875958039 0.1582031310289672
4 0.7187500500560873 0.17871093750000003 0.679687447196784 0.17871093750000003 0.6796875024750761 0.11328125 0.7187499941601345 0.11328125000000006
4 0.7028218500528283 0.19948812726151752 0.7083912125307279 0.1694141511708542 0.7518935856685403 0.17747021187310677 0.7463242664456402 0.20754414989482686
4 0.8218010185303228 0.153232761350238 0.7566540361384568 0.15706492559005025 0.7492861368397143 0.03180899496657385 0.8144328861523036 0.02797683767152965
4 0.7814118608556555 0.025536299922748487 0.7802194854989466 0.002881127432285337 0.8100505011667565 0.0013110769643731605 0.811242877879522 0.023966247768672466
4 0.8197323635201883 0.0010345759845987342 0.8348352418378227 0.013391475581863974 0.8194326268152281 0.03221689300389202 0.804329749169824 0.019859994151256218
4 0.8445922789738916 0.22611450937945884 0.7906857975531238 0.21673954520959546 0.8107404475056228 0.10142636985863697 0.8646466185724648 0.1108013062977376
4 0.5829492481340139 0.1931958250776227 0.569982966894031 0.30124951644388875 0.46308457724069285 0.2884216981284009 0.47605122215861684 0.18036843177576958
4 0.7344531130620453 0.2094141168264477 0.769453126401686 0.21441403789204277 0.764062504574099 0.252148400385178 0.7290624926761211 0.2471484860517485
4 0.8734582794529615 0.23154431572024226 0.8693042489398977 0.2897019804073139 0.7733928204170297 0.28285115394263555 0.777547051738793 0.2246937052778835
4 0.7246934948352646 0.29305007513047937 0.7240037082865456 0.25234400714102606 0.7964470368032153 0.2511164005112227 0.7971369435321094 0.29182234558821296
4 0.6855468258823976 0.2597652882422533 0.6855470073580818 0.29882804143336444 0.5683593661843815 0.2988282300564682 0.5683593793402224 0.2597656747725815
4 0.7696590830629475 0.2876682889442462 0.7754582661477798 0.3572535206364841 0.6655441955774677 0.36641288101454655 0.659745421093362 0.29682802976841993
4 0.8886200708186607 0.3009907455113966 0.8853812161870565 0.37549368640093383 0.7802808061728683 0.37092433468716113 0.7835200415472627 0.2964217894375196
4 0.9194125969395373 0.6653574029510633 0.6959907578369666 0.6312788211683982 0.7419754693992218 0.32986550864983505 0.9653870120183683 0.3639432822418262
4 0.884000497425177 1.0055459678474439 0.8271340037862274 0.9981300895251198 0.8745247738190756 0.6348319205843156 0.9313860770482734 0.6422474539794363
4 0.9034277945980875 0.681195876686979 0.8603447331666985 0.7845835953996281 0.7292155351669862 0.7299468906358239 0.7722991492555593 0.6265607231982661
4 0.3403515111457409 0.3053125726303802 0.41130698846984615 0.30696260825912175 0.40648440098595984 0.5143358925389052 0.335528924748246 0.5126858782910977
4 0.27734375 0.37890625 0.310546875 0.37890625 0.310546875 0.419921875 0.27734375 0.419921875
4 0.4573825911285212 0.4817594101222637 0.5500641903551013 0.6403967623060166 0.36440446081917344 0.7488493503842273 0.27172650114471253 0.590215153444714
4 0.33222162863683025 0.471441450763837 0.3357709394927042 0.5033822248077208 0.30190094354327357 0.5071455494690126 0.29835172138018606 0.4752048565504821
4 0.3018339708719395 0.6169479395623728 0.26292314031343267 0.6145162675139407 0.2665636120145791 0.5562720788065094 0.3054740371713933 0.558703738133672
4 0.27883549817761377 0.6471753368025693 0.38883466181664517 0.7076138011830281 0.27277043028789194 0.9188132649709475 0.16277247910920778 0.8583765303247214
4 0.29319492725755936 0.8955030525311191 0.3481338698500167 0.6621018374969957 0.61092068879816 0.7239463222479594 0.5559907777144417 0.9573396808099283
4 0.6019345545327042 0.6803476970556255 0.3978827042587909 0.6220523944116346 0.46237628484709603 0.3963400669463192 0.6664206283247722 0.45463422181694413
4 0.7597663071949228 0.5888671875 0.646483456089868 0.5888671875 0.6464852308356512 0.396484375 0.7597646682764889 0.396484375
4 0 0.328125 0.17578125 0.328125 0.17578125 0.5390625 0 0.5390625
4 0.18195513200146252 0.5504125253790889 0.14178451309066986 0.622714151060522 0.03614942993112891 0.5640283549774803 0.07632009402675521 0.49172746037865384
4 0.03693935438946028 0.6048065091715862 0.021752428487843645 0.5831130833588485 0.050590510888241624 0.5629265082707787 0.06577741785611124 0.5846198664219466
4 0.05890870439043283 0.6916571217444626 0.028151300832632842 0.7014981979959671 0.008410441803221147 0.6398077769552896 0.039167470211737054 0.6299667654466083
4 0.1099898180719947 0.6921911911595403 0.0855982032517204 0.6793551433344912 0.12091119137630812 0.6122610874449123 0.14530250477946538 0.6250970385032356
4 0.25075351403529567 0.652697679678418 0.2062199360593695 0.7473202928214028 0.13586272554880452 0.7142112360604554 0.18039648189107993 0.6195893878375406
4 0.2571723230770431 0.6408328843331665 0.1745801778997702 0.6333253825622708 0.1784067836123313 0.5912370560497411 0.26099828081191845 0.5987445282616772
4 0.2526595678374406 0.5681364545083504 0.16235063411397732 0.5591062692169027 0.1739929120499255 0.4426924409082991 0.26430022020872457 0.4517225439436432
4 0.1281548108588595 0.8049306647788584 0.05951390586631078 0.8021855123100188 0.06276567446616355 0.720909355628851 0.13140528224028003 0.7236544821096129
4 0.060604925006146004 0.8390303913538848 0.06397908758970061 0.8109196018431432 0.09855948463950881 0.8150694487540318 0.09518545762159647 0.8431801148320781
4 0.35042258749285793 0.25163773171998466 0.3236714897221873 0.2499658085906267 0.32911677654453797 0.16284275936382261 0.35586773049828935 0.16451467805012424
2 0.17871093745009148 -6.044853113443115e-9 0.17898452851557067 0.03310401418868178 0.06082045629000277 0.034080570095384115 0.060546875 0.0009765625000472454
2 0.03612255614780224 0.05760276891673509 0.04186443632022474 0.023593425373324855 0.13336148801556647 0.03904106554697798 0.1276196338593536 0.07305038700166172
2 0.27077403429768765 0.11598312283703019 0.2613605366231013 0.16843021054550544 0.1664124581404849 0.1513883482960808 0.17582603615369408 0.09894136164764619
2 0.30146596715712803 0.20420730483193114 0.28994908747313275 0.2634372909853882 0.19935295962432065 0.24582153793203435 0.21086997984150457 0.18659174197969394
2 0.21279568131274118 0.2954652449841348 0.16549502128816584 0.2925090211089932 0.16781302005051657 0.25542244650089657 0.2151135331430396 0.258378665771635
2 0.2990407816781726 0.27619313990116556 0.30110033592973195 0.2555983113141142 0.32256536702425365 0.2577448434774588 0.3205058323586627 0.27833965400455535
2 0.5193554003495819 0.08188648589948302 0.4744573024828469 0.10510963201888245 0.4206730816556501 0.0011268005515081 0.4655711215049223 -0.02209632710954543
2 0.4190831306494829 0.08480287201621677 0.424048533454652 -0.0029172554807029793 0.5525063737920846 0.004354074940555166 0.5475410510038046 0.09207413652414942
2 0.35453838664477644 0.1664225026188468 0.38189986317706826 0.17077539430275798 0.36202229420121057 0.2957202870737292 0.3346608221000906 0.29136741486244505
2 0.615228855602254 0.106496076466728 0.6268943429076899 -0.004323732432219195 0.7726884133974181 0.011023322766176149 0.761023092425944 0.1218429681134218
2 0.5785206404889323 0.14368444014205795 0.6011375114104567 0.09022709749290678 0.7035282486100414 0.13354658356765106 0.6809115267343486 0.18700379905054615
2 0.823539969008948 0.10342049417811307 0.8245075951922445 0.026988879564191888 0.931788635479279 0.028347044534177013 0.9308210934922272 0.1047785748246226
2 0.8365343470103426 0.025447523162157877 0.8359375 0.0009765625000011506 0.9018757918964866 -0.0006316767783955717 0.9024726421590685 0.023839281046518338
2 0.8489942616013195 0.21409025430786105 0.8524762532294972 0.17965913415979806 0.9468412372866624 0.18920199708716975 0.9433593543166126 0.22363301703000876
2 0.7567968129826568 0.19753905210768877 0.7638672742129984 0.14804683407125058 0.8005078579093379 0.1532812682973438 0.7934374508761266 0.20277343806317288
2 0.6975799238929312 0.16434692285267333 0.7205190801616936 0.12441631129049488 0.7810712956256793 0.15920182271245228 0.7581322181106316 0.1991323662733966
2 0.37677897423975537 0.14270481441531166 0.30496720043743153 0.13136613821052745 0.3192198349802311 0.041100090831003036 0.391031450756941 0.05243875542289633
2 0.58205030238571 0.020141005632901884 0.6069455043561902 0.03163109244727564 0.5926543466928251 0.06259526825212101 0.5677591459527775 0.05110518378852869
2 0.9499644943786052 0.2532986791109095 0.9472040712277021 0.28808093475264723 0.8806588763006857 0.28279969696598367 0.8834193860179766 0.2480175368123569
2 0.88671875 0.30078125 0.951171875 0.30078125 0.951171875 0.3642578125 0.88671875 0.3642578125
2 0.7675240236777654 0.3612674957195715 0.7697670016520988 0.32314109276947883 0.8239225082826351 0.3263269276114533 0.8216796445491354 0.36445322224089904
2 0.7187611490310246 0.430514688010665 0.7230813794189999 0.3743565924800955 0.7523552581678814 0.3766085279270858 0.7480351352415937 0.43276652411306343
2 0.4064570101945719 0.3039446804826201 0.5040645648954296 0.29906449191238116 0.5096170759990173 0.4101150261026618 0.412009524621908 0.4149951848501703
2 0.1695175475031192 0.31845189795990847 0.2654721554555408 0.3157866074938365 0.26914348067577976 0.44795462909287936 0.17318887361375346 0.45061989898946153
2 0.3678029481889098 0.34386197074957475 0.36653465933454754 0.4060174126183145 0.31186982330712 0.40490185590389144 0.3131383022181353 0.3427466103842048
2 0.32403791957369776 0.3785473968873847 0.28105966863085996 0.3768283287260395 0.2834559606804987 0.3169242230200939 0.32643393954163 0.3186432857410949
2 0.2841956543111337 0.4373242839469325 0.3622086358273009 0.4444159152849074 0.35839844929842 0.48632799353758815 0.28038547046901385 0.4792363831657232
2 0.2645928354596663 0.5543925741259048 0.279113938739215 0.5035746191331515 0.35056840574486614 0.52399075646741 0.33604766585131074 0.5748084000420356
2 0.13013796444056425 0.49971533598193124 0.1745943936234653 0.5118387739996217 0.15972063962340144 0.5663758736399722 0.11526423254827023 0.5542524914069352
2 0.2444227193760753 0.5163064620444622 0.23748150101755527 0.5556377474832637 0.18912523723929553 0.547104367910326 0.19606657695669583 0.5077732388121183
2 0.03918673400721673 0.6039384960911377 0.05680387207689819 0.5716442551841049 0.10196074314228554 0.5962755753599052 0.08434378211325111 0.6285696638208809
2 0.09876604390103694 0.6557033283783074 0.08409275047279152 0.6935407845138596 0.03215180560312092 0.6734006997728267 0.046825185366060396 0.6355634573697433
2 0.14405933180933062 0.6160098399905005 0.1853115573114792 0.6336870828087334 0.15217578495060025 0.7110035516345967 0.11092364699209156 0.6933264591687068
2 0.08462332338979195 0.7184673182939654 0.06638366803622375 0.7748374009376469 -0.01726338068374389 0.7477757667003171 0.0009765625 0.691406250000037
2 0.15597826407565663 0.7407468527385892 0.18608666746172275 0.755478037172383 0.16262462194333693 0.8034223516388996 0.1325162789614751 0.788691259822839
2 0.15570672108128747 0.8278831250655184 0.13951526863672825 0.8643069516080922 0.09348652126107027 0.8438499674446182 0.10967804130746117 0.8074263741352723
2 0.13203136327638276 0.7837888457316368 0.11406190973184493 0.7748056832242182 0.13417948559231263 0.7345708425026647 0.15214878356903228 0.7435539585238031
3 0.5471352650075687 0.92219868789105 0.6342296263362641 0.6919030246561745 0.8905168339997545 0.7888081183861472 0.8034322297515928 1.0190954843624052
3 0.733799471151201 0.5926091830789558 0.7231413363739421 0.6618834121097998 0.6270091171352306 0.6470941071579571 0.6376677677116049 0.5778205162398987
3 0.6509421071669976 0.774159214170846 0.4902084854054465 0.7227322374272867 0.5203947362988401 0.6284063318759516 0.6811252058765831 0.6798327639501436
3 0.5880375451185955 0.28438081014012173 0.6958927332002531 0.33968883149213064 0.6222207264418103 0.4833486757690444 0.5143658850359998 0.42804117482037496
4 0.539062441224587 0.39453103438186204 0.5390629708472261 0.48730476034261033 0.41210930303600435 0.4873046079651954 0.41210956504482965 0.39453168268898514