4 0.3648105827925292 0.09865123211068753 0.34721402245588706 0.06697743108995999 0.4055866758861839 0.03454821612073775 0.42318323658469126 0.06622199449294983
4 0.5117187947538469 0.06738279324865754 0.45507811781510554 0.12402342483155858 0.41308592661664534 0.08203123307983921 0.4697265644582558 0.025390640433149245
4 0.34185728961858786 0.0009886914846753121 0.34147519813359395 0.12447593304754852 0.015269805819229987 0.12346587377527683 0.015652280221502224 -0.00002106913191651384
4 0.40673566549173756 0.07657558668012578 0.41319847183467573 0.30273161968380363 0.05617745892232051 0.3129310862517866 0.04971709212077258 0.08677759754462112
4 0.28906246069016106 0.2910155238723906 0.28906255090873856 0.32421873382328065 0.2187499897466978 0.3242187621400418 0.21875000928457666 0.29101566256129646
4 0.0009765471152149985 0.048828124968667654 0.15100456586174005 0.04913366866215033 0.15000228817496009 0.5412594560065169 -0.000025730674792612263 0.5409539199322424
4 0.1655699838131568 0.30929638039688484 0.2631167916327968 0.3403326952589977 0.23161776217989427 0.43932960087025297 0.13407103919814745 0.4082934706014187
4 0.18831846588318513 0.5108951734115244 0.1296694575487436 0.6507417772096893 -0.0022472339774139982 0.5954223116271228 0.056402324599616804 0.45557742301902676
4 0.19229993524152178 0.4777594240309107 0.16386551697041796 0.5002061902194154 0.13951828088477214 0.46936637606322745 0.16795259482591973 0.4469196734425215
4 0.18207534701321038 0.403852251928876 0.20174274702355888 0.42788872141011713 0.15632783779710735 0.4650463808424453 0.1366605381036834 0.4410100048974647
4 1.083491777099539 0.09866318114219703 0.9878659135681573 0.23732100007202858 0.6937088531269637 0.03445413496452037 0.7893344683725445 -0.10420295676879567
4 0 0.734375 0.1875 0.734375 0.1875 1 0 1
4 0.2359917931291875 0.41012466907635153 0.39434480217494183 0.4817532124754985 0.2934613371297701 0.7047594407192656 0.13510920179192 0.6331324128880954
4 0.37816137108666226 0.47217278408672 0.3428123961031133 0.4846481746813701 0.31178488085652134 0.39673644680244763 0.3471334606116443 0.3842611322944098
4 0.37435750310373805 0.6249875991257792 0.29731824530824724 0.3058259513966295 0.5885391454797855 0.23553437746922892 0.6655825228770027 0.5546900873906125
4 0.17956377142320434 0.6624407396776222 0.21259899299025165 0.6608678614951635 0.214781887890922 0.7067088690999663 0.18174666686945784 0.7082817397617676
4 0.1987564666376329 0.7611826006699113 0.18795938877121898 0.6872673054445256 0.3271722708774405 0.6669346143623622 0.3379702791652335 0.7408487763144822
4 0.3493211516215524 0.6521035243470755 0.3529078512384558 0.6915502922647715 0.32261815446474884 0.6943038826387431 0.3190315873808913 0.6548572373096683
4 0.260491372555407 0.7265253520190496 0.3143121643751101 0.7751280729333677 0.22608903789227952 0.8728031423817763 0.17226898297121807 0.8242011970817676
4 0.2661346838742702 0.7765465491373792 0.29316631406209126 0.7417984640372315 0.3582047995859057 0.7923847100659368 0.3311735434530192 0.8271324521075138
4 0.31229961310884846 0.8594063957648947 0.29383324125103627 0.8459791637467429 0.3150330787328812 0.8168295879459989 0.3334993330041698 0.8302567580057777
4 0.21613137192025533 0.9970112444932042 0.12279220267646451 0.9334769935420777 0.1906390687622661 0.8338301461805582 0.283975964623437 0.8973633245022693
4 0.19317102567538313 0.9847266234351914 0.1577079523011662 1.0223285984331303 0.10134262438077712 0.9691845004654359 0.1368053230875148 0.9315829593820435
4 0.2364067192413586 1.0000103130181344 0.23580475891560582 0.9475742550250379 0.32166301363781713 0.9465888442648162 0.32226563409028586 0.9990242284523105
4 0.3843367710080656 0.7845535793072882 0.4484570156449763 0.8389830644791149 0.3772189580199665 0.9228851265678262 0.31309943207213564 0.8684564193571453
4 0.47207962957782 0.757260500154588 0.4305049900818858 0.8154554069349377 0.3898585634075289 0.7864224900692767 0.43143309515050987 0.7282279252315808
4 0.44025341758151626 0.7481564327519155 0.4454553463119737 0.7256188534412813 0.47512546627683605 0.7324659163671035 0.4699236268227196 0.7550034182326307
4 0.5094600676125083 0.9179890826931121 0.5509371312550684 0.9545761460451327 0.49371006500621206 1.0194329831219704 0.4522334429041166 0.982846385595812
4 0.517578125 0.9990234374999512 0.5175797560601723 0.8847652792063448 0.5859380148185664 0.88476643958666 0.5859374999997726 0.9990234848977761
4 0.524128259999884 0.3848831863022652 0.55189475367672 -0.00934492412729097 0.8075579181582953 0.008662910241481726 0.7797947884521363 0.4028875761858015
4 0.8491384291738768 0.14233515810392428 0.8449447126666882 0.20104795244681045 0.7812351067244663 0.19649725996528408 0.7854289118653242 0.13778455938523568
4 0.524961870204038 0.09663204574641784 0.528463233704656 0.06512003926902779 0.5664062559287686 0.0693359559833941 0.5629049089957334 0.10084794744354032
4 0.5063804513604282 0.08295429058026804 0.5732311765333407 0.1451941263392444 0.49339062991998617 0.23094866619810456 0.4265400666953383 0.16870899953139268
4 0.5519010699855471 0.11645759292944186 0.5641498274632113 0.13197257896771405 0.5231775485468688 0.16431911847581532 0.510928809865618 0.14880414982416493
4 0.528743750488502 0.16357856250961955 0.5744607485665938 0.1755045870813865 0.5522676972731233 0.26057791410451137 0.5065507115253922 0.24865192311994316
4 0.796875 0.1953125 1 0.1953125 1 0.66015625 0.796875 0.66015625
4 1.000016250807903 0.9990234375000003 0.5351459804834349 0.9990234375 0.5351679400789635 0.5312499999999998 0.999990978122355 0.53125
4 0.8185145742808118 0.4787139891836321 0.725648237106725 0.5858610709996548 0.6025862687274639 0.4792073106950513 0.6954517061775505 0.37206153012118703
4 0.5996092931154635 0.45507805358416453 0.5996093952013553 0.49511719127118986 0.5488281180497552 0.4951171811771824 0.5488281635487056 0.4550781926626038
4 0.6763995200866475 0.5546420346428594 0.6234784750045037 0.650397407933368 0.48391776642768036 0.5732727754605317 0.5368388834738198 0.4775187165465022
4 0.4197400318128075 0.031088360355966665 0.42001616398931674 0.03578259658131354 0.4006667566801525 0.03692079823719345 0.400390625 0.032226562499999896
4 0.3671875 0.0009765625 0.412109375 0.0009765625 0.412109375 0.013671875 0.3671875 0.013671875
4 0.5595703124770353 -9.403782728184764e-10 0.5601532318361251 0.02389965462493382 0.5201141675192957 0.024876216280020517 0.51953125 0.0009765625000469627
4 0.4990234374715783 -1.3904848581706782e-9 0.4994901719325071 0.02286993938937591 0.4516386073693184 0.023846500911101506 0.451171875 0.0009765625000311578
4 0.8070386110174468 0.28747420180463706 0.8051223799532181 0.24339985492970423 0.8602151853064015 0.24100462658457306 0.8621315102220706 0.2850788731100336
6 0.07054264762894036 0.1592748192588024 0.04895806010426895 0.16822451009970105 -0.017599928929030284 0.007702447211830652 0.003984567484280888 -0.001247221566366617
6 0.11796895366944682 0.26425776236059223 0.09843755489453088 0.27402334226749037 0.04316405087115527 0.1634765173270837 0.06269532002886535 0.15371097596241157
6 0.13183581597218108 0.3046875950817958 0.14941424386324798 0.32226545676952956 0.12695319945771644 0.3447264765755681 0.1093747992505314 0.3271486425420883
6 0.26859527881310896 0.33171653984043653 0.25883380923391996 0.3552162808389222 0.12119408094190476 0.29804380798366903 0.13095561194325 0.2745442291386606
6 0.4475530200261346 0.6619362142945903 0.4826936513405826 0.6493885486003513 0.6071038731786302 0.997742228502467 0.5719635378338808 1.0102893098552814
6 0.5309164797075709 0.6718035065093996 0.5323934818276257 0.6850942890977165 0.5062405284554643 0.6880001956859298 0.5047635659069556 0.674709449292606
6 0.5826174154054797 0.950000498926775 0.568554476228428 0.954686889289717 0.5583982856262537 0.9242181809122076 0.5724611054869229 0.9195318121646284
6 0.5019691829159001 0.7491996661177482 0.48523946921477545 0.7507202989982462 0.4825980053130934 0.7216635206840963 0.4993276104327151 0.720142892765468
6 0.5312500436659775 0.8271484374999999 0.5156249687331638 0.8271484374999999 0.5156250371294391 0.7929687499999999 0.5312499799865691 0.7929687499999999
6 0.49445937877476354 0.7143465140682252 0.4648638958005904 0.7268195426223425 0.3520980977700674 0.45928253610763115 0.38169221536747955 0.4468098361966055
6 0.3160041271356704 0.8555323930127122 0.32994129783867265 0.8656659179347382 0.2729313177961785 0.9440553759083529 0.2589942614312122 0.9339219857335649
6 0.3377331342647949 0.8495053288818388 0.3229374351462866 0.8371049972624633 0.45248819616062974 0.6825577653907744 0.4672834558608656 0.6949577972272025
6 0.5672330637446521 -0.005869343938336536 0.5901296203758193 0.016494605418957687 0.39808403304130024 0.21311303881604404 0.375187561522921 0.19074918454354495
6 1.006641118043376 0.23274555144014922 0.981245310575332 0.2651173894118231 0.6747627611861162 0.024681456099963552 0.7001584113826311 -0.007690097508533509
2 0.41041584082176996 0.24001918840937286 0.4290729362650154 0.21350702833378515 0.4621165465171089 0.2367600426819741 0.44345949416174335 0.26327216408838383
2 0.2764339087080998 0.36118125604258305 0.3104265998582605 0.37663177378488977 0.29450720843226463 0.4116544359930608 0.2605145389201198 0.39620395323725244
2 0.31347634544692937 0.4062501185924787 0.341797542057634 0.4345696514561543 0.3115241334849088 0.4648430052469788 0.2832030169696509 0.436523552616487
2 0.15019266850458735 0.40057175064448736 0.17356288906080408 0.4177089939413015 0.15984025758950793 0.4364216553764113 0.13647005862856076 0.41928443737805754
2 0.19534638157608697 0.481137696990035 0.1668599963890074 0.4659458998079618 0.19008135569856677 0.4224060943458106 0.21856758379601615 0.4375978402131158
2 0.4171598748661154 0.6372032504751004 0.37526499715056616 0.6751966988297176 0.3324332157910703 0.6279722503321987 0.3743278012574365 0.5899790369800827
2 0.4111324447143261 0.6464845537591277 0.43164179291920846 0.6669909980801901 0.3984379784567409 0.7001948132219832 0.37792872855379755 0.6796884674352063
2 0.3573013692652012 0.6786824063298853 0.37972966138113406 0.6977850727186686 0.35616155202649225 0.7254519864875487 0.33373332904545805 0.7063493944579345
2 0.4140916708182658 0.72904536239755 0.3923733510684997 0.7576177191352472 0.3579070229586705 0.7314234303445615 0.37962528427078723 0.7028512112745633
2 0.3849616243838909 0.7583983389961952 0.3701159183558502 0.7880850638670585 0.3091792239613369 0.7576169779049916 0.3240249707392877 0.7279304859304893
2 0.3003649876856116 0.8634254973042081 0.2636063363758012 0.8456427868237477 0.28648123945276893 0.798368768822481 0.3232394776680394 0.8161513608025813
2 0.27053387066473533 0.8175415279514291 0.29510814755485626 0.8350907908940385 0.27465203840540653 0.8637292944985244 0.25007782792465605 0.8461801106015837
2 0.47567035466215657 0.8053419071575317 0.5012296511954446 0.8267514619351533 0.41295699545037223 0.9321091902535449 0.3873980572171831 0.9107000253478871
2 0.5158308287874434 0.8420317959018132 0.5332208774160563 0.8577620189927274 0.5064765881536459 0.8873215017808537 0.48908661843870505 0.8715913612557422
2 0.4902344947245183 0.8701170892949147 0.4716777173363198 0.8515644099100289 0.48827953772138244 0.8349626702557795 0.5068362584867145 0.8535152929908111
2 0.4888495463247864 0.6932405563288968 0.45969934550828384 0.6586286083940373 0.5413178218387884 0.5898983114336904 0.5704677941794216 0.6245098944385185
2 0.17480464064669832 0.6699218431444086 0.19355683154162762 0.6826714564207556 0.17321307415534193 0.7125887462134998 0.15446092280944868 0.6998391815491473
2 0.12722807240868406 0.7041857748975927 0.11511208752813218 0.681303191921811 0.14822623236659638 0.6637722619753251 0.16034222673351906 0.6866547553849501
2 0.15050657642495935 0.6327019394009198 0.1712366958217899 0.6436752998713179 0.16130723463265895 0.6624309443504854 0.14057713097429314 0.6514576068382356
2 0.40651945670276746 0.9929747587226376 0.3876571521590222 0.9749747346596176 0.4336181611113261 0.9268257478918276 0.4524802691654486 0.9448255959338759
2 0.48915462428692535 0.8710965072075875 0.5071851557728451 0.888198033968281 0.46687472158896526 0.9306875788977083 0.44884432404876407 0.9135861894436509
2 0.32338920660799886 0.9773894707123004 0.2821877139897424 0.9468777631649116 0.32699277383710523 0.8863919775382508 0.3681936645654105 0.9169033578121898