4 1.0000000027489477 0.0009754759999157292 0.999371335387309 0.24971943352244677 0.6107148726083551 0.24873469210638505 0.6113454586209173 -0.000007356704370309083
4 0.13640580223989218 0.6116534884660494 -0.1385639032225754 0.5245363159984121 0.054246323760821724 -0.08398872360208504 0.3292035152350081 0.0031263555147387303
4 0 0.720703125 0.046875 0.720703125 0.046875 0.892578125 0 0.892578125
4 0 0.9990234374999476 0.000001715978214633651 0.8925781078842775 0.07226623518408815 0.8925793889620325 0.07226562499897682 0.9990236173967895
4 0.5506835154938017 0.39473646106617616 0.24036877672506307 0.3530527828847202 0.2929262364433498 -0.03817915379478185 0.6032338931838694 0.0035040198975007228
4 0.3525443709784213 0.45822123259050973 0.37809632582059294 0.46266472198249964 0.36813363087310336 0.5199503641620187 0.34258168098665465 0.5155068940500165
4 0.49724733204971017 0.3544985357093735 0.49088187244979054 0.4945692698285911 0.2860479838377614 0.485259173016985 0.29241518143521716 0.3451903297560318
4 0.6036993544222469 0.19542850909429052 0.5858600688754905 0.17362511203026354 0.6220219603882242 0.14403814449694 0.6398612315414312 0.16584151560576696
4 0.6029973495799368 0.091692452637972 0.6299621043717707 0.10196468919350306 0.6070970137967606 0.16198557225378427 0.5801322656642469 0.1517133482609086
4 0.5879477414098346 0.19909493734673603 0.614577025372796 0.21138517046404554 0.5755049479289482 0.29604122917053 0.5488756905514265 0.28375103904081656
4 0.7310237814335778 0.5848830259148664 0.27628798494720286 0.6498410676043768 0.2380947906946176 0.38241787221849305 0.6928120106041433 0.31746120739900335
4 0.502620285267767 0.6317158520407703 0.5161098342199466 0.7968746208315728 0.2867273768688392 0.8156016709316128 0.2732423445945642 0.6504471405202495
4 0.5960839724932612 0.6164505629336048 0.7416940408356822 0.5793917799405874 0.7809006726630514 0.7334214953930444 0.6352908200685761 0.770479672784844
4 0.7477423134537275 0.7835449985737334 0.7435091047111655 0.49964113746409894 0.9999812912503785 0.4958174213411001 1.0042213322634552 0.7797144163929479
4 0.24788253366455137 0.8762850903873624 0.3022221305431003 0.8708525969853126 0.3150139306538904 0.9987721166200683 0.2606743482396041 1.0042045103482964
4 0.0771147607280227 0.6048961068588549 0.14661237260372673 0.600808530932015 0.1538726187438897 0.7242325416693037 0.08437501193907337 0.7283200663260826
4 0.18509710186890516 0.5764733519277547 0.12965651285162494 0.613430197201557 0.09480091998614171 0.5611466170141385 0.15024106586713515 0.5241899740998267
4 0.038010734399790636 0.7261858486938851 0.11726322897902719 0.7103384145893334 0.16165958596013752 0.9323195963839248 0.0824072250043173 0.9481665749544358
4 0.0982384419577329 0.9186074062646801 0.16049345864519182 0.8869428246732268 0.2081332081762639 0.980581682569308 0.14587850934367452 1.0122457858353697
4 0.9858566361567682 0.30344625025232325 0.9921422293294881 0.3851446490901897 0.7246438055243516 0.4057216439428556 0.7183594718871973 0.32402440971812424
4 0.8924095089214461 0.24433383498169636 0.9002821479680279 0.3091270427330743 0.7789712546313012 0.3238660400368673 0.7710989986312597 0.2590731933776604
2 0.1871075801520874 -0.014707569273626951 0.2156034975403145 0.005345110947730956 0.18445205003081355 0.0496129555343248 0.15595613521236373 0.029560278439145073
2 0.09476561855706223 0.08371092497050564 0.10136723627942956 0.037499958033873314 0.18585937697582722 0.049570328728092215 0.17925780421387572 0.09578125529118212
2 0.10129207806448903 0.1093900092274308 0.07468449226007579 0.10213341366773027 0.08194111164630158 0.07552585297684447 0.1085486779106759 0.08278244572144779
2 0.08161763867360605 0.07138098489698681 0.09375 0.07910156249999721 0.08554687882087819 0.09199218086282714 0.07341451863658222 0.08427160472620486
2 0.13909484598354993 0.06432872172247725 0.11610518802694969 0.05178891467338007 0.13469098426503479 0.017714969895146603 0.1576806330343743 0.030254773791952214
2 0.11933593622779881 0.008398437605026515 0.13496093752837623 0.01621093641111784 0.12128906283885499 0.04355468614478659 0.10566406210762125 0.03574218829352105
2 0.29560780972303746 0.0649199789432472 0.33239329455375355 0.08189782742850685 0.2981516804812827 0.15608801565544922 0.2613662101811087 0.1391101904381453
2 0.33779636665326507 0.08549180546294825 0.29674350632126334 0.054965323919098044 0.3603143651941991 -0.03052646030850144 0.4013671875 1.5617020447654845e-14
2 0.14623581088642368 0.4556403572916946 0.1057771360484594 0.43501512562744404 0.1858627482498605 0.2779261435193144 0.2263207522976245 0.2985511680844578
2 0.23281770511255218 0.2993824317693754 0.31136510596786593 0.31247315396378156 0.2925200685956497 0.4255435418532672 0.21397268622069987 0.41245290166625675
2 0.32484795176162606 0.37071925765234637 0.3048779668795305 0.3915761099275612 0.25835039354387845 0.3470286536495325 0.2783203125 0.326171874999998
2 0.19778617282838695 0.3716910494332418 0.22047688308066427 0.3387546294584762 0.28002279315421674 0.3797755630678048 0.2573322362468389 0.41271184598855926
2 0.2726191733943324 0.4443094423499001 0.29030380944550416 0.4195526859311671 0.35164189123497636 0.4633659635455143 0.333957398518578 0.4881225910547873
2 0.19786503196257854 0.5409392903677814 0.2236328125 0.5078124999999912 0.2646034825397692 0.5396789138639999 0.23883585562623466 0.5728055629345473
2 0.1551170648368725 0.7489049053702641 0.25957072355549826 0.7339859651549576 0.27546907030148304 0.845276211354466 0.1710154572938336 0.8601949470136677
2 0.2377094145878118 0.7015725485858628 0.24320255671375435 0.7334249211687387 0.1511124829568189 0.7493031598691503 0.14561971199555046 0.7174511151138097
2 0.07143928405696442 0.6999698385118551 0.09209747175657412 0.6958388439491677 0.09758119829996303 0.7232575664293661 0.07692301429960935 0.727388548462527
2 0.07549806842098405 0.6197538965835278 0.07883019776181754 0.6350793469925974 0.024340412615970308 0.6469251258261817 0.02100837790442256 0.6315997577654044
2 0.06908538908874107 0.6915531601517655 0.06807415428386321 0.6763861831239248 0.09140792734922343 0.674830647306765 0.09241919634837359 0.6899975874811166
2 0.16454851963874262 0.9011875808365699 0.16145992035819745 0.8816296365027223 0.23317121541776942 0.870307401462727 0.23625996888495138 0.8898651543615805
2 0.3264846204847345 0.9738676205395432 0.3037889306165198 0.9771089782025483 0.29593755526445875 0.9221483570862538 0.3186328865330097 0.9189070254330245
2 0.3374065723438662 0.9113984146203173 0.32788893879478564 0.859062759829132 0.36157593123050447 0.8529380242325383 0.37109375 0.905273437499965
2 0.3456753121299698 0.9167604103568384 0.37278508053293535 0.9135081295739184 0.37901414518398724 0.9654174028561551 0.35190438111840194 0.9686696592224082
2 0.35770816555748297 1.00008526172066 0.3572310096272986 0.9852945555282822 0.3903995884639926 0.9842247874105435 0.3908768160663385 0.9990154194989266
2 0.4725373820937193 0.823050146343135 0.47897548591254235 0.8600592721188858 0.41765103442628515 0.8707245324247133 0.4112132664577075 0.8337157042541131
2 0.47740960344253836 0.8309524176922242 0.5092943163164136 0.8271270869615204 0.5125752091720415 0.854467975287735 0.48069049868843194 0.8582932924981793
2 0.48182941063589624 0.9088698688560161 0.47984904466022726 0.8752087725710362 0.5296534144680436 0.8722793186589662 0.5316339937160137 0.9059401867525945
2 0.45862698282394376 0.898151591596719 0.4628917682558722 0.9365233205450506 0.425591613942629 0.9406677364606298 0.42132704890957484 0.9022962093000181
2 0.4785159538001835 0.9990233849069363 0.4424082998228869 1.004798961009005 0.4336149418735431 0.9498391023917953 0.4697220123682655 0.9440635737629486
2 0.5187833952227265 0.9568492966257938 0.5210269423724867 0.9837620603073672 0.477546081854598 0.9873855031867378 0.47530272123719897 0.9604729132464614
2 0.522111884757237 0.954890707124008 0.4954124611833777 0.9628983833025475 0.4863008170991634 0.9325259375953449 0.513000012315274 0.9245182980518563
2 0.5574160039660683 0.8597267023019222 0.5501382623666586 0.8151550609171586 0.6538386839624764 0.7982258869589236 0.6611168965498564 0.8427969331585039
2 0.6132814417507007 0.9990234227542125 0.5823642570020411 1.001400978761867 0.5794347285245749 0.9633150424775184 0.6103515625 0.9609374999999999
2 0.6115676764068212 0.9391648953384321 0.6136656002078098 0.9622342157009091 0.5786214286390532 0.9654200864836293 0.5765236318542293 0.9423508837276705
2 0.6419918757935648 0.8898448347438003 0.6649640400299859 0.896108405670077 0.6559948505336024 0.9289953991007526 0.6330226979143845 0.9227318577467798
2 0.6473716852841562 0.9372268803363754 0.6747154754152689 0.9352743067418904 0.678532502606231 0.9887129657933246 0.6511887141058423 0.9906655240320266
2 0.7021663477495395 0.8139411578441818 0.7056305345088276 0.8404934865010271 0.6764893185787741 0.8442945343459777 0.6730252408246997 0.8177423044023152
2 0.7597657324211013 0.869140625 0.7011718516907877 0.869140625 0.7011721080907591 0.8369140625 0.7597654960943601 0.8369140625
2 0.8027343694752744 0.7587888692101553 0.8036172968159008 0.7896789903273893 0.766259205903566 0.7907464358647718 0.7653764184884722 0.7598564507528136
2 0.7028813872382216 0.8843718317916568 0.7775618892763987 0.8710988977339621 0.7981756209507012 0.9870526738443687 0.7234951751045173 1.0003253846945512
2 0.9457123305771802 0.8139727773840707 0.9482904764792011 0.8423251549668094 0.9180011898563407 0.845078728559904 0.9154231613259753 0.8167264596375697
2 1.0000002249931867 0.8369140560729298 0.9538879490291947 0.8382312821042955 0.9529115567025883 0.804051595371196 0.9990234375 0.8027343750000014
2 1.000000097501811 0.8896484375 0.9863280957495135 0.8896484375 0.9863281818754785 0.837890625 0.999999998124963 0.837890625
2 0.9333215502471148 0.9159510775208957 0.9981270418542181 0.9100612704301492 1.0027697241239366 0.9611311801310145 0.9379642387093554 0.9670209439823693
2 0.8257209224312874 0.9420810872308397 0.8764276236591968 0.9319425955421513 0.8836391197619378 0.968000345702192 0.8329324345069153 0.9781387831445183
2 0.802734375 0.93359375 0.828125 0.93359375 0.828125 0.962890625 0.802734375 0.962890625
2 0.9261023676162949 0.2911360356059067 0.8982448263749347 0.2940683451483078 0.8932416650521873 0.24653787518007858 0.9210990976386029 0.24360557142220873
2 0.9748334307942059 0.25148881470191753 0.9790440355100145 0.297803537682734 0.9279745176664846 0.3024462059105737 0.9237640216074396 0.2561315847263177
2 0.7471655838801325 0.4207792949308594 0.7613138435725659 0.4192073575157732 0.7644578933112598 0.44750385473783955 0.7503096341069977 0.44907578919232477
2 0.7611468898719522 0.421612936864893 0.7647676208586063 0.4541968164833456 0.7351848858987751 0.4574837988663314 0.7315642259837887 0.42489998429715653
2 0.8240682314491323 0.4260066110085521 0.8282752497901811 0.44704025880597725 0.79747599653615 0.4532001152280463 0.7932690287127571 0.4321665117433653
2 0.8576998224062891 0.44134795907830976 0.8325446928754445 0.4437821941916253 0.829337167074641 0.4106373547590644 0.8544921875 0.40820312500000006
2 0.9231639641432139 0.39867160112186356 0.9276565754320245 0.4301170118880294 0.8582031736528961 0.4400390630314255 0.8537107190667257 0.4085937929193288
2 0.8331989599860208 0.44372816176797536 0.8256908203661624 0.3848449430395295 0.987773021196972 0.3641785213671026 0.9952816622133014 0.42306114483547697
2 0.8302513429468945 0.3990969384836381 0.82823755918389 0.38007723468386634 0.9307191229361251 0.36922680242491934 0.9327330075469717 0.3882463929820812
2 0.8028477203542934 0.3214887100609521 0.7800899791712936 0.322686453512391 0.7778131783890103 0.27942635906993785 0.8005708280493309 0.27822861805757637
2 0.7417505343021276 0.4765790651493319 0.7840603799371593 0.4702330746346401 0.791015625 0.516601562500002 0.748705784589788 0.5229475305207354
6 0.0940869707200136 0.9989564267528809 0.07110188838566955 1.0035272884872997 -0.01408110749230218 0.5752601705426293 0.008901710259692663 0.5706895361053457
6 0.23478161353466476 0.6789493690926756 0.17546665191594002 0.6568192129259646 0.22732270414246614 0.5178491707213838 0.2866361912757611 0.539979019337989
6 0.7398167217515947 0.5837215868954198 0.7405846568624384 0.5967739383577904 0.6919249053282783 0.5996363860093742 0.6911570306124304 0.5865840917742616
6 0.5650542054223706 0.6250749245228656 0.5613730611789833 0.6066703339542728 0.6612828077579707 0.586688940576067 0.6649640811922382 0.6050933601287669
6 0.32621562526094294 0.6590864274499257 0.32299062438755755 0.6371566312117969 0.5320494957292112 0.6064142459103508 0.5352748633719102 0.6283435953028399
6 0.31249999978012966 0.07324218376138332 0.3128973627542564 0.07999730566616792 0.2911435888985352 0.08127694251854792 0.2907462277509012 0.07452182234228237
6 0.3299632264391903 0.0893267552549525 0.34335938098649876 0.09785155226837212 0.32663143773049796 0.12413831484770346 0.31323528650023036 0.11561352213923215
6 0.40783833193131613 -0.0029068934117285816 0.41746336820006036 0.005585781995364864 0.36622233939965554 0.06365895454588048 0.3565973060373153 0.055166282154988325
6 0.2578125 0.17480468750003209 0.30605491599419565 0.13398461449383609 0.32753924915141397 0.15937528250871127 0.2792968637030526 0.20019532205883026
6 0.2304687540180339 0.31347648832769165 0.2124998620754468 0.30449221555149153 0.2619141310233317 0.20566418208916223 0.2798828877288315 0.21464841388203956
5 0.9999999947466449 0.21777335170052503 1.000739147731565 0.22984549464300344 0.9497901182081705 0.23296489234529316 0.9490509875424777 0.22089277039829103
5 0.8055770621391503 0.7142341443576268 0.812390223919806 0.6993717269200483 0.8727827066428517 0.7270521327064808 0.8659696724560035 0.7419144416745687
5 0.7488209717397467 0.5398182141757248 0.7328272460623566 0.5443874932295676 0.7154702111316738 0.48363788539140745 0.7314637893714462 0.47906862864178806
5 0.7249048217396421 0.44635648831444746 0.42472482475966444 0.1999840869472796 0.5963078244958524 -0.009065351769530034 0.8964843750003411 0.23730468750000838
5 0.9330420231481185 0.38638406945877424 0.934754356855251 0.40863867910154017 0.7250575399525587 0.42477093166712976 0.7233455144782965 0.4025166068360113
5 0.753001345129519 0.6630518031390865 0.821180489778726 0.6093711034222109 0.9673939501948325 0.7950475660240192 0.8992161201695126 0.8487268303844366
5 0.9995948395888945 0.8899096432679103 1.0016440586595081 0.908345493957772 0.921684970829574 0.9172304689540662 0.9196359746899816 0.898794821822533
5 0.9851447475256236 0.7918993039611136 0.9872340806938382 0.8093051500571079 0.901823450691154 0.8195548111839603 0.8997343190253559 0.8021491470567368
5 0.25764298848037015 0.8749599089442128 0.25913284708553874 0.8323961928199273 0.41714180642463816 0.8379244105400488 0.41565285447950373 0.8804872541746025
5 0.5613273967220493 0.955344749079537 0.5426390623874795 0.9581756022366988 0.5284378658719788 0.8644468721062388 0.5471257171544721 0.8616160561845599
5 0.4165019269496497 0.8799489338146818 0.415346867086555 0.8612356889217692 0.5307442973559091 0.8541137465999405 0.5318996238100908 0.8728267059863954
5 0.4257818021545745 0.9990233497978331 0.41036287839779106 1.0014724332945593 0.3937612291157393 0.8969802956741343 0.4091796875 0.8945312499999972
5 0.5465085817538693 0.8826800986755381 0.5475673113293169 0.8407370995439133 0.669993868945312 0.8438257279940085 0.6689358302769506 0.8857680627345482
5 0.680470754192811 0.9888670083819984 0.672148250481996 0.9306249623987473 0.6967576739385777 0.9271094085369087 0.705080352315349 0.9853512443021479
5 0.7846792698884428 0.8177497692568939 0.8867982408089574 0.8022808345110313 0.9081873910622562 0.9434507599803326 0.8060684852756594 0.9589193990206363
5 0.816712138623302 0.7990271193765339 0.8146004064152521 0.7504605849905213 0.8555384402934578 0.7486809159346453 0.8576503967518647 0.7972472140799539
5 0.77734375 0.8125 0.7890625 0.8125 0.7890625 0.8779296875 0.77734375 0.8779296875
5 0.8701171875 0.7382812499999951 0.8849105818129601 0.7344975695349402 0.8981828029900498 0.7863801477380667 0.8833894174396164 0.7901638046617826
5 1.0176943500804327 0.9141750174982237 0.9338680417390606 1.0028661274310933 0.8097302154613999 0.8855640141853894 0.8935546875 0.7968749999999883
5 0.7689536576352793 0.644261101124144 0.7500227494168712 0.6484018057418356 0.7242208265764702 0.5304498763023879 0.7431513430470886 0.5263092158726622
4 0.5122418963196651 0.9173131330968334 0.491581040489109 0.9575378653385571 0.4445031355693345 0.9333629992921102 0.46516403427085606 0.8931385660621548
4 0.6582373965596844 0.874939128586292 0.6697519309218478 0.9186816557011792 0.5660174169213406 0.9459801172131069 0.5545036382673061 0.9022382387790306
4 0.6162108695399411 0.9560549595765093 0.6485168784912503 0.9614377283738841 0.6421823804951146 0.9994447669309848 0.6098763790866997 0.9940620290200062
4 0.6488382526628129 0.908545453717537 0.6858928515312073 0.8863184814849359 0.7064001742039636 0.920497723946939 0.6693456684670309 0.9427245725304099
4 0.49622645451563585 0.7802457692066898 0.5241673850969164 0.7983216049335207 0.4972332459739164 0.8399469814414231 0.4692924031759276 0.8218712564121626
4 0.6289061462733798 0.7695295529574553 0.6289069807753549 0.8085928614842272 0.5039064170231313 0.8085940791677381 0.5039061682771262 0.7695313488285727
3 0.5091428207462059 0.7751951004694423 0.4982410655310332 0.6247436406294727 0.6267823217285695 0.6154311468250852 0.6376859794289658 0.7658805168280218
3 0.17999236736818602 0.3883663961712118 0.37908323672536426 0.49643646182176826 0.2703507236146834 0.6967289492672598 0.0712613091327512 0.5886609070356148