4 0.22442588723242807 -6.148320104916237e-8 0.22472250441342112 0.06815822673336101 0.00018606309959068312 0.06913521831096643 -0.00011047176712963847 0.0009770432798317358
4 0.43273370668907774 0.0010373852644674584 0.4317492192764121 0.17892831161973669 0.23314401461152556 0.1778286696190857 0.23412897923617493 -0.00006183401618206161
4 0.22966598000573413 0.43151204961617473 0.20142564391414908 0.5504808276122258 -0.0036614349797901014 0.5017990604444852 0.024580095865076146 0.3828320571597445
4 0.30405503350505114 0.43292100026986563 0.33691234348486887 0.37013514274116044 0.522788926682324 0.4674025576831118 0.489932665443348 0.5301875166939722
4 0.5075557311982948 0.45552483020230106 0.5035783202957873 0.65131187920234 0.23576407869086324 0.6458662143881704 0.23974574764008594 0.4500833963889578
4 0.22631005524351622 0.5441596259979036 0.20543996105845963 0.5040084805386519 0.25527791553759016 0.4781053839083765 0.2761480316046345 0.5182563528017384
4 0.8392463316258727 1.0098767403748703 0.7621687131663748 0.9950352197600852 0.8402025419550228 0.5898869749962996 0.9172727979633919 0.6047277773127075
1 0.00553685145905547 0.2743015881119473 -0.08287431751364238 0.21372335412661506 0.059138051386639745 0.006464897689192426 0.14754872362379956 0.06704289693402003
1 0.15238963481078827 0.05316747381439165 0.3473446415048329 0.18000859137142983 0.1660056350715422 0.45872015367154295 -0.028947981403916856 0.3318807295552132
1 0.4052534281985345 0.19431363704146762 0.35941252695988624 0.27535049413111956 0.20080700550295205 0.1856310530923237 0.24664792729868168 0.10459460915692254
1 0.3029022353941855 0.2393488846077123 0.38902152390380706 0.293495719263734 0.26313959888716454 0.4936996944680517 0.1770208702329228 0.43955357206586365
1 0.45241741906716015 0.10911872538498099 0.3800385608756187 0.06691949118134201 0.42456357754338114 -0.009448318373430815 0.4969423525390084 0.03275088435137215
1 0.514613778103012 -1.2473778906232473e-9 0.5149720899258909 0.020298804810161147 0.45964849747667813 0.021275366287384016 0.45929018749995976 0.0009765624999532776
1 0.34987084958049763 0.37133851559446684 0.3874947070092958 0.29493208213384686 0.447437135893324 0.3244478353713232 0.4098135957676732 0.40085399816785194
1 0.4593238737336378 0.43194249459681483 0.4096125732673954 0.4030983766303282 0.4534206168534638 0.32760133939242836 0.503131523437446 0.3564453124999746
1 0.482618895494511 0.2394455597282671 0.43438777564654174 0.31751204511605363 0.3657147900963764 0.2750851048443266 0.41394588948605815 0.1970188654449511
1 0.39414867146888355 0.18231229873064228 0.43188998353537045 0.10835420750909164 0.5235233628700371 0.15511500544009854 0.48578227822906683 0.2290729022345024
1 0.5324793572735871 0.1548814778117091 0.5758071568316154 0.1777201588303691 0.4907212284706475 0.33913574373799843 0.4473935342000459 0.3162972197752252
1 0.5804088702263925 0.1743041909544325 0.6157423340655441 0.19219371043830938 0.5316544759145927 0.3582716856573674 0.4963211028738215 0.3403823004751425
1 0.670496961138042 -0.0040321589807923155 0.7070543987000519 0.014528877018623801 0.6193432334069939 0.18728255669114083 0.5827858298296178 0.16872157128159565
1 0.6135620880953638 -0.019970969680064305 0.6583557157206315 0.0018870861046417144 0.5771841903683708 0.1682312540248227 0.5323905890409151 0.1463732461803416
1 0.5080703049551403 0.03022225725426334 0.5431419919132168 -0.029480627511939427 0.5991709516569017 0.003432867645481454 0.5640992817050119 0.06313573649930362
1 0.5047082258803357 0.03686504032126205 0.567185018901796 0.07303800496947137 0.5225026622183577 0.15021171709439796 0.460025902569555 0.11403879825087321
1 0.6413316606660828 0.20629091783395398 0.7398365346940636 -0.02631961196814562 1.029751851998185 0.09645198382386208 0.9312489341466517 0.3290608579260612
1 0.9449011995883438 0.4312715990462012 0.8505889343067565 0.4120702572348543 0.8980736658949127 0.17885162062215063 0.9923836776770258 0.1980527107360003
1 0.5941981214667749 0.28877284163182015 0.6314918984641054 0.20397739751445787 0.7956087332479456 0.27615568206259006 0.7583157237444311 0.36095047527513424
1 0.7997308521735249 0.27637541711004204 0.8769769208453226 0.3079002907730094 0.8413073268034168 0.39529924613124157 0.7640613451405898 0.3637745248226635
1 0.7711032541088798 0.3725213994976934 0.7257082308306053 0.46799880197041893 0.533830733816103 0.37677282336757717 0.5792259844160981 0.28129664153658773
1 0.7618266668343949 0.3715289323869611 0.8494955857610194 0.39618766909344405 0.817528114256902 0.5098346008506246 0.7298592687625387 0.4851760597800592
1 0.7467772862923994 0.48209776528017206 0.7090985500555007 0.5598996602525637 0.48987067248719995 0.4537345917935589 0.5275497035532908 0.3759340211376871
1 0.71198159932203 0.5668898858299548 0.7359081421874407 0.4882812500000516 0.8402094768138113 0.5200253935887639 0.8162837750955987 0.5986333050082722
1 0.7261743414558168 0.570637477955541 0.6950637791744612 0.6371430225721364 0.4869306161717759 0.5397875024625718 0.5180415033812551 0.4732832254355198
1 0.7012784019487981 0.6372389598164512 0.7171729990950553 0.5726900018409619 0.8300898350398711 0.6004915560839243 0.8141960607414376 0.6650397993899763
1 0.713558413755095 0.6481285248454423 0.6860271562181879 0.704579451109009 0.4589504486148144 0.5938442530004571 0.4864819660332387 0.537394692688351
1 0.8279783005149284 0.6737181577566318 0.8079216867444075 0.7491436144994421 0.6871368549045656 0.7170289779719965 0.7071940976968563 0.6416045237958973
1 0.7180482301602069 0.7191735578692888 0.6494537066928388 0.8658057789227003 0.3455023582288277 0.7236332233556454 0.4140981785302529 0.5770063899758922
1 0.4267149249112663 0.8055619875566091 0.45333222201077206 0.748674348584276 0.6635977810952909 0.8470346482130408 0.636982442158228 0.9039206186177166
1 0.650329428298619 0.8335315862620772 0.7025306275662615 0.7098365314779822 0.8200783242389207 0.7594345448880194 0.7678793780743263 0.8831276908926614
1 0.7778590671135817 0.8799722996538919 0.7608860328036826 0.9384207256858823 0.6434837878508688 0.9043347398746171 0.6604573955215756 0.8458872762475879
1 -0.000027071923454968783 0.9990232841996171 0.000011180381875419698 0.5410152066098431 0.44468596092349344 0.5410531975001242 0.4446715934759595 0.999037225031241
1 0.5015283126211898 0.9466655344835638 0.5305151496266944 0.8692309718299525 0.6462478292298783 0.9125429293747584 0.6172625873791731 0.9899761414115754
1 0.6169102296869369 1.0000000355212781 0.616911359671235 0.9199214994563121 0.7620039102496321 0.919922982325292 0.7620044800440837 0.999999812059853
1 0.426899398192063 0.8156731715974849 0.5367918594769208 0.8643664253769678 0.5018723094890447 0.9431550930846381 0.3919801842027937 0.8944624009646733
1 0.6171783087460199 0.9899406345516498 0.5876812572386143 1.0687479191826086 0.3844969758440584 0.9927141694798608 0.4139952098930735 0.9139092982590195
2 0.26351577003026705 0.5665279739147373 0.28988291491634754 0.5317164762795876 0.3281977705199779 0.5607344589541997 0.3018307837762677 0.5955458125171171
6 -0.007725052463570137 0.3738795448399025 0.0010667963435935235 0.3562605609714179 0.17814800542078046 0.44461872473146546 0.16935641009183655 0.462237492001125
6 0.28086520548720273 0.4315670705505937 0.29340695609425893 0.44387763930310675 0.23840662902978238 0.49990704421068644 0.22586494624772513 0.4875965439604811