4 0.91796875 0 1 0 1 0.123046875 0.91796875 0.123046875
4 0.18198049935995186 0.45640740011412034 0.11956151268839221 0.26602949029168876 0.36854015214180436 0.18439947447230592 0.4309603885631077 0.37477488660039754
4 0.5291264114846399 0.34600795177744903 0.3717106211297505 0.3157361878794922 0.41011950206609527 0.11601630764035248 0.5675330513984136 0.14628784740337292
4 0.3624924857252836 0.40069967236949194 0.42717016902713567 0.32426667893963623 0.4949363820214785 0.3816082068793001 0.4302591298998095 0.45804079528406233
4 0.6009149225889132 0.30416057653284245 0.6128318679683389 0.3557977964473101 0.49358117640747423 0.38331719181555995 0.4816646118617882 0.3316803020571793
4 0.38476556649538907 1.0000082763699438 0.38480430216588957 0.15622813674336908 1.0000000149641437 0.15626040357421347 1.000006491992849 0.9999967374505214
4 0.1876890116826644 0.7487570280906896 0.06315530637641587 0.700031400087813 0.16759251010705611 0.43315248967082703 0.29212027799803764 0.4818767905496243
4 0.30839157507978143 0.40773188404371474 0.3356682221643723 0.4186419052182964 0.315328837301422 0.46949038423315365 0.2880522120101432 0.45858040290460306
4 0.36696377273790404 1.0053328621284912 0.1567142965828907 0.9976046730502915 0.16851274109751557 0.6768716169394773 0.3787456542173686 0.6845995101181965
3 0.20422973097311115 0.6803095444001132 0.22348638019946065 0.4223564959410588 0.4015947406378473 0.4356519184575551 0.3823422797953526 0.6936010723442804
3 0.2689443031677001 0.4148424295596473 0.3201213140011987 0.5171854684310406 0.05605650093866643 0.6492168494178321 0.004882317185206375 0.5468762085286323
3 0.022747699312958503 0.7286039705288269 0.01946624428649102 0.5940134725092232 0.17314754944857214 0.5902669011572116 0.1764310370582507 0.7248553132709435
3 0.94863618488057 0.1216342259583354 0.8559267296402595 0.15113262730451746 0.8142828552477113 0.020251250300460034 0.90699199857238 -0.009247093744083031
3 0.21439075519026574 -0.00006962605674319963 0.21525364115245793 0.17676555810830877 0.00040512980058338144 0.17781335194639952 -0.0004572025395646051 0.0009787941014541947
5 0.208175795930174 0.22649446935521142 0.21652752435329603 0.24737289183240171 0.002357337174657914 0.3330416360030374 -0.005994150878677829 0.31216341665456415
5 1.0000071498395755 0.1334500468933918 0.9994755308335925 0.15865737502659472 0.7377494904841342 0.15313686566117654 0.73828125 0.1279296875000509
5 0.21598563880775146 0.23710726349576722 0.20417732087469176 0.17855691721889222 0.7088270545190198 0.07677749418469511 0.7206359269113136 0.1353271547747832
2 0.04853743983971981 0.25641581829285653 0.04056390524340259 0.21426933732265832 0.16527052517062657 0.19067676866346814 0.17324419657916224 0.23282306241508996
2 0.27047567419026564 0.19896643635670275 0.2608863111698838 0.17436769783661438 0.33042929742975957 0.1472578553469047 0.3400186803254428 0.1718565464524333
2 0.20856041477395593 0.1952233293898327 0.21249250546327403 0.21960175296911671 0.17890309941731175 0.22501941249277438 0.17497103863649954 0.2006410156040637
2 0.314453125 0.041015625 0.373046875 0.041015625 0.373046875 0.119140625 0.314453125 0.119140625
2 0.3232421874116653 -2.3867143234578442e-12 0.360377223895739 0.0010036494718690986 0.35932367701173007 0.03998488796724743 0.3221886405059422 0.038981238617487105
2 0.22982368927853258 0.05976741324933789 0.2086260018459143 0.07118154682622511 0.18974878199992418 0.036123850013427924 0.21094645897971986 0.024709719914890363
2 0.20605468692792783 0.01464843747595337 0.2060546875 -1.2796762976200868e-14 0.22656250020065727 7.546020055419629e-10 0.22656249998306066 0.014648437858248877
2 0.6074218750001137 0.0009765555133615008 0.6074218814338792 0.02636718094139821 0.4199218714527433 0.026367184488610293 0.4199218749998863 0.0009765624999598111
2 0.6074218745732196 0.025390621511293787 0.607421879557819 0.05566406304992185 0.5800781249859028 0.055664062405612745 0.5800781249399733 0.025390625463635855
2 0.48539051649652265 0.044724599074184565 0.4865424352494756 0.06776271651896475 0.424100880749279 0.07088480396030623 0.42294897533474796 0.04784669968482595
2 0.41992183586717147 0.09863277780187353 0.429296910791777 0.12675779439364 0.3783203297457476 0.14375000039362684 0.3689452879501687 0.11562501215390673
2 0.4260318233873477 0.12018240309113858 0.42093790743933823 0.0961682114651717 0.4737804122912621 0.0849592304410119 0.47887434257393124 0.10897340099677302
2 0.8807897619352616 -0.003590621517972635 0.89073739545438 0.09091132591308178 0.7387414327994293 0.10691083670883475 0.7287939346191479 0.012409033516842959
2 0.017690190856797017 0.37525614142285446 0.015096652416445977 0.34672765843819264 0.05225408188778147 0.34334977917216847 0.05484767261191337 0.37187820395316085
2 0.07996985995146133 0.4510708279718757 0.08144189371148514 0.4922782557795141 0.020902321823996317 0.49444049544698404 0.01943047330939862 0.4532332458584085
2 0.021484375 0.501953125 0.11328125 0.501953125 0.11328125 0.53515625 0.021484375 0.53515625
2 0.6775795991725317 0.21454740682344944 0.6039600081790013 0.2102168800695816 0.6082974423778751 0.1364830312536654 0.6819167489638858 0.140813549729741
2 0.7475273049344651 0.2010133841896493 0.7139777073253981 0.19472289504368845 0.7204783314444967 0.16005308368215385 0.754027865718399 0.16634356674092576
2 0.8125000045454271 0.15917964659112427 0.8064977178544268 0.21320026328280994 0.7777724486495572 0.21000857191660538 0.783774773708501 0.15598799947558373
2 0.7701853611715705 0.2141480344296199 0.804437865609998 0.21651022901683414 0.7997711791222173 0.28417733268477663 0.7655186753868293 0.2818151441574239
2 0.7343750061835408 0.24316400684842518 0.728849065675945 0.2928972860606074 0.6909059809502196 0.28868139968504036 0.696431988471204 0.238948197443636
2 0.9457782558632744 0.2374848951945835 0.94024938767609 0.2817157334529499 0.8962589460742265 0.276216949639943 0.9017878794880971 0.23198618738667343
2 0.9363671678901255 0.15539065509143946 0.9601562397092493 0.1587890541258696 0.950937506461969 0.22332027791203082 0.9271484359372835 0.21992188529163723
2 0.8887935531225821 0.30284669350374555 0.8879730040744107 0.28233260100346297 0.9178470681355293 0.28113768410073514 0.9186676433040475 0.3016517493246031
2 0.5117187447779088 0.26171869694544414 0.5117188120162837 0.2988281205160645 0.4785156385634082 0.29882812675755926 0.47851562374785317 0.26171875521204596
2 0.6416015610880095 0.3046874647024712 0.6421850460413907 0.31927353450893353 0.6177709673642084 0.3202501153800015 0.6171875 0.3056640624999687
2 0.5728648907089564 0.37640074793874934 0.574973136871904 0.41223732490861775 0.5281452487638489 0.4149919338202786 0.5260371092605283 0.3791554580898637
2 0.45720076034331214 0.4669118277476252 0.4558516361413467 0.4115900362374314 0.5191712705295686 0.4100459591388513 0.520520623373045 0.46536751458045117
2 0.0283203125 0.7304687499999996 0.09477761545531393 0.7291658973968572 0.09581272064281166 0.7819565669437706 0.029355417929878058 0.783259411587316
2 0.16182754643079988 0.7782006596910466 0.0932868316862141 0.7676577731156063 0.09911261647027914 0.7297918092640343 0.16765273979308404 0.7403346496252305
2 0.16796876596117727 0.7802733151492982 0.163023464132948 0.8181813697936714 0.13805754671284376 0.814924980784929 0.14300294649046918 0.7770170421623575
2 0.09906899163490834 0.7908748443523294 0.10093185082757827 0.8485901473584394 0.0290557920466199 0.8509089735483983 0.027193467751430944 0.7931941882188488
2 0.1751356894901619 0.9192061058552576 0.1303434901926721 0.915623577271579 0.1351661791504739 0.8553450183625143 0.179957653401857 0.8589275179063166
2 0.08403591256490017 0.9683652986758816 0.03657191874538057 0.9620384667576959 0.04279834788246717 0.9153430625135054 0.09026170776769504 0.9216698515745039
2 0.1503706602273951 0.930113467871394 0.14803775508596573 0.956704881505723 0.08751063655506641 0.951395868417919 0.08984375 0.9248046875000223
2 0.03736647988364439 1.000012617164838 0.036957393731086086 0.9766850237838851 0.09351201203730852 0.9756934160120937 0.09392129319542164 0.9990208106012473
2 0.1464845170208946 1 0.10937491620643414 1 0.10937510613780432 0.966796875 0.1464843381799028 0.966796875
2 0.13733495721896816 0.3484021161992676 0.14800016620813494 0.3969852929691491 0.10087104360786725 0.40733070366641 0.09020598958215942 0.35874766163266825
4 0.09824622387327508 0.4258615427790612 0.12072149175310187 0.3850001625057036 0.19187338687072497 0.4241342357005098 0.16939836939388897 0.4649953998915288
4 0.13321404247847113 0.4437051419815385 0.17603312308949626 0.46398648753651156 0.15881313321631296 0.5003397720795343 0.11599408998893068 0.48005848526980444
4 0.13490060717901997 0.3217848663452597 0.1418870694267298 0.34740082719471843 0.10271945267129468 0.3580829010711678 0.09573305323533532 0.33246699412624797
4 0.03915144644508928 0.41743130425952996 0.07833410515945616 0.3867685553839324 0.12560749622434741 0.447174033877792 0.08642497663436188 0.4778366267152939
4 0.236328125 0.04589843750003341 0.24598656943214792 -0.004149689288780696 0.3137744702063401 0.008932227667605227 0.3041160419967355 0.05898034094844924
4 0.22600857865108992 0.04742250193182203 0.26186924914463816 0.03173348482717637 0.2832287411389416 0.08055521962491671 0.24736807565011532 0.09624422851047408
4 0.0010161120681004832 0.2003314117652744 -0.0008831699931306503 0.17817273160741548 0.10902362835713575 0.16875229715261164 0.11092297252685057 0.1909109063121038
4 0.23829992354546903 0.14126530015320563 0.24266005175400096 0.16403428874666567 0.1365124152748649 0.18436061467370793 0.13215235680672777 0.16159168777456584
4 -0.00007512096112805011 0.23670371910188842 0.0064152666093377775 0.2358924356671473 0.008443511358677824 0.25211840469828306 0.0019531238824583852 0.25292968763968926
4 0.046889866594483465 0.2550029537424818 0.05132213670628971 0.2904597302702343 0.0026442702369422477 0.2965444710843177 -0.0017879194965644274 0.26108776750605517
4 0.24480511738306632 0.1972958246271694 0.23760667657779777 0.21601157890715034 0.21902176881962987 0.20886354427604167 0.22622021435677198 0.1901478015048781
4 0.4679227945414368 0.09002756562651167 0.49749541246569606 0.08345589635547127 0.5051930161574774 0.1180951365093674 0.47562039938577527 0.12466680209751343
4 0.6124812277565752 0.05380532886019521 0.6258525915421842 0.09793054740301954 0.5170032081442741 0.13091521689773014 0.5036319269282785 0.08679006863941206
4 0.4366192543844818 0.12512685479560848 0.4395334467125167 0.14086326132764118 0.37693760578486035 0.15245513532175886 0.3740234375001137 0.13671875000003206
4 0.3421724735861744 0.13762017184690906 0.373347362679624 0.1313852393064628 0.3796574548969147 0.16293572857830196 0.34848256711018166 0.16917065652864213
4 0.560546875 0.134765625 0.60546875 0.134765625 0.60546875 0.212890625 0.560546875 0.212890625
4 0.570312584961016 0.2568358705295101 0.5498045837165364 0.23632821506970506 0.5751952964242264 0.2109375156000325 0.5957032716630692 0.23144514511193368
4 0.7421874924260692 0.13476560729059156 0.7421875128378588 0.1630859367187225 0.697265619437303 0.16308593778008934 0.6972656279771172 0.13476563812346387
4 0.7762511933146925 0.22283994014437866 0.7449237932871711 0.21970723366985304 0.7522335854939683 0.14661009308907688 0.7835608578774327 0.1497427931596491
5 0.732985171995324 0.001022560923148275 0.731796329545432 0.1163454393092141 0.6300029394380999 0.1152959747807003 0.6311918924886868 -0.000026771915966258203
5 0.0009765148863607465 0.535156249899782 0.028295472566583157 0.5352137513813153 0.027318957671695898 0.9990809358107817 0 0.9990234375