7 0.7421835875803708 -0.000018620180350929694 0.7429451169192589 0.5697184444357836 0.00013805446712922276 0.5706903321000452 -0.0006036803409870117 0.0009773799022285594
5 0.8153788658028134 -0.0058728213503808115 0.9436891150555766 0.12162535966902883 0.3128833190754676 0.756413036158618 0.1845795260454679 0.6289215791298686
4 -0.025639884295173943 0.549866756460361 0.0020716282945159037 0.46536233854775555 0.344226835645145 0.5775503076003221 0.31651833894511583 0.6620522016005126
4 0.7453099494306343 0.1177001335218874 0.7001507821014457 0.093932158433877 0.7609053389627434 -0.021501308526706814 0.8060644310718317 0.002266641899191374
4 0.6392093599630471 0.30870255764445625 0.6490738202851389 0.31770893407977857 0.6250988199265066 0.3439672979990789 0.615234375 0.33496093750003025
4 0.6380128035393682 0.3033594315855293 0.6556657413327684 0.27026125593552386 0.6901833670449378 0.2886707942108235 0.6725304975440167 0.32176891110178807
4 0.6173569246670922 0.33900436724253347 0.655152026566725 0.3783092855574004 0.5846786006246703 0.4460721729968626 0.546883729413139 0.40676748311839617
4 0.3785155674473799 0.6010650245679354 0.34216244395599915 0.5519313409085628 0.49899774286836873 0.43590140897370094 0.5353505709722413 0.4850343229966417
4 0.8444713781636892 -0.06270250421304772 1.1185927427655997 0.048509735878823734 0.9037706510357566 0.5780022858511 0.6296500026077183 0.46679252773041363
4 0.6451784382741153 0.41910482765800405 0.7694716645349899 0.5707975264604734 0.552629626367775 0.7484493476470246 0.4283403227701683 0.5967603460016738
4 0.7659133116667363 0.45325090696262027 0.8087737996208944 0.4829213485358988 0.7717191596294697 0.5364445856010261 0.7288587906379007 0.5067742890875926
4 0.596344492101025 0.6390579511855241 0.5744377036169226 0.46263749834808127 0.7665305518871719 0.43878682693282917 0.788439744623247 0.6152043890768122
4 0.5971693970154774 0.8158465072132105 0.5986113636870414 0.75676357800431 0.6964947664819192 0.7591518525767555 0.6950535104087976 0.8182340865936868
4 0.5885457603453688 1.0005134287025348 0.587368131727203 0.7100379036331613 0.9994882474421729 0.7083639810592128 1.000681337473111 0.9988240265419762
4 0.7845469905868185 0.6129197526265412 0.828077429885866 0.5316757089456633 1.025305962787911 0.6373385995545209 0.9817775731265783 0.7185808815079929
4 0.9369757685701643 0.7245996893180515 0.874077280401707 0.760727640126049 0.8324183968228454 0.6882100208001523 0.8953159902306425 0.6520823947307357
7 0.6306094300305176 0.781508382915106 0.5755926493268362 0.6645271664855867 0.8630006914405612 0.5293748442358592 0.918018198790719 0.6463521539927088
3 1.0000046393568027 0.6562500000000002 0.7890601928478418 0.6562499999999999 0.7890655815032233 0.33007812499999994 0.9999997818529209 0.33007812499999994
4 0.36703861373007385 0.6711314802078104 0.32365804415883304 0.8533318111568577 0.027214023922397246 0.7827555515351621 0.07059876227583572 0.6005615499718574
4 0.4806890498857683 0.6665524579605148 0.3871558653079319 0.7265024377835215 0.33177642108148575 0.6401102390511386 0.42530818719797026 0.5801608667018011
4 0.035546246307944784 0.9062228587994803 -0.00607857763748143 0.869809148720026 0.04431316785257877 0.8122194684967106 0.0859375 0.8486328125000241
4 0.000977021279368273 0.8827695908895181 0.13770072895647445 0.8842716403243054 0.13641736412091632 1.0010587960920025 -0.0003063427727738599 0.999556771946149
4 0.1428059727714981 1.0044417453951882 0.13844876840562392 0.7907176679433731 0.4059102352265427 0.7852647826472463 0.41027506598675245 0.9989811339790082
4 0.58203125 0.9990234375000516 0.5820327363649085 0.933592869303634 0.6855473654230764 0.9335949532064971 0.6855468749920419 0.9990245246178735
4 0.5996131248922438 1 0.3007780804646245 1 0.30078987561898884 0.7128906250000003 0.599601989129269 0.7128906250000004
4 0.09367851248407533 0.9178481926629249 0.13312708445130284 0.8731516860813543 0.18137993813911635 0.9157285022387575 0.1419317871362864 0.9604246074301799
5 0.3914488164245995 0.5928471959644451 0.38408454595992225 0.6620254425758691 -0.006071175868441969 0.6204885732646959 0.0012952900278833113 0.5513128507001412
6 0.705088304540368 0.9990173675015527 0.5999041941623773 1.0617374728733069 0.3612712730782732 0.6616125867483567 0.4664465878914825 0.5988957279207552
2 0.36583962543920734 0.7674005824483751 0.3448113933585546 0.727261902119272 0.3953885908721304 0.7007693977055692 0.4164168540163473 0.7409078225162138
2 0.46422381684237735 0.7258383089230276 0.4454032038896685 0.7038842507233871 0.46309642796893513 0.6887186946917412 0.4819170047021544 0.7106726976466805
2 0.34270620803408747 0.7238011448003475 0.3305818322290861 0.6955151190006716 0.3520327587426664 0.6863219123376683 0.3641571573754163 0.7146078671559639
2 0.021842690593302905 0.5857809839537432 0.08016852068726621 0.6086013529934641 0.03579062317055559 0.7220109867632442 -0.022535054465151916 0.6991908930269072
2 0.04757231931671413 0.7379773226865881 0.028497113181856548 0.7288557579862657 0.05417957419388131 0.6751565669238222 0.07325457468891727 0.6842780738130207
2 0 0.75390625 0.05078125 0.75390625 0.05078125 0.837890625 0 0.837890625
2 0.0009765519283746471 0.7304687498887406 0.05345840310019412 0.7310210846072202 0.05234033207034372 0.8372387956847771 -0.00014151903417314315 0.836686468006213
2 0.04950863802980621 0.8595049171770732 0.12853329248787304 0.8235930388465824 0.1526789104098043 0.8767141352809638 0.07365442269190225 0.912625737609682