2 0.43962975331476173 0.8974453202551773 0.3957796985647519 0.9014307973084981 0.38950440741336934 0.8323993780815543 0.43335366443398016 0.8284139375642288
2 0.43783709002775595 0.8849384678405464 0.43336850849675557 0.817918478943073 0.4762764320610131 0.8150582980061505 0.4807453598619986 0.8820779114854155
2 0.5449222001294629 0.8955078124999999 0.509765225274009 0.8955078124999999 0.509765669968715 0.8085937499999998 0.544921855647317 0.8085937499999998
2 0.548828125 0.8896484374999856 0.5488287010135764 0.8281247990323464 0.595703324308829 0.8281252600747555 0.5957031249997726 0.8896485229407184
2 0.55078125 0.8916015624999988 0.5937456185306473 0.8895561661583429 0.5958356918400796 0.9334479667031526 0.552871324187322 0.9354933505231081
2 0.5976562442207296 0.809570075671443 0.5981163184833349 0.8284233226591788 0.5550777787636889 0.8294731943149857 0.5546178081366406 0.8106200483891978
2 0.822265625 0.767578125 0.908203125 0.767578125 0.908203125 0.9990234375 0.822265625 0.9990234375
2 0.8985092178211289 0.9571009519375133 0.89744490856026 0.8836044850347715 0.977929959905623 0.8824392451069981 0.9789950863157628 0.9559348818512944
2 0.9372191158662417 0.4896426337475078 0.9863941252419863 0.4808360515850596 1.011326221255331 0.6200419606518407 0.9621512392776594 0.6288484373604475
2 0.10402270657334611 0.2513090545382911 0.00035310149428369186 0.2636971462463483 -0.018707647844507846 0.10418490020298973 0.0849609375 0.09179687499999506
2 0.008932229859738072 0.42724264690753994 -0.0029208677176484343 0.3187343743692998 0.15964419895226456 0.3009768730613597 0.17149816276923957 0.40948412434823955
4 -0.0001246674810317927 0.8204984314948597 0.39203131593694707 0.818093196109015 0.39314104640516234 0.9989840481834583 0.000985057020216118 1.0013892238516895
4 0.724609375 0.779296875 0.83203125 0.779296875 0.83203125 0.9990234375 0.724609375 0.9990234375
4 0.9707127428629292 0.7408684755614517 0.9823318724692172 0.7943045412841621 0.8907853168576594 0.8142059577909025 0.8791668678544511 0.7607704852366987
4 0.9453125 0.7421875 0.974609375 0.7421875 0.974609375 0.76953125 0.9453125 0.76953125
4 1.0000002658915719 0.8447265625000001 0.9667967787779617 0.8447265625000001 0.9667973507582701 0.7402343750000001 0.9999999923301175 0.7402343750000001
4 1.0000005416804925 0.9052734375000002 0.9492184300079316 0.9052734374999999 0.9492188548240392 0.8300781250000001 0.9999999623836402 0.8300781250000001
4 0.97265625 0.908203125 1 0.908203125 1 0.9853515625 0.97265625 0.9853515625
4 0.9919882651190619 0.9587123288037305 0.9925223055757897 0.9987057520008148 0.8955078125 0.9999999999999604 0.8949743583675627 0.9600071598726434
4 0.0009767623049583563 0.5780894948580028 0.09058048002509622 0.5786324710390657 0.08952796243283956 0.7523003510665998 -0.00007575517076929827 0.7517573844527957
4 -0.043199950102803086 0.5080515258779617 0.08309311210337 0.3160698526082734 0.48161008609429246 0.5782078235876785 0.3553255109842439 0.7701818774453701
4 0.10309740136619894 0.7927321288670276 0.10404413802496038 0.7247359997867722 0.3325960162193269 0.7279152218578555 0.3316511059226741 0.79590956707699
4 0.404296875 0.591796875 0.44140625 0.591796875 0.44140625 0.62890625 0.404296875 0.62890625
4 0.41772715061551935 0.6546999784913575 0.45465148348216644 0.6205155558925998 0.49511308164574075 0.6642146338072735 0.45818894789874776 0.6983988511044776
4 0.43499131892542664 0.7798775334434863 0.4331781559318415 0.7018399091892383 0.821593627207676 0.6928105441241088 0.823410108126609 0.7708447252734586
4 0.2654064292221392 0.43043752520638356 0.217624876917057 0.43912465867377787 0.20687504151476332 0.37999967898307935 0.2546562464121962 0.3713125779585298
4 0.2132387467913759 0.41461364603486767 0.18887296191348923 0.41705010558193506 0.18574994301229708 0.3858194874056957 0.21011563482738893 0.38338303256379086
4 0.28226816008179867 0.4612918263959154 0.2809222217416618 0.38723945370480384 0.39753834713110336 0.3851198750505149 0.39888483232209637 0.4591716874881763
4 0.3917253976219399 0.5080544009525065 0.38755126722185196 0.4716800628025077 0.4713289164529897 0.4620667112411294 0.47550324329949945 0.49844082248612426
4 0.49720373244849725 0.5002722968837369 0.4914658838355308 0.4576881176651514 0.751510230300596 0.4226496379661257 0.7572487376608024 0.46523303100652336
4 0.6908312775759669 0.40068051151702005 0.6794126524904414 0.4549173978737316 0.6042094748058844 0.4390852526007854 0.615628292420638 0.38484863305499545
4 0.7505441078347985 0.43185685662395856 0.8341074864766824 0.4146011002310358 0.8956320997026523 0.7125161625129534 0.8120688608453293 0.7297714576693018
4 0.9277342671731503 0.47656237267309454 0.9277344459696906 0.5263672011728834 0.8749999933819481 0.5263671781861365 0.8750000152697339 0.4765625499720186
4 0.8524735278766684 0.7223708205422898 0.8446052520829426 0.6882788586983188 0.9239153916673786 0.6699769408050422 0.93178387110936 0.7040686081526648
4 0.9250947318964791 0.664033224207622 0.9523611692834493 0.6613069647766535 0.9551168181143339 0.6888635431745889 0.9278503818811714 0.6915897948250829
4 0.966796875 0.43359375 1 0.43359375 1 0.5302734375 0.966796875 0.5302734375
4 0.9501260579839936 0.38958780098222 0.9533499284553955 0.4379407308916338 0.8935893072540466 0.4419247752918508 0.8903656315522994 0.3935720293309562
4 0.8371459932454854 0.3959826030736937 0.8396712636426855 0.34800687269622177 0.8875442716666839 0.35052663973331694 0.8850191386241022 0.3985022385987054
4 0.9865698516288148 0.35207473976585824 0.9823542131919112 0.39423144429245555 0.8976542028879066 0.38576154690206604 0.9018700199525256 0.3436050421988797
4 0.8407581735419853 0.13650729129117348 0.7938084678548876 0.15031598035329968 0.7752724699453211 0.08729346446949314 0.8222220779787222 0.07348479062095592
4 0.7824218629089046 0.1587887913025311 0.8398438633379328 0.13964841403680564 0.8779297230702241 0.253906468016145 0.8205077565887677 0.2730467723283012
4 0.8320314913296443 0.36621099443428545 0.79374975103417 0.2513670197212512 0.994726501154787 0.1843751824003357 1.033008775194162 0.2992181513668856
4 0.7250882715070475 0.0009855930047179262 0.7243598489197893 0.039592138511275604 0.6721231336091478 0.03860653719430444 0.6728515625 4.621743521501673e-15
4 0.7910156249535021 -1.385216510056642e-9 0.7910156262121291 0.03125000062908984 0.751953123600515 0.031249999016523106 0.7519531252394245 2.023492400846053e-10
4 0.775390625 0.0234375 0.826171875 0.0234375 0.826171875 0.0673828125 0.775390625 0.0673828125
4 0.63671875 0.072265625 0.669921875 0.072265625 0.669921875 0.09765625 0.63671875 0.09765625
4 0.6579387333952127 0.04293889818312573 0.6273625098318689 0.04701572736813968 0.6211790412043001 0.0006396695098904174 0.6517552533204025 -0.0034371588147538283
4 0.6593290320179221 0.1261603819829342 0.6627137326512411 0.09344207926144554 0.7110248263899166 0.09843982429256182 0.7076401553512142 0.13115810007213782
4 0.6799838909697655 0.30135532686441174 0.678398974967422 0.26173113331587 0.7378350769815825 0.2593538049947805 0.7394200895209906 0.2989778969510819
4 0.655306893410966 0.3023303236541872 0.6672954230119785 0.3323005876546924 0.6282328948916529 0.34792557082249786 0.6162444390863584 0.3179553694260601
4 0.2013869096504095 0.021839201576142834 0.2665554308356377 0.012660576290334454 0.29378174715543537 0.20596770467450828 0.22861323242761955 0.21514629943036342
4 0.369864941260289 0.3401163909457252 0.305431607088849 0.34259453078008617 0.30176943169658443 0.24737031809135818 0.3662022185001206 0.24489218877422958
4 0.255859375 0.298828125 0.314453125 0.298828125 0.314453125 0.3876953125 0.255859375 0.3876953125
4 0.21965145470051084 0.25548379654559156 0.20350058686233297 0.2587139101905903 0.1994441101068105 0.2384314529167992 0.21559495344183688 0.23520134180067473
4 0.2343051501844684 0.2100065368944083 0.28523468767571103 0.20413016751385613 0.2951528310458116 0.29008762199993177 0.24422329744845683 0.2959639719681335
4 0.2041015595539193 0.17773437139925524 0.20958388513111004 0.18443491717817143 0.19480006861294896 0.19653076738530917 0.18931774694010528 0.1898302252458971
4 0.1966567397586232 0.18975186398744723 0.18553537517391305 0.19682902605669916 0.17540208188790984 0.18090528325855348 0.1865234375 0.17382812500002387
4 0.15855745183409908 0.06792726879431005 0.19576189102826902 0.07040755795042222 0.1912074793880265 0.13872372383942172 0.15400304034460532 0.13624343736762587
4 0.25390625 0.0009765625 0.302734375 0.0009765625 0.302734375 0.01171875 0.25390625 0.01171875
4 0.008735053610166688 0.30952178675900227 0.005093377954267453 0.24032582814136327 0.16665220325251084 0.23182312019040197 0.17029431814864893 0.3010186114926064
4 0.3491933856092828 0.0005965107733884935 0.5804564671601611 -0.040636092783805304 0.6321777576680461 0.24945459250055416 0.4009147516375151 0.2906869246979006
5 0.29492190942380603 0.5185546875 0.27929684749585704 0.5185546875 0.27929689125232926 0.484375 0.2949218717728854 0.484375
5 0.2927063584709231 0.47012533699972714 0.273142475268628 0.4741529779986078 0.2546769782169349 0.38446325343707316 0.27424063671946897 0.3804356362262671
5 0.6060082042697559 0.4189741880178569 0.6109692197828736 0.45314340368059364 0.28347591525994176 0.5006850176510008 0.27851578101638097 0.46651659396598716
5 0.6810731519650517 0.43315673050318126 0.6786183079206012 0.4114397280608302 0.8175025457051106 0.39574086390341523 0.8199575559447112 0.41745767406531076
5 0.4132655710174049 0.3637811887248921 0.42165666937796686 0.40992962663632226 0.38814094752899564 0.41602336274415846 0.3797499548358019 0.3698750178630558
5 0.7327160173871334 0.0013498675246677056 0.7580814082023153 -0.0038841574123027107 0.8454016085130434 0.41928666398749226 0.820036240713307 0.4245206168139282
5 0.8067594602874806 0.7672724053975127 0.7995322705285162 0.7264736973185423 0.9987502567616957 0.6911879958294411 1.005978155906746 0.7319857712111275
5 0.7963453193757459 0.7456457451525818 0.8003523940768673 0.8007483887103543 0.0026304900566174183 0.8587116934907346 -0.0013708434887576004 0.803614615481738
5 0.9757444168276379 0.7411612149442308 1.0056585617070368 0.7567949636864433 0.9395877016207805 0.883192008367639 0.909673743331382 0.8675585358150305
3 0.8209579539113747 0.027515550088013995 0.9866927868404218 -0.011945067787383985 1.0334462380568539 0.18441945053782374 0.8677114441194362 0.22387994629856023
5 0.2987230148769413 0.5155649659587175 0.2863280700901214 0.5189451505788627 0.27690802534652903 0.4844049106921283 0.28930290606137987 0.4810247353076413
5 0.2919923436764975 0.47070314650865347 0.273212114116518 0.47445898883996257 0.25247903012655115 0.3707931772625618 0.271259011046709 0.367037360640101
5 0.25783060146943626 0.3277397446650941 0.23879013852968 0.3310510662515786 0.21157543714696203 0.17456635432982429 0.23061567157890295 0.17125505318610706
5 0.23098690929600707 0.15968738388589526 0.21011897123025847 0.1640806258538178 0.17579161743776694 0.0010257778982686754 0.1966594789859073 -0.0033674561287813667