2 0.991944408329573 0.20110701386043345 0.9456284996031172 0.1887562198673527 0.959016795212392 0.1385503596846225 1.0053325871874677 0.15090113735865548
2 0.9541015290986934 0.3222656236640125 1.0006676532256051 0.32412817711198055 0.9953886275104651 0.45610460474930914 0.9488225043369312 0.4542420659802558
2 1.0000001899127255 0.5722656250000001 0.9511718110115908 0.5722656250000001 0.9511719916844186 0.525390625 0.9999999873391516 0.525390625
2 1.0000005717217846 0.693359375 0.9394526597610593 0.693359375 0.9394531400075721 0.5996093749999999 0.9999999260131744 0.5996093749999999
2 1.0000003099474952 0.8115234375 0.9667966628906015 0.8115234375 0.9667969194741772 0.73828125 0.9999999958115495 0.73828125
2 0.5751952986787501 0.03124999675799414 0.6098208095647806 0.03937201335308029 0.5912661333884444 0.1184735715920317 0.556640625 0.11035156250000751
2 0.6136494335841007 0.016124674212962483 0.6117471537849042 0.028679729574718878 0.5762227191389684 0.023297241412607934 0.578125 0.010742187499972891
2 0.5406400238097149 0.010667065307861125 0.5336538486237714 0.045597957111566785 0.48895733112169637 0.036658653138917384 0.49594351055463903 0.0017277671087247604
2 0.3885168172689646 0.04556632353499272 0.41289365785689824 0.05590798629223221 0.3837518351745075 0.12459946552210079 0.359375 0.11425781249998047
2 0.3530648943400365 0.042292679297985074 0.39024939793409885 0.04972956524426911 0.37853065452873125 0.10832330554132177 0.34134615252196454 0.10088642475709642
2 0.3569412941203609 0.04404389180772028 0.3620798118482753 0.00122301320037464 0.3974301359389756 0.005465063424626734 0.39229162494746106 0.0482859352713701
2 0.42384947206699053 0.15857925481926016 0.4601981316028514 0.16550273014599692 0.4491717497087393 0.2233912844696268 0.412823093422503 0.21646782095518263
2 0.46050074226309334 0.18173438683270654 0.48908912767569745 0.19003413430823765 0.47906858666931385 0.22454934453643144 0.45048020506033026 0.216249606288074
2 0.15197042292015794 0.1972546460933235 0.1523596426734457 0.14941369616514752 0.2754142555289718 0.15041464827165382 0.2750251916504567 0.19825545263447938
2 0.331183695426148 0.20609148337372132 0.3051297005933975 0.19864756471828612 0.31600088921197766 0.16059852087383458 0.34205482908646445 0.16804243111794587
2 0.08403928732673194 -0.009806211335472728 0.15385515282389406 0.0006661631973762306 0.13943593457543102 0.09679428925931985 0.06962007003392046 0.08632192161214393
2 0.19259374484124692 0.0032343772178061642 0.26615624931912407 0.016609368365996587 0.25148437482323516 0.09730468652888606 0.17792187142651983 0.08392970391332147
2 0.3727396075030356 0.3434535889599852 0.43733555800872637 0.3278621389626836 0.45240529054797207 0.39029420998206177 0.3878093589033824 0.40588560425037856
2 0.42066856291228305 0.4883382405642664 0.4638673012519803 0.47753942466023885 0.4757583755769019 0.525103970193741 0.43255965213631953 0.5359027452895857
2 0.4158797835145833 0.49682946809404055 0.4094793566767976 0.4701622533628871 0.46613769691191465 0.4565644943752467 0.47253820025002824 0.48323159669417587
2 0.48258969517382866 0.5381139768669014 0.49543222614818205 0.5800613600016861 0.44178505139029767 0.5964840094043099 0.428942759221286 0.5545368300637066
2 0.5989378288032867 0.6256583568420292 0.59096108218273 0.6033257702025585 0.6228826071869662 0.5919253280273677 0.6308593863859642 0.6142578443771456
2 0.644343398935348 0.6300760166790326 0.634271553274175 0.583380812246161 0.8017263752569761 0.5472650286828813 0.8117987333675956 0.5939595021056119
2 0.807351944586685 0.6551083375118746 0.8187109386351494 0.7043208984987426 0.7258507213543908 0.7257505376526442 0.7144922964798752 0.6765384699512967
2 0.7886562194404405 0.7790143474204457 0.8555162529131621 0.7668607643040934 0.8827343239677248 0.9165633380894416 0.815874352270157 0.9287166828266885
2 0.6671182844858095 0.815508689692915 0.701447660554777 0.807881574733496 0.7104781748093956 0.8485191794806894 0.676148811972439 0.8561462541629732
2 0.6935355128042602 0.8644285793567393 0.7364856922806666 0.8552271959294806 0.7464180472994713 0.9015785958872353 0.7034678861356269 0.9107799206432622
2 0.7364649854957861 0.9800227561912237 0.7342006392420899 0.9389301228390139 0.8709339972795078 0.9313965209715375 0.8731991146215705 0.9724883426242239
2 0.5749772335275338 0.718615269261401 0.6230346367095763 0.7071749693705215 0.6351893015904579 0.7582249626919487 0.5871319219317002 0.7696651950640074
2 0.5584044908935084 0.6755636382024186 0.5598239529684861 0.6552227588765228 0.6056579954475865 0.6584207426672692 0.6042386342891177 0.6787615269651109
2 0.6010571683779062 0.7775446107543296 0.6379155764487905 0.7707203597018724 0.6497535239246872 0.8346457758535516 0.6128951305526016 0.8414699722338866
2 0.4940984100211381 0.8131539636251197 0.5137990248837241 0.8865656316892462 0.4686929558671409 0.8986671347709139 0.44899286436339025 0.8252559182346321
2 0.549362646802706 0.8776982623607811 0.5150825281594962 0.8883345227704716 0.504768152067868 0.8550990203160544 0.5390479774318919 0.8444628087536462
2 0.5438698678667606 0.8550914968147684 0.5855619558731178 0.8467550034810596 0.5916466992496225 0.8771788765133125 0.5499546211723327 0.8855153356919724
2 0.47949211825425664 0.6992181267821417 0.537585806237189 0.6927643133362661 0.5436356863160654 0.7472135240240042 0.48554200459591357 0.7536672984670223
2 0.5705438327499905 0.7980203715127637 0.5750107487853029 0.8263037892086876 0.523459431296601 0.8344435677543302 0.5189927208610925 0.8061603332357886
2 0.30624965934396187 0.6482421770401062 0.3177746601156741 0.6828121071714774 0.2849618840198218 0.6937496642701854 0.27343702704570205 0.6591798563434396
2 0.314453125 0.6904296874999953 0.3836593526132219 0.6724901781018293 0.39901802270310327 0.7317313551335792 0.32981184080983894 0.7496707452924747
2 0.00006621421687214024 0.8901526482875367 -0.00682068150649684 0.8377097342869662 0.10083661113401376 0.8235745462612591 0.10772413457846142 0.8760167262710021
2 0.04977165553634677 0.9207130944793308 0.052081524906611776 0.9568857428973603 0.000015856230106692237 0.9602092745208369 -0.002293726919447181 0.9240368971239442
2 0.11240597753044312 0.9865640343107062 0.07345084971109372 0.9898093756803282 0.0701172531003067 0.9498039776294261 0.10907192195270454 0.9465586554823284
2 0.14282596292935068 1.000130984791341 0.1424851509518703 0.9422061087834234 0.3297357409991264 0.9411035048485583 0.33007814461836915 0.9990267560512286
2 0.13476531950414028 0.7861303515015086 0.1389570396236195 0.819897634286473 0.0002666538871380908 0.8371093104025333 -0.0039244218390876995 0.8033426173282573
2 0.8314175903137766 0.3902100547673452 0.8353242396301539 0.4488039072248038 0.7847675350478767 0.4521743310457042 0.7808610878090576 0.39358066959498517
2 0.781641849476955 0.4072555813531945 0.7839338287966484 0.4530884516122403 0.7228560903560037 0.4561423747205309 0.7205643034620834 0.4103096870898644
2 0.5609841583665229 0.43411363459946367 0.6030902949912615 0.4240088405794449 0.6186117910350504 0.48868206582218315 0.5765056711413763 0.4987868124192564
2 0.6452908490788332 0.528528796518312 0.6266838385147366 0.5350658882287517 0.6129484947191486 0.4959729840285136 0.6315553953993458 0.48943591345188253
2 0.7063549079483664 0.4741585546323701 0.7167224712686675 0.5259914672640456 0.6750304447872395 0.5343298383766419 0.6646630742230855 0.48249709412770747
2 0.7044921804083515 0.10234374888584546 0.7069968052527429 0.06978399519614782 0.7742072596466869 0.07495406067634613 0.7717026662618309 0.1075137853095045
2 0.775460563487286 0.008802012093860567 0.7709533531935904 0.03314095632142427 0.7408793722211158 0.027571701014306036 0.74538658413951 0.003232758986131346
2 0.7927190003205169 -0.002826497726515936 0.8178434266023942 0.0036340680780787334 0.8074661417930429 0.04399017668768718 0.7823417158739403 0.03752961174168425
2 0.8733509962229391 0.04768934451411389 0.8679579389756782 0.065409410155908 0.8085025096531808 0.047314296289532085 0.8138955714036911 0.029594238527298797
2 0.8489801800665191 0.018213873262987415 0.8529126486503174 -0.0040701042460731494 0.8809904577246925 0.0008848055175100644 0.8770579901810152 0.023168782149572468
2 0.815553538705899 0.07201315781437853 0.8459651296749371 0.07852990968140121 0.8382193254308277 0.11467700360853315 0.8078077354826974 0.10816025512790403
5 0.9609339913720305 1.0006240293094024 0.8311519133188767 0.9996001378162036 0.8390478605683711 -0.0003684123935949907 0.9688140926218693 0.0006554269175608572
5 0.6390061505333051 0.5770894089556643 0.635781306654394 0.5588165393215139 0.6930511450545964 0.5487103055199258 0.6962760597908755 0.5669830835314833
5 0.7865931798967267 0.525537962554747 0.7925637203790075 0.546432666940324 0.7234305090463522 0.5661850513229004 0.7174601145450197 0.5452904719240129
5 0.6156263780825384 0.5596398771357682 0.6217317489438301 0.5899215159302772 0.20493403487955675 0.6739365818266251 0.19883003212407857 0.643656114803981
5 0.14117908428647752 0.6666453797373522 0.14354011989064475 0.6804151027628262 0.03070104938581153 0.6997596505255244 0.02834019902752516 0.6859900918130563
5 0.14619802364347834 0.6858676384484943 0.14043511125169061 0.6611231219016024 0.23040301447554157 0.6401724568611835 0.23616608557222207 0.6649167414685735
5 0.719982424759678 0.9608106923199045 0.7145426366549827 0.9311972407002136 0.8667732089238598 0.9032400358375708 0.872213493757954 0.9328528254309189
5 0.662898815137055 0.9659898049596836 0.6656716283869173 0.9888552924626773 0.5108088296177584 1.0076276439573522 0.5080366064579493 0.9847626966933687
5 0.9966789630045696 0.805468812017393 1.004883816957772 0.8300778023912324 0.9462899675742165 0.8496090447861943 0.9380853390923676 0.8250002453297999
5 0.9475386551076781 0.7227958604762639 0.9470058454411401 0.6977488954218414 0.9994670550653382 0.6966330448129435 1.0000000038160124 0.721679866840221
5 0.9621816017444189 0.07753637835486259 0.9680008605712374 0.06473405303168192 1.0058192456816641 0.08192425564594295 0.9999999946109028 0.09472657435590554
5 0.15617108222045317 0.08949700140758539 0.14105430765630445 0.08700943186569371 0.15578168209185606 -0.0024875678621322874 0.1708984375 -3.298583077845952e-15
5 0.13940624801523427 0.19322655759069174 0.12084368658258882 0.1898515643875354 0.13907814330036672 0.0895625105072571 0.15764062477080643 0.09293749622917453
5 0.12207030616173142 0.19726559330944124 0.1250751772967078 0.2122896422222054 0.0893930383189172 0.2194260887625808 0.08638818695249029 0.2044020571033007
5 0.0010159025564462354 0.22888542501736017 -0.0005883755420654779 0.21380506442975672 0.06158201212349468 0.20719130577737582 0.06318631769931926 0.22227163491859755
5 0.1542458893482035 0.10072891673615872 0.15700599634556056 0.084392668434484 0.3767432235072192 0.12151810067811501 0.37398318490613747 0.13785429038247857
5 0.4970136339519513 0.23637630316946268 0.48395544298966797 0.23531754480875064 0.48791841377681067 0.18644124339242635 0.5009765625 0.18749999999999958
5 0.4574234057358808 0.36428205400646857 0.42986666896388215 0.35697128039542975 0.4607408010816698 0.2406008364342313 0.4882972335087743 0.24791156630905792
5 0.4608918172814356 0.4138851507189854 0.48073954268249963 0.4087635201044021 0.525495565807546 0.5821933290416885 0.5056478663791495 0.5873148900725566
4 0.953125 0.828125 1 0.828125 1 1 0.953125 1
4 1.0000003168163403 0.3310546875 0.9335936373082632 0.3310546874999999 0.9335939925309731 0.18945312499999994 0.999999946345838 0.18945312499999994
4 1.0000147848433016 0.525431746310235 0.927763031450695 0.52644930446602 0.9266775746194753 0.4493574150782322 0.9989284897094421 0.4483398628801974
4 0.9332364454769504 0.5139578424930049 0.9596036636640974 0.5168872745215366 0.9534822798746063 0.5719797376462458 0.9271150639068537 0.5690503190753406
4 1.0000000157571094 0.07714843749999997 0.9628906191368287 0.07714843749999997 0.9628906384363063 -6.212020862233431e-18 0.9999999997979785 6.212020862233431e-18
4 0.0009779962958873512 -0.0003088579367442997 0.1277466930008586 0.00028076071247591715 0.12672931775534835 0.21901694345289913 -0.00003937863266401109 0.21842732712953764
4 0.17878985717584328 0.08650861657320148 0.15177019916791323 0.07958050061164183 0.17378354826928444 -0.006271447601687972 0.20080318060058744 0.0006566650613181631
4 0.22145676582204032 0.09566374894372526 0.24176820022603351 -0.01943312313534046 0.3597617073934316 0.0013894793061135734 0.33945038949036643 0.11648625016849906
4 0.4158377130975168 -0.0049040839370787575 0.4382541755416014 0.003635518042628906 0.4144918001222777 0.0660117549820704 0.39207533894091284 0.05747215575120704
4 0.42098698921108735 0.14018833891970112 0.4238551067702474 -0.0003384194810876487 0.5038599663599825 0.0012945411553273993 0.5009919902674937 0.14182112777611908
4 0.4349420448612591 0.1360952400299008 0.4063086052614153 0.13397425090641243 0.41147789576109517 0.0641893353723547 0.4401112680712913 0.06631032183618164
4 0.5339001105525085 0.11652699381127263 0.48758424953791746 0.10417611531593521 0.5075369694760639 0.029353615066352454 0.553852760644304 0.0417044841532043
4 0.7440283279880759 -0.000014169445483330964 0.7443085459823351 0.017079086319442296 0.6838739665068942 0.0180698164371744 0.68359375 0.0009765624999895031
4 0.7143932390519012 0.027598356744775482 0.6957574140363931 0.0946873861351624 0.6288698642897543 0.07610751147315553 0.6475057120198926 0.009018519224296452
4 0.4618712072526705 0.1881830905172527 0.6503819260497039 0.004114487636202713 0.9112287398118042 0.27125516286343504 0.7227207891796752 0.45532116837213965
4 0.5255825401393395 0.31594023001408333 0.576213909307171 0.30940742654337866 0.5890840946409526 0.40915188663390273 0.5384527323359407 0.4156846538386338
4 0.5359384681303254 0.35150949399174025 0.5440353951523775 0.42167680810016084 0.4573736635131809 0.4316762229976096 0.44927713597496677 0.361509274342737
4 0.5416360848048498 0.24427840767454057 0.5335018115514458 0.28088232167027793 0.47911295452865943 0.26879595968676423 0.4872472836698307 0.2321921256587854
4 0.7714843757476046 0.17675781262459586 0.7638830175947078 0.1754909287618748 0.7704550328526238 0.136058915882936 0.7780563765879833 0.1373257985061765
4 0.7894645684073112 0.08852249043631982 0.802274877697414 0.13976332729115062 0.7292049815038126 0.1580307648061926 0.7163947556040284 0.10678999929112866
4 0.6960061202337329 0.06909238254772569 0.7101159447730652 0.024411540905078608 0.8080771961782602 0.05534681170622457 0.7939674212311729 0.10002761217219759
4 0.8057265069337518 0.09360376539377421 0.8626291870175464 0.10270813886038249 0.847912193791899 0.19468938558492468 0.7910095177937819 0.18558503056591602
4 0.5709212938656947 0.3470486449521118 0.6896766892159576 0.30482682559064916 0.7515801643166924 0.4789323769803202 0.6328250208972577 0.5211537080235709
4 0.5189493160722805 0.583276283928068 0.5045534062491015 0.5071884426231503 0.5814055689112365 0.4926492431057841 0.5958018478085023 0.5687365897173754
4 0.8303995013283156 0.33155597322554875 0.8425412624408182 0.3946885785713825 0.7117122205964961 0.41984797741142826 0.699571007157715 0.35671585295788416
4 0.8367793837085173 0.4635114902963321 0.8321163329184174 0.5357917035372369 0.7380017734802777 0.5297199628816561 0.7426653019002742 0.45744026905341206
4 0.7037686293759862 0.5586648359299271 0.6794723451951086 0.5282970851714693 0.7132951059516017 0.5012389180240778 0.7375913353272381 0.5316065630151214
4 0.23577049602067746 0.6684901958882643 0.26018154123028125 0.8311882334098677 0.13181773465510105 0.8504418818274152 0.10740938815752088 0.6877462282993007
4 0.000010348085993427958 0.7824273537982627 -0.00383349926403298 0.7078421810011666 0.12193887378543877 0.7013609578110814 0.12578372478299116 0.775945073762675
4 0.38196192218924807 0.6302172090418798 0.5094515278888139 0.5950524673662952 0.5326645479547096 0.6792009698822146 0.4051750695987266 0.7143654052300444
4 0.6885082020851314 0.8315577289362904 0.7382725067094498 0.9523822015342721 0.6516305801890212 0.988057049491966 0.601868129452555 0.8672341497464175
4 0.8125860088667878 0.9215859955845838 0.6951379933520911 0.9230914317935394 0.6930360952831052 0.7589307223347377 0.8104792435481158 0.7574253170327434
4 0.7814172762446105 0.8050247697584403 0.7646173494564437 0.774139542086827 0.8404843148347254 0.7328792458749994 0.8572842667499572 0.7637641632113538
4 0 0.2578125 0.037109375 0.2578125 0.037109375 0.341796875 0 0.341796875
4 0.076171863327545 0.3730468462441091 0.07617197097067674 0.4169921905351097 0.007812444463525026 0.41699213174299576 0.007812517041770661 0.37304696798351633
4 0.28906248285443326 0.47070302845302825 0.2890626145697297 0.5078124921839553 0.2421875013023964 0.5078125041892482 0.242187498991143 0.47070316944333873
4 0.19157949522036688 0.5311725989224305 0.13078795244689445 0.47457744713126854 0.20518645925608325 0.3946684387500855 0.2659774658108063 0.4512631359273088
4 0.0602615791608514 0.44661953199625226 0.05413149790456373 0.49565804074719877 0.01951609873515281 0.49133111284197656 0.02564628415666448 0.44229272563649213
4 0.06894572251394493 0.5451166861786152 0.03831975261834941 0.5221490499899881 0.06738252240791098 0.48339890328528007 0.09800833539759424 0.5063664521955297
3 0.049241186411109084 0.4244781157183424 0.07942220498136976 0.17876292601674632 0.36489707454552445 0.21382694340752326 0.3347198611810427 0.45953855649189895
3 0.3511042139912206 0.2696576352149704 0.3283732367274297 0.2389043509792487 0.39328470777797975 0.19092652763934517 0.41601565036808097 0.22167972182112572
4 0.4353869747154704 1.0108604645829329 0.4150333349638231 0.9147163511814945 0.6343363268439361 0.8683001046007437 0.6546922143741085 0.9644411703095613
4 0.6270436669231003 1.0000091232535016 0.6267693357627877 0.9733517135091173 0.7223815520438848 0.9723675779975975 0.7226562620285222 0.9990246047007566