7 0.07163801154342764 0.2782007016833131 0.3890012782494523 -0.11895765984928605 1.0335812130531394 0.3961103200177835 0.7162374638033953 0.793249800713753
4 0.8052054106794913 1.000005511871903 -0.01819609058077276 0.7618334266922947 0.25234368018880105 -0.1732304098997821 1.0756583478942048 0.06492893582062885
3 1.000000537221581 0.24304011364995654 0.7591072124596394 0.24672827098188435 0.7553872145483638 0.0036881485560688633 0.996278968749948 2.857529596627378e-16
4 0.9424482136174674 0.349830521091412 1.0666430454847386 0.3716076009170181 0.9566048745119815 0.9990815101864958 0.8324104069739633 0.9773058494932
3 0.47493984854634164 0.6845883489625741 0.8133544456366053 0.899520274779909 0.6129860880570277 1.2149102999500636 0.274579678124951 0.9999895046874854
3 0.812607426562522 1.0000000000000338 0.8126096102528209 0.909080694011479 0.9257794609400207 0.9090836645143995 0.9257787812396145 1.0000014402532804
3 0.9387634471017918 1.0000012655033368 0.9387697074448624 0.4619592663441075 1.0000025572205686 0.46196175635615394 1 0.9999999999999706
2 0.0757312811211932 0.07766267225875617 0.04152623443224002 0.07155463083656205 0.05242657595908895 0.0105128373966151 0.08663159508455465 0.01662087629817812
2 0.047812885971779906 0.03847269544070601 0.07217860421565092 0.040909264782564306 0.06922957938547825 0.07039951908212481 0.04486386121573105 0.06796295033974742
2 0.08548494880210455 0.09553637608332012 0.08182641409155167 0.11260955774279892 0.023003992989401922 0.10000477173149498 0.026662538655727985 0.0829316052515365
2 0.07977225407921651 0.04297244024941738 0.11184772842636903 0.04898658250647054 0.10253906291097792 0.09863280648589198 0.0704635894853709 0.09261866747849687
2 0.10886643847652522 -0.00001872033921724472 0.10952476049124016 0.016439322086512227 0.0823026905234201 0.01752820458897705 0.08164436913864392 0.00107016279045985
2 0.025805160618006084 0.11745252516553631 0.07857802498199362 0.12750442677731955 0.0676713140414904 0.184764697657181 0.014898452945658391 0.1747128093789639
2 0.0009814811060095963 0.26919165743878654 0.04552602066712552 0.2698372113291113 0.04449368092787154 0.3410688540242307 -0.00005085856469122518 0.3404233022719571
2 0 0.494140625 0.08203125 0.494140625 0.08203125 0.6171875 0 0.6171875
2 0.22701630750520962 0.6366281068140164 0.13786829376829246 0.6212593895982992 0.15045377252113212 0.5482677654315828 0.23960062131413906 0.5636363799425217
2 0.2577682770389629 0.5670578755947506 0.28595105066904125 0.5723891247970465 0.26808517018309885 0.6668235842949631 0.2399024098361906 0.6614923831085826
2 0.21611676708448613 0.8797539680553339 0.1721214236108608 0.8464804703524627 0.3299720836872666 0.6378038312341632 0.3739656661864501 0.6710763390538128
5 0.358914168065553 1.0085804174070971 -0.0263282952581676 0.952203561170245 0.02025659916978384 0.634066081736075 0.4054702656992504 0.6904408693076902
3 0.0008805641029994149 0.7898882858329209 0.1952045991263276 0.7907024936691386 0.194324035174418 1.000814184199396 0 1
4 0.20077383175828345 0.9334240119185444 0.2913987195061054 0.9885468659468102 0.2508915952450934 1.0551222105189453 0.16026718906243786 0.9999999999999862
4 0.10371933276871914 0.5075301258309239 0.2671846943471792 0.6171333865817443 0.12675235520157457 0.8265476825310122 -0.036710761351741894 0.7169472207225418
4 0.09451895287543266 0.4962023013691803 -0.06378480619082438 0.4497607512269849 0.07701170348093456 -0.03014464109792538 0.23531049891016664 0.01629615837150243
4 0 0 0.060760637500000006 0 0.060760637500000006 0.113595975 0 0.113595975