4 0 0 0.7979758218749999 0 0.7979758218749999 0.9982310984374999 0 0.9982310984374999
1 0 0.8163038890625 0.5470222953125 0.8163038890625 0.5470222953125 1 0 1
5 0.42013568125003076 0.0013816546874846015 0.6894017124087668 -0.07463947134877652 0.9748941078139524 0.9365219558023145 0.7056305702095642 1.0125373042922008
4 0.7641393921875306 0.9981747046874612 0.766825585126071 0.6535324077621308 1.0026758102960684 0.6553715865443122 0.9999999713496663 1.000003690636727
4 0.8120743343749837 -2.6217486803302018e-8 0.8120743626368494 0.08036154281308296 0.6837778364981659 0.08036150925477595 0.6837778687499849 -5.1938706429133716e-14
4 0.9999999940704356 -9.530942467861183e-8 1.0116208477811597 0.18678725855268113 0.9209746762711575 0.19242654274132634 0.9093540734374983 0.005639404687452321
2 0.6367187497216946 0.0009765611115043224 0.6367187504067715 0.019531250241357507 0.5878906242477342 0.019531249638507293 0.587890625 0.0009765625000373078
2 0.5033203125386763 0.0037109360081340644 0.5455078171805781 -0.017382808787031585 0.5878906244399786 0.06738282161614134 0.545703127995921 0.08847655469521981
2 0.8861713894099239 0.17592234643296256 0.7819170032622651 0.20943250354592804 0.7446170983082538 0.09338753441144183 0.848870973081489 0.05987746782153309
2 0.6882812668260385 0.17441405522544992 0.6787108979674485 0.15527345441206938 0.6974608795077302 0.14589847152980057 0.70703125 0.1650390625000469
2 0.7230903398329929 0.2903342428412116 0.8051773882190219 0.2114069825545984 0.8818337132705665 0.29113052771293463 0.7997470417607246 0.3700574040065787
2 0.8933055709517248 0.26431833988396863 0.8777882033064088 0.2505253720598799 0.8965920268404943 0.22937110965221785 0.912109375 0.24316406249998168
2 0.8915622801449672 0.21994940589881487 0.8721620087575275 0.23352942414983996 0.8497731724399955 0.2015453741155543 0.8691734090240288 0.18796537304982755
2 0.989230791420141 0.21452055460716202 1.0105940983078199 0.2325968968903956 0.9914803713915035 0.255185824901203 0.9701170821181222 0.23710950174142573
2 0.908203125 0.3701171875000319 0.9121571189327824 0.30290916372217996 1.0021485739423497 0.30820328469012065 0.9981949082323354 0.37541100194365823
2 0.9137544650141081 0.4555603719489885 0.9605498256477176 0.4768294340257844 0.927707870315885 0.5490814752736884 0.8809125899961145 0.5278125428190914
2 0.971265367519095 0.528156749888823 1.0138905468103303 0.5359059412053033 0.9950626588798741 0.6394600702200061 0.9524374972943406 0.6317109516078853
2 0.9883730941329532 0.454664676273838 1.0076057031749315 0.45893828319129615 0.9977482295640812 0.5032970302370207 0.978515625 0.4990234374999936
5 0.8458235621478707 0.46840150405359415 0.8421186030229819 0.37269326260736735 0.9962941777770311 0.3667250402567225 1.000000043025011 0.46243232989154137