5 0.5510563313146122 0.6604266597205346 0.47200361271063684 0.6953372740860355 0.16525846499371255 0.0007656551912579679 0.24430495927265383 -0.03414327927175784
5 1.0197185522455356 0.5347069547010552 0.9907981354906497 0.574037606882974 0.25548971179091495 0.033352541425449536 0.28441036416836596 -0.005977412224018149
1 0.7060546862174988 -4.5771592290561457e-7 0.7066701799370776 0.21953062508931895 0.3580361648538428 0.2205065172629798 0.357421875 0.0009765625000167117
1 0.7942146037429438 0.32039316530865714 0.6264954069597479 0.2700778523901261 0.7219134766666002 -0.04797662393742049 0.8896300185098198 0.0023382177875970515
1 1.0000032409735695 0.47753906250000006 0.8124990633745028 0.4775390624999999 0.8125022439514851 0 0.999999993358756 0
4 0.6950548094117721 0.37978396334515646 0.9195082752954704 0.5220188800944878 0.606553863058366 1.0158001778782604 0.38210722659687235 0.8735739891524978
1 0.0009766888376816496 -0.0001383248814418041 0.5164274380296092 0.0004804118536224381 0.5152270460672526 1.0004297023938402 -0.000223702310677254 0.9998110148889139
1 0.2849249273457417 0.10636488705609512 0.5179577016162966 -0.0016625205303685729 0.768983792134577 0.5398305494082208 0.5359532784523253 0.6478545011821799
1 0.8180482561365352 1.0205281674994529 0.5695620153128402 0.994237864344574 0.6118733565434695 0.5945031458158347 0.8603366518708526 0.62079227599905
2 0.8222656249797637 0.9990239732938532 0.8222811840485065 0.5683568996594666 1.0000066220867438 0.568364985657702 1 0.999023437500004
4 0 0.999023437500003 0.000005722077276004711 0.8242187110793209 0.14843956654476642 0.8242248030819695 0.1484374999740794 0.9990257639125396
4 0.8101779374999296 0.3311465734374878 0.778324924694175 0.32147626882648356 0.8779764617215733 -0.006760186575934589 0.9098289684440033 0.0029100354459073996
2 0.0009765223803697154 -4.827455834758705e-11 0.518384674152685 0.000622580268269178 0.5171815620676625 1.0004307370544572 -0.00022658765783489798 0.9998082071633316