1 -0.0000503361704886629 0.9999999964503804 0 0.5440930484375194 0.5726542568544346 0.5441671533781907 0.5726356331630313 1.0000378513171908
4 0.8006709119619018 0.561916310062685 0.5408741980691048 0.7438753179212443 0.06305695763910535 0.06167708226660327 0.32284119314624604 -0.12027575654083682
1 0.7766553209422682 0.44621598310870497 0.2140234402141914 0.27833379067074643 0.3471768086993734 -0.16787967467418424 0.9097949328124741 -1.2448889807915796e-14
3 -0.1331146754381507 0.4012658170281321 0.019027251837769654 0.20973931624428183 1.0012205957903006 0.9898715905076891 0.8491069259969208 1.181373339578124
5 -0.012106159649988513 0.535659391929724 0.005502650952735166 0.5136209008884103 0.606066490635385 0.9933862234876126 0.5884598419620488 1.0154227377123484
2 0.951384999272932 0.6527376582692774 0.8755553170307167 0.634484155800374 0.9093583987154261 0.49407598662541496 0.9851862926612966 0.5123292677573795
2 0.7435693704486539 0.7077452753815449 0.7068868755177391 0.6784029868017953 0.7616701415564648 0.6099247488739734 0.7983522232359519 0.6392667796142569
2 0.8977651116744028 0.18220091641750355 0.894195061774667 0.22147156593900244 0.8385469812400288 0.2164126515120241 0.8421170904015298 0.17714206922449874
2 0.8518381588856982 0.242899979831789 0.892164507026223 0.25186116187209523 0.8745174768981769 0.33127288929223847 0.8341911389539973 0.3223117393567857
2 0.1708147145819794 0.2865823128783956 0.12363154583624691 0.33707586907788345 0.00529418753092159 0.22649863716789329 0.05247710088826807 0.17600538889455608
6 1.0086312433559215 0.969928217344764 0.7430489671269243 0.9803779465327491 0.7049080440632451 0.010448843641073013 0.9704479281250542 -1.5902773407317584e-15
4 0.8219477489628844 0.3219037576340193 0.9478104721531508 0.3844182590167837 0.7834838830696071 0.7152362175577257 0.6576222411524668 0.6527235081387743
4 0.915146668750026 0.4852239640625217 0.9080723790208367 0.3169496015827284 0.992924880620194 0.313382747289929 1.0000000042172132 0.4816562409256813
4 1 -1.827891295796548e-8 1.0000001712330686 0.32288800625055203 0.9419052308714981 0.3228877713072626 0.9419055041831825 1.706123937728995e-7