2 0.0009765618910932972 0.015624999993157892 0.039288087903969426 0.016055465934646657 0.038311526017309916 0.10296952809383061 0 0.10253906250000012
2 0.2754285442553055 0.014055999903119913 0.3147055908079892 0.041837292946337326 0.2722363519578721 0.1018800052781214 0.23295932091480154 0.07409873048679723
2 0.466796875 0.010742187500002297 0.47812270077417907 -0.016763369147449515 0.5445289416912829 0.010580397088419851 0.533203119643531 0.038085950508546754
2 0.373462563683006 0.08666262688741709 0.3805403745120657 0.0158859951762252 0.5656037305896007 0.034392616905132796 0.5585260514756101 0.10516912871693417
2 0.48626161204424534 0.04094594518132727 0.48717062079560947 0.0018591629644677927 0.536017743221123 0.002995159058407514 0.5351087410423361 0.0420819347729891
2 0.7711856521249274 0.0849379645066466 0.8593060613585521 0.091716418313496 0.8521369499180764 0.18491494863741315 0.7640165421551046 0.178136508055259
2 0.9480019281608065 0.2089542252234931 0.8805497874338926 0.17669476195126987 0.9110246471906294 0.11297486522128379 0.9784765931233323 0.1452342738914134
2 0.8408203092567419 0.2089843741465285 0.8604325387461813 0.2141454093940299 0.8555497282142142 0.23270009441217573 0.8359375 0.22753906249998618
2 0.815922301115279 0.19284215459907245 0.818788933544397 0.17392278514874682 0.8584212376255209 0.17992773547211027 0.8555546293017642 0.1988470833290435
2 0.4231471581168762 0.16972190218093394 0.39894458199353267 0.1561080333442539 0.4209042244979173 0.11706873660089415 0.44510676263689675 0.1306825920259184
2 0.4726351037868426 0.3952199331932382 0.43433096659805415 0.43965081239716275 0.39754959196056916 0.40794281891491346 0.43585363996362503 0.36351207292353066
2 0.5298513605731614 0.3724663004951286 0.5149385831173277 0.39334338381660133 0.48648614699482096 0.3730202571429017 0.501398911205797 0.3521432154375187
2 0.5107424705234962 0.5048823537626841 0.4833982742095486 0.4912111843562439 0.5052734095523874 0.447461164146509 0.5326174433320148 0.46113228493228076
2 0.4665869349497598 0.667975681544016 0.49599620729543403 0.6795594497288656 0.4811212474473905 0.717318998585321 0.45171200210609186 0.7057352800201023
2 0.5705243230802353 0.7627567976149286 0.5339367837224245 0.7519975247153322 0.5462216507773974 0.7102296963325679 0.5828088541940133 0.7209889165303162
2 0.5247530634317172 0.7993873819384126 0.5617335871564819 0.8083807719049991 0.5516355401784949 0.84989504416275 0.5146550335659867 0.8409017024992786
2 0.46679701903281057 0.826171875 0.4414061373864797 0.826171875 0.441406258240022 0.783203125 0.466796871650331 0.783203125
2 0.6122928799258034 0.8191365717634612 0.5741211524211849 0.8089594031422145 0.583424935745029 0.7740709170838319 0.6215963460026614 0.7842480411401777
2 0.6718307472261813 0.8520071322728744 0.630054004089061 0.8445484871188462 0.6427654202265103 0.7733670713022094 0.6845414278417365 0.7808256489248828
2 0.755234218859755 0.815898380616252 0.7625017235864107 0.765038899527867 0.8193759862479055 0.7731643093850207 0.8121088750921217 0.8240234371533508
2 0.6227778111576754 0.8434468356630587 0.619124732499472 0.8631697390112734 0.5889110282611227 0.8575746970540808 0.5925641669347215 0.8378518722471242
2 0.3352051070651214 0.770825417075829 0.29978060347661994 0.7554259648084171 0.3230696260441164 0.7018619247697615 0.35849372594293527 0.7172612765513166
2 0.2857761298122341 0.7467833779570118 0.2406101859098726 0.7301458829912144 0.2565832363121672 0.6867911116248692 0.3017487677202553 0.7034285227513861
2 0.2522768019192654 0.6846535807165313 0.23284999104259896 0.7249962819508219 0.1856940817516488 0.7022917353592243 0.20512094028356387 0.6619492563060907
2 0.17727598818350998 0.7452325361484742 0.15469746454334654 0.7828574628122278 0.09581573693196788 0.7475285677493668 0.11839424468860216 0.7099039356474671
2 0.1802419359613623 0.812103444580965 0.15332022143957147 0.8076173610059318 0.15817673941967314 0.7784788305871977 0.18509826502429405 0.7829648980832234
2 0.21497418806143287 0.6251658099081482 0.19760079572233735 0.656843251905234 0.15541111047593859 0.6337071161002393 0.17278451211382162 0.6020298203827142
2 0.2439457407226655 0.542382139832213 0.2017574154634758 0.5212896407615917 0.227929410618799 0.46894603979378136 0.2701174186726121 0.4900384440078673
2 0.22590273772061664 0.37223722968751394 0.26581719202602017 0.38785519701161464 0.2556449392011473 0.4138509369696357 0.21573049933385846 0.3982329958437025
2 0.25020286418293836 0.27159242658094457 0.18542502204547873 0.23704483139962357 0.20799753318101466 0.19472160077535808 0.2727751929810438 0.22926913591239761
2 0.2211472961423624 0.2906689691871244 0.21327686893357622 0.30719656062660233 0.16445226846531114 0.2839468563829382 0.17232270401677852 0.2674193046377461
2 0.117977063779108 0.3798275437465843 0.06099974484914128 0.3403829806053661 0.13349208247029765 0.2356721553333596 0.1904689038469769 0.275116476018775
2 0.4690804625324745 0.5536205363013277 0.48494595831857623 0.5492940014910146 0.4898588227441678 0.567307877721516 0.4739933296551726 0.5716344056370646
2 0.46421950514820765 0.5745619897151198 0.4774202070901765 0.5831027062804819 0.4612283114169031 0.6081265495782272 0.4480276276042332 0.5995858559291171
4 0.23667288424360322 0.1301585898289335 0.830005130371319 -0.13064590212032637 1.2727879569978313 0.8766621690743186 0.6794719358020984 1.1374445836562652
2 0.7427946709148046 0.7649121820875235 0.7324996470407541 0.8266731053199214 0.6837243312586452 0.8185438998405463 0.694019646769334 0.7567833430945832
2 0.20434849441153347 0.7555742271127601 0.19656296688140174 0.7693463512138883 0.17287853383834317 0.7559595809056053 0.1806640625 0.7421874999999876
7 0.44924768160126405 1.000002578491839 0.44905932331244003 0.9300613151686526 0.802542441346418 0.9291029243646174 0.8027344219151473 0.9990405240928844
7 0.0006567714718812567 1.0000018428980393 -0.000005452088998936233 0.8847937181903992 0.16925688851563336 0.8838210348842402 0.16992189159702775 0.9990263124080464
3 0.29590060061332224 0.997122237627978 0.2735151339214781 1.0406063486145212 -0.009709278609761895 0.8948358050609372 0.012676532927343942 0.851353587170495
3 0.41883365254739147 0.9769980584982944 0.4263904909836356 0.850122308646819 0.8662119450376622 0.8763025251225636 0.858663428893351 1.00317036739363
4 0.7277235331638394 0.6732589946883031 0.6861305830318543 0.8032231767283248 0.5788298337000697 0.768887407161447 0.6204236527773901 0.6389248140184469
4 0.4345629360359453 0.999998174446927 0.023647064416877583 1.0506244304515258 -0.061739858486475896 0.35744725422525603 0.3491256027587042 0.30682379645833857
4 0.2886765230122137 0.2259843631085548 0.4344233879821786 0.2851920378846752 0.3798232428545134 0.4195924967350966 0.23407658593748693 0.3603852390624889
4 0 0 0.2781107953125 0 0.2781107953125 0.317509825 0 0.317509825
5 0 0.362702829687466 -0.04460133943587152 0.30427747657420984 0.43051105458448546 -0.05841656307002341 0.47511187744908057 0.000007774817181210336