7 0.9999999999946567 -0.0000016435431929389561 1.000008613235991 0.6995567906746952 0.5939148800044904 0.6995507230432774 0.5939200275570329 0.0000018269632001503521
5 0 0.5751389734375447 0.43339632817196616 -0.03772264066350057 1.0702823209097687 0.41266354645853504 0.6369321086955324 1.0254845992035615
4 0 0.5563589234374994 -0.2712358987276957 0.32860451437342736 0.19593235880779503 -0.22774284118938717 0.46716395762700813 0.000008615868243518946
4 0.4259310492708437 0.12088172831495923 1.2033059475603523 0.7340960134374215 0.8521442331589242 1.1791800810050634 0.07479834920604844 0.5659987647319564
3 0.5708726975345826 0.25748041312407033 0.41081355156245536 0.15024038437498297 0.5817539398781264 -0.10489186437356354 0.7418123320746872 0.0023477957413503376
4 0.17841045781244702 1.000000000000023 0.17843134645590908 0.7371163022780096 0.5798406762557988 0.7371510770551051 0.5798339839492428 1.0000194197828158
2 0 0.6291316109375 0.1784104578125 0.6291316109375 0.1784104578125 1 0 1
2 0.2648805281864952 0.4169605355727296 0.2288707052398422 0.46449123348476157 0.1890104399755046 0.43429420237028593 0.22502019609669333 0.38676366176707805
2 0.26406347310989986 0.4958972527447703 0.22374992463926446 0.46566414499413444 0.2391014016218378 0.445195583699859 0.2794148502231337 0.47542863608881497
2 0.2372860365926499 0.5590173951844146 0.247421012180439 0.5407763143972781 0.28158196643744304 0.5597547726536823 0.27144706123260676 0.5779957927464475
2 0.14163653921536934 0.5027704419404899 0.1701419619906801 0.4637108541374033 0.2189158080626612 0.4993030429311965 0.19041058337734285 0.5383624514100915
2 0.16425942532589488 0.5701621009824318 0.14123415878862033 0.6041486975094824 0.10681543519069692 0.5808329275056134 0.1298406736121933 0.546846454593059
2 0.16854897170708227 0.611882059543812 0.19666060273925723 0.5725306779056898 0.24432717132435755 0.6065787717770523 0.21621577939151848 0.6459299386245869
2 0.12216614492399458 0.5089246773073217 0.13732308499720602 0.5200388304689411 0.12341394540101192 0.5390058349016915 0.10825702314991759 0.5278917025856411
2 0.3071970878628463 0.6821818884798421 0.2977311099606368 0.6943507513875748 0.27961180728664203 0.6802579808836907 0.28907777160463866 0.6680891470206134
2 0.26161188441926697 0.7050376484658286 0.2376387665152606 0.696048973955664 0.25670203781203327 0.6452141510303259 0.28067491301294467 0.6542027749693239
2 0.35317246593024265 0.6393096493073995 0.33449928681670826 0.664570410591256 0.3045690428717762 0.6424481693106313 0.3232421875 0.6171875000000451
2 0.29296877423519163 0.6435546588618524 0.28378168473273035 0.6544108058935575 0.2665337864365256 0.6398164551561962 0.27572086090947323 0.6289603320262104