2 1.0019477285395624 0.001079073263655832 1 0.0380859374999496 0.9779599010837501 0.03692593130834123 0.979907631892388 -0.00008093042963257677
2 0.9152803284869151 0.06190257783490059 0.9322380512072641 0.06567095346483855 0.9246323539831565 0.09989659203358416 0.9076746317607558 0.09612821803043102
2 0.9003906250081855 0.0009765624100990189 0.8991419058249903 0.014712474394019466 0.8883997181691257 0.013735911826163363 0.8896484375 4.54875227637043e-14
2 0.7237642690710118 0.2106378837722778 0.7250209667345189 0.23577042730699854 0.675924938444382 0.2382252657561927 0.674668284940708 0.21309276443308184
2 0.6950767609944251 0.16689116679547164 0.6922885339987488 0.1194908349749012 0.7473598897753391 0.11625139247749604 0.7501481697423742 0.16365166710412005
2 0.5992271310581145 0.31623837390570525 0.599773043230357 0.29276813659046114 0.6545671587047082 0.2940425650989943 0.6540213077610133 0.3175127422593277
2 0.5138834300603321 0.26152411944726195 0.5795246819013755 0.2642590986138099 0.5771535175337021 0.3211671502718156 0.511512265970282 0.31843217803520224
2 0.6072055825046618 0.18139152881680687 0.6318293858037123 0.17704620061271042 0.6353686040071125 0.1971017854378674 0.6107448013348176 0.201447111093485
2 0.587890625 0.12890625 0.6171875 0.12890625 0.6171875 0.16796875 0.587890625 0.16796875
2 0.33715397841081085 0.14225034579522927 0.3253980486837236 0.10362371490290756 0.3825218885846198 0.0862382640116277 0.3942778408010099 0.12486485376395329
2 0.4379298183390574 0.18157617343705068 0.4102326435595387 0.18573072012780012 0.4001685940027073 0.11863680114653966 0.42786568430926764 0.11448226089620846
2 0.5953351639070661 0.016568953660397318 0.6046195026821124 0.040136871994228385 0.5698312081843824 0.0538413510837782 0.560546875 0.030273437499955216
2 0.3251845161870506 0.0173730907978437 0.3279469651843101 0.06985928952005947 0.2714627907940894 0.07283213542390056 0.2687003631327798 0.020345956345338596
2 0.1594613691726181 0.31449516812487993 0.09494119799376222 0.3528993576113861 0.02650180408613778 0.2379215926894093 0.09102143146265007 0.19951761107480806
2 0.37820538823268635 0.4378218040925192 0.429136021633326 0.441739266963956 0.42350645410635934 0.5149239296377037 0.37257582288611957 0.5110064876596846
2 0.31658808652650805 0.44710399754690316 0.33868534615817225 0.4484037490795785 0.33648976633196526 0.4857286915313275 0.3143925069978195 0.4844289434425394
2 0.3168656751175831 0.4403147861602745 0.3189108948508874 0.41372931172235844 0.34579516812993916 0.41579740689828454 0.3437499983043608 0.44238283454120486
2 0.47448962131363714 0.5357846150354144 0.515774667353412 0.543647636081054 0.503568708034436 0.6077291538385966 0.4622836745263612 0.5998661774564108
2 0.5146483058215381 0.6406249678870304 0.5198323077498799 0.6147085684121381 0.5521337991425526 0.6211689832325296 0.5469498908639707 0.6470853006745981
2 0.5602801319852233 0.7137637168961702 0.5902621573758324 0.7207795935937388 0.578155304894949 0.7725090617331744 0.5481732939665562 0.7654932272258038
2 0.4783148621967257 0.7575992469527153 0.47891177494420845 0.7379084855298764 0.521959312918284 0.7392131760062488 0.5213624997046509 0.7589038405280628
2 0.44276555594706224 0.6810000870438615 0.4881408010553514 0.6892488423516019 0.4781095467793648 0.744420909573636 0.4327343149146827 0.7361722045026039
2 0.4479437444017549 0.8613047592776245 0.4011945777347137 0.8577094299463519 0.40480240068211515 0.8108114688686819 0.451551010735443 0.8144067767261309
2 0.4377998140096224 0.8004451743123306 0.41678537104769475 0.7928049763017072 0.4270213198381043 0.7646563686821854 0.4480356268804826 0.7722965395076038
2 0.45350577256624547 0.7905153982697095 0.4559595961108016 0.768435585970064 0.47932559844775824 0.7710318774974378 0.47687184241272007 0.7931116279059343
2 0.29885350728466165 0.74974055100849 0.34829821274615824 0.7602268675097269 0.3379422922135973 0.809047761765791 0.28849760653292833 0.7985615074671012
2 0.28461674457730624 0.720744912324026 0.28204328711478865 0.7473359068554328 0.2168771619690233 0.7410298739682118 0.2194507918037516 0.7144390731000961
2 0.24951278702508262 0.7975363054809129 0.2587890625 0.7832031250000432 0.2802505146379417 0.7970900699520186 0.27097428972558646 0.8114232058755387
2 0.26502285441733875 0.8661372279948985 0.2848561946287873 0.879356165631197 0.25345685122249506 0.92645532897822 0.23362359329985338 0.9132364934935467
2 0.23392472022374022 0.8859494867644111 0.24729918872094458 0.895098160070991 0.23307089964578154 0.9158933650990803 0.2196964570388218 0.9067447234127709
2 0.3221463180103683 0.9767649736600947 0.2945675119308362 1.0145479266242232 0.2449654402635133 0.9783522341514728 0.2725441259395893 0.9405696252323884
2 0.13747880667301615 0.8272180660373617 0.1027939060782046 0.87370192875531 0.03855747831369172 0.8257802599990931 0.0732421875 0.7792968750000254
2 0.1949289210731422 0.6868855996517511 0.19061612243513082 0.7055718525847149 0.17578125 0.7021484375000381 0.18009406945236606 0.683462214730439
2 0.9685230934589981 0.8293118406791787 1.0070127550478674 0.8350839790375738 0.9987895520815755 0.8899055762214845 0.9602998997113446 0.8841334797550575
2 0.9332677488353056 0.8637892156839404 0.8947514170575914 0.8487208026441673 0.9213496620933483 0.7807481154458376 0.9598653633416916 0.7958163905709589
2 1.0000220715317027 0.7662969408173145 0.936086137553616 0.7671271465432714 0.9350886019740301 0.6902833235562965 0.9990234375 0.6894531250000004
2 0.8975783590803985 0.7674292779967516 0.898850058268863 0.7517490200485951 0.9368184903590873 0.7548277430427164 0.9355468653247954 0.7705079318020045
2 0.961340059888812 0.6302274256024052 0.9560546018122977 0.6513671309448846 0.9156130234842976 0.6412568497922129 0.9208985378787702 0.620117229654271
2 0.9724396819308367 0.6656797858276466 0.9737744498894472 0.6376554753783982 1.0013346869893667 0.638967969440514 0.9999999992550102 0.6669922031430281
2 0.9638671796434437 0.5566406226894811 0.9913604362623119 0.5647260738353751 0.9855445577530872 0.5845000547619605 0.9580513072123722 0.5764146181036935
2 0.978515625 0.5458984374999765 0.9827745713471359 0.49905545773871157 1.0042588594176323 0.5010086640158993 0.9999999999300826 0.5478515632687759
2 0.9691875195310331 0.3853722431547912 1.0026603423351617 0.3997169831976601 0.9816475324298608 0.4487468638231922 0.9481747376089515 0.43440217223647626
2 0.9287109224716232 0.39648437199447994 0.9519982350689133 0.4011415836608412 0.9444862113548425 0.4387017522752901 0.9211989020287774 0.43404455196881414
5 0.3537500940113887 1.0042290988204006 -0.1469873897317484 0.8963836638502152 0.06934896210555053 -0.1078406389135239 0.570034426562529 1.1032549051326574e-14
4 0.006459757525703935 0.06373076082482765 0.47153138232829406 0.06758487595753458 0.4658940365334274 0.747812575227113 0.0008224268494814169 0.7439586189912943
4 0 1.5530052155583578e-15 0.2590216798967049 -0.010026608662679426 0.26625253451948083 0.17677116716628788 0.007230856571368349 0.186797752517798
4 0.3398513921874837 0.05784704531248525 0.3230216087695226 0.012593488164310057 0.46884441738836813 -0.04163796493917739 0.48567419327412154 0.003615552783526827
4 0.6604204359374535 0.10966835781249361 0.6440773359144032 0.005614510554769576 0.8742603550570038 -0.030539030631406103 0.8906035800506515 0.07351465179996136
4 0.9966574355308921 0.28682493437499995 0.8014216062184687 0.28682493437500006 0.801422702165155 0.10484776875 0.9966563859373991 0.10484776875000003
4 0.48219666223053537 0.24533258232969107 1.0036716890008393 0.2481895443991666 0.9995520678672847 1.0000686797133944 0.4780770276936437 0.9972119210979322
4 0.3904671700925064 0.8918085304350247 0.49017325747354334 0.914207999549781 0.4660705957267055 1.0214657913802967 0.36636462187493635 0.9990666812499989
5 0.22296857618789545 0.9951681209599813 0.20221274363245811 1.024848482286198 -0.020755518097075765 0.8689625683164128 0 0.8392833453125241