2 0.1032259340810242 0.5268422440014593 0.07186755515260757 0.5735283211037341 -0.012144019709467102 0.517103206432249 0.019214280851088006 0.4704175014241044
2 0.15625109195127607 0.4501937703031672 0.12565126005949878 0.4934107473894687 -0.01204157967026731 0.39592198101612214 0.01855810427673532 0.35270548281077685
2 0.0011358725821537519 0.26830499148005194 0.02227722533780252 0.23527267341423505 0.1038880375019744 0.2875040587529206 0.08274683925969839 0.32053624092772287
2 0.12714003445455546 0.22711680821962033 0.10409401752610847 0.2677214643593965 0.0010853525211587112 0.20925740111533395 0.02413137132009524 0.16865290677268852
2 0.01647968776921971 0.12332276248226194 0.04238844735982639 0.08650553948593825 0.1683699765339952 0.1751598710566072 0.14246136772737827 0.21197696079146353
2 0.036316515199018795 0.039923040582081064 0.05078125 0.0517578125000148 0.03790223301007245 0.06749883244885645 0.0234375 0.055664062499992714
2 0.1197416156763893 0.0948016390923982 0.10591948928458805 0.11553482390221884 0.0455228282007738 0.0752704317250968 0.05934495165672615 0.054537265029545375
2 0.37607394075621414 0.23503748779100817 0.35125754739715376 0.28742737187810885 0.2543700581672965 0.24153357998919453 0.27918650281776536 0.18914389053983444
2 0.38739533276623206 0.32242746336045625 0.3379761639591834 0.2996191448154876 0.3648437408993459 0.24140646426219667 0.4142626762537702 0.26421471994713835
2 0.4327007297484897 0.076935063795344 0.40162269920392646 0.11872964312362355 0.33702815665469643 0.07069783267260477 0.3681061726264261 0.028903291340264245
2 0.44726562446930984 0.04101562479460503 0.4230897459397056 0.021674921081660747 0.4526248122975858 -0.015243901585602002 0.4768006857945011 0.004096798905961079
2 0.4964368416505067 0.025496184632263184 0.515836144850482 0.03935280535726267 0.4687236124887022 0.10531037630923157 0.44932431864424416 0.09145376672587885
2 0.47926688296422526 0.16781846175316747 0.43419466884722624 0.13777047499440287 0.46439300377687687 0.09247306855074183 0.5094651452404833 0.12252102179437893
2 0.6375581522959237 0.18563918212961977 0.6517814185655197 0.16047527152110916 0.6893021075865136 0.18168268872149423 0.6750788764117033 0.20684656900750376
2 0.6529721226340826 0.10394099856480062 0.6764774510951383 0.12317246517757234 0.612343456191752 0.201558559706525 0.5888381681495503 0.18232713752104096
2 0.6142747254900769 0.2005711575256794 0.6609441842379056 0.23657267620827582 0.6313652647297658 0.2749156756805979 0.5846958617764813 0.2389142204267022
2 0.6987314616895901 0.23075338272566617 0.7395688197339041 0.25829423359434 0.7066160680149096 0.307155196859479 0.6657787633868111 0.2796144120069879
2 0.932483812258738 0.13180731355356853 0.9236804469658182 0.17288966110592638 0.8791301067744826 0.1633431729818432 0.8879335024413422 0.12226086605032269
2 0.9327558453002212 0.04796843676930691 0.9595291107699495 0.052286699105117615 0.9539133826273201 0.0871042193399744 0.9271401175384426 0.08278595857764943
2 0.8707812518074434 0.0558984368728373 0.85546875 0.05371093749999964 0.8596875036362235 0.02417968852039135 0.875 0.02636718749999552
2 0.85543706756971 0.10215372892827174 0.8736908796064426 0.10777025943559389 0.8606418976864916 0.1501794574638548 0.842388087733525 0.1445629317451783
2 0.7671590437203122 0.2395893105253046 0.7542848437798284 0.25923913478658894 0.7206396291146575 0.23719576380621774 0.7335138241571713 0.2175459679227165
2 0.7949218905081352 0.18066403872122963 0.7841589066993038 0.19716714735427418 0.761697955880777 0.1825187212406449 0.7724609375 0.1660156249999907
2 0.7612564613516497 0.28586517062460604 0.7776152900322586 0.257609874941329 0.818035310624623 0.2810111026277512 0.8016765474566228 0.30926634157450605
2 0.8149096680612047 0.3476166477391463 0.8688671569869939 0.38430611494852346 0.8448912689877943 0.4195646829028163 0.7909338562172934 0.3828753076638779
2 0.8588211729220347 0.2687290954550673 0.88769251735323 0.2857552087634401 0.8356270920241968 0.3740402984326434 0.8067558102767407 0.3570142700664161
2 0.8960926951964439 0.33637107892980045 0.8743339876214122 0.3303271704484092 0.8849251223467718 0.2921992737855794 0.9066837526878544 0.2982431709688431
2 0.8991866828034745 0.27706280417219037 0.862692514848618 0.2604748791931004 0.8736621480172744 0.23634178002696787 0.91015625 0.25292968750000716
2 0.5097165821994167 0.6720081338005021 0.44637279259018214 0.6430757820995241 0.5358097226237533 0.4472869645037055 0.5991515231108906 0.47621878964279457
2 0.7131057778456125 0.5764075926797206 0.6439675675712806 0.6515514038196278 0.5493586618659947 0.5645115498759865 0.6184961983237827 0.4893685735208155
2 0.48120281907483786 0.32655868479644656 0.4326045852119478 0.44319127715443435 0.37851787475392484 0.420655260147559 0.42711624260141434 0.30402305651391814
2 0.2549277084891628 0.324834709044637 0.2605320299771847 0.28000286868902885 0.3196665067215463 0.28739490616436913 0.31406232251777055 0.33222662203016157
2 0.324218368412744 0.3291013335474213 0.3409352623542645 0.30124082597500296 0.368221647556652 0.3176127376833699 0.3515048037388624 0.3454732016294796
2 0.17796887662814243 0.214421079262992 0.2218095071453945 0.22078485882153437 0.19708825903228444 0.3910873747595137 0.1532476394454534 0.38472364596022685
2 0.0647710739148124 0.8360310628170294 0.10526915142941107 0.8705214282803584 0.07405847893778628 0.9071598496351927 0.033560605913748986 0.8726697044549738
2 0.8550676247931506 0.8124342354136427 0.7957943235848006 0.8445346743409277 0.7547960853769382 0.7688452199280795 0.8140683954188717 0.7367451116181462
1 0.44141341260672107 1.00000240635841 0.44101396755502265 0.8365947738230759 0.8277363097122361 0.835642956922138 0.828144577707917 0.9990418215237173
1 0.20754961796683347 0.5855574701032827 0.6548556264914396 0.6560534991003453 0.589654164429362 1.069686771430608 0.14234912756103313 0.999194403963735
1 0.35013811029455155 0.6321322868795859 0.16790344381422528 0.5562082869997866 0.2240720083494807 0.42140824914569286 0.40630287560122724 0.4973313466555875
1 0.18499814275003246 0.5723982400798108 0.18321905337393218 0.6798592197495825 -0.0017809526391374675 0.6767949318205229 0 0.5693359374999603
4 0.18207080916840823 0.6732165643101382 0.1730383098611128 0.7680606853761224 -0.007800716406563879 0.7508385301990751 0.0012334379925960093 0.6559962773575221
4 0.0001492108415277471 1.0000074461707402 -0.0007217491922801855 0.9030611037837469 0.13052992268865182 0.9018815895700749 0.1314027054864937 0.9988261161386497
6 0.22263312962354576 0.3670934502058065 0.19756063501870358 0.36139526278690887 0.24434596591868285 0.15554210262280485 0.2694180620748057 0.16124024349000057
6 0.18714762127626727 0.3684052188684845 0.24011283202730738 0.37464712511407333 0.16569210665454648 1.0060610927445826 0.11272696566322793 0.9998196026071705
5 1.0177495566558719 0.5461789785755187 0.9855583804203434 0.5917194021752346 0.17364839224433126 0.017808800746930045 0.20583847031514324 -0.027729091680908344
5 0.518040100904841 0.02115374182245277 0.9989996723274999 -0.0005271926233031249 1.0344901938412931 0.7867493564173457 0.5535308250969138 0.8084291533170082
1 0.7504584410704638 0.4140211750205302 0.6891361802898928 0.5041979734429377 0.49558562758636526 0.3725841473926538 0.5569075334761919 0.2824086724693817
1 0.8515623786886408 -4.377705230131697e-7 0.8515631305255056 0.21484413660022772 0.4960936101978177 0.21484361917605432 0.49609415142515445 2.0047329784581853e-7
1 1.0000125065456587 0.5331725183099384 0.894679908234707 0.533392414254857 0.8936969786979034 0.06076676339791093 0.9990234375 0.06054687500000036
1 0.9808645906447282 0.63120111473792 1.127037848349346 0.8747586548739943 0.56693105753709 1.2107960144071765 0.420782199999735 0.9672593510827886
1 -0.000484984254740084 0.5213213737902477 0.1845498070232452 0.519452552094024 0.18618669001966737 0.6815059443384069 0.001151896973510702 0.6833747381670321
4 0.19110373628359412 0.03192251971833508 0.2603971164419363 0.037171991161996085 0.2486520886531025 0.19220667925400722 0.17935870925646213 0.18695722172367926