5 0.49711626022417477 0.9648050398326165 0.4751186296711012 0.9628927045108978 0.4818723997311736 0.8852277305833891 0.5038695463192653 0.8871400446495904
5 0.5290026312636655 0.6256316094038993 0.5043072382687797 0.6248599573104721 0.5067026090666786 0.5482136655708474 0.531397664786482 0.5489853124021387
5 0.5044630180159402 0.692690962196951 0.5276161893705194 0.6936555040410582 0.5194195075526977 0.8903760552748755 0.49626633755940475 0.8894115362337973
5 0.4688819336256529 0.00024161734550254792 0.5019453347921399 -0.0026137773240281956 0.5434507248440923 0.47798139460944494 0.5103873304120725 0.4808367376423189
2 0.32243971637581126 0.905162426342762 0.3381199954683325 0.886186027255764 0.3730468750001137 0.9150390624999635 0.3573667235478979 0.9340153424204403
2 0.3785349652091554 0.8661935244666792 0.45045156553419474 0.869617203023859 0.4441327128906778 1.002314804539795 0.3722161166290334 0.9988911905146721
2 0.2137869742799694 0.9560613769905921 0.23395354725471407 0.9304023798548544 0.27816116697158577 0.9651375289195788 0.25799482348645597 0.9907963148339761
5 0.22616346917618557 0.9632150174936334 0.20935290734189493 1.0178398150594814 -0.0140873762618412 0.9490918751983373 0.0027242145539503326 0.8944689371026561
1 0.9999999122798044 -0.000017573843238918127 1.0039604636272088 0.7917694792533416 0.5141890294925133 0.7942000064413582 0.51025390625 0.0024414062499599916
1 -0.0012036182608881063 0.49314578596965064 0.0048828125 0.09277343750004717 0.48984187138432844 0.1001440809342465 0.4837645733747422 0.5005077585962814
4 -0.001308996205693802 0.08287144873733748 0.00732421875 -3.0240117557352346e-14 0.47738242312459533 0.048968137449871794 0.4687496689442696 0.13183911552888022
1 0.4638671875 -1.2066675307385596e-7 0.46386724701335424 0.07812499607544322 0.039062384000203565 0.07812475474316807 0.0390625 -4.7344917001512096e-14
4 0 0.50048828125 0.4931640625 0.50048828125 0.4931640625 0.9814453125 0 0.9814453125
4 0.9999877940488204 0.6689424366591408 1 1.0000000000000546 0.5273437102138132 0.9999941146417862 0.527351266918572 0.6689565227781011