7 0.078125 0.5541992187499756 0.4273692657643551 -0.17902346889597645 1.0004835805398216 0.09396062287039952 0.6512670849692768 0.8271591413596179
7 0 0 0.263671875 0 0.263671875 0.54443359375 0 0.54443359375
7 -0.000041517940644553164 0.9999999959226917 0 0.7055664062500094 0.7177869706955562 0.7056659269349279 0.7177734348626927 1.0000679213912804
7 0.8032273670357881 0.9936544368401101 -0.015236211140290834 0.629978361913944 0.004298567416640253 0.586033073924393 0.8227539062501137 0.949707031250021
7 0.85693359375 1.0000000000000138 0.8569341254732308 0.9692379822204367 0.9375001593620027 0.9692392208642191 0.9374999999955662 1.000000863315247
7 1.0000007660132724 0.9326171817560673 0.9572348781453002 0.9329378607691591 0.9557714530623116 0.7376253581726504 0.99853515625 0.7373046874999999
7 0.8789067835847391 0.7348613112576731 0.8644030530791724 0.7884087178955015 0.7472145598076168 0.7566716666062681 0.76171875 0.7031250000000513
7 0.9008799050783409 0.6958009454345604 0.7790555137133879 0.6757757615630482 0.8742130165337585 0.0969516538949368 0.9960278931873745 0.1169759842003725
4 0.8545279926321427 0.8934662958306702 0.8359203315160357 0.939402628544893 -0.013726614525353398 0.5952479869373287 0.0048828125 0.549316406249957
4 0.7959366058462365 0.9960078554037909 0.7779162709457523 1.036560913802929 -0.013138834963115187 0.685079867155634 0.0048828125 0.6445312499999801
4 0.06046712643603769 0.5593937803892867 0.012283933254821022 0.534302968855043 0.2985056917532347 -0.015320810193559109 0.34668685185499726 0.00976935581044835
4 0.876262119097305 -0.02884467534295857 1.0345465738040502 0.008053184612187705 0.8319840212054714 0.8769658844702314 0.6737002355563391 0.8400700485687038
4 0.9954911437258716 0.17631578387629324 1.077514251211369 0.19196242574633143 0.9575971684128035 0.820549668927854 0.8755742505381932 0.8049038350000518
2 0.8825739798699033 0.8687061567844065 0.8081506520413768 0.8433399281282176 0.8230092547560162 0.7997560775894622 0.8974317828125322 0.8251221578124893
5 0.997468720007987 0.621066588760886 1.0561923121928203 0.6489980366805292 0.8759205008218487 1.0279299796018875 0.8171978140624105 0.9999999999999815
4 1.023567798716158 0.9427974212709559 0.9940290613218394 1.0144922162571235 0.876446668574431 0.9660594899210913 0.905985881041488 0.8943660163263908