1 0.2111676038269934 1.0000334580158632 0.21072480934742543 0.6117125080279194 0.9995206767471245 0.6108050647281611 1.0000000781470817 0.9990861712366641
4 0 0.4453125 0.294921875 0.4453125 0.294921875 0.9990234375 0 0.9990234375
4 0.8576501228960751 0.5766286579044294 0.8014075018221547 0.7745277241465663 0.27388649082286065 0.6246083638285677 0.3301350262364622 0.42671969607534155
4 1.0000030288579183 0.6865234375 0.8320299938279732 0.6865234375 0.8320334409519319 0.4560546875 1 0.45605468750000006
2 0.6054687430423655 -1.060844900123981e-8 0.605468752579327 0.055664069507738514 0.5234374977801508 0.055664059584733847 0.5234375078887297 2.4610417742765536e-10
2 0.6171874584492798 0.324218695379691 0.6171875294232905 0.36230468709992814 0.572265613030936 0.362304690121821 0.5722656316943358 0.32421878933388276
2 0.536766237513234 0.2762614786965116 0.570655627793144 0.27061340989307875 0.5798141912475785 0.3255649326354894 0.5459248045592631 0.3312129869476767
2 0.6413132441546168 0.24190554167791706 0.6498510294745756 0.2923539157207958 0.581496153762032 0.30392172296533526 0.5729585325732387 0.253473494914156
2 0.10310773732226153 0.1239997353282902 0.13072905422779968 0.12284885604196145 0.1332170008591902 0.18255965263628784 0.10559568407882125 0.18371053032262935
2 0.095703125 0.009765625 0.11328125 0.009765625 0.11328125 0.0361328125 0.095703125 0.0361328125
1 1.0451845735002507 0.14976050108801311 0.9689662609798688 0.6381601270764461 -0.07265387170286886 0.4755725370822066 0.003584707245181562 -0.012805375490741401
1 0.5185860033750487 -3.1737055541265274e-7 0.5185863406250064 0.15541731249994742 0.14748752056345893 0.15541697162192575 0.14748785781250717 -1.7232145871835537e-14
4 0.5233439332381522 0.160171263491492 0.5250144535498293 0.23862138986199083 0.09239581517681472 0.24782951432510056 0.0907263564082541 0.1693802599485177
1 0.5376170296874534 0.19347869531249434 0.5129560937989481 0.020232966240757416 0.9905031647973601 -0.04774492287383703 1.0151648188023046 0.12549954703769625