5 0.7409303646886656 -0.010502836308326878 0.907466635128003 0.04383144848313192 0.580218306166671 1.0467788808631495 0.413683854717533 0.9924492817219427
5 0.9878399813261467 -0.005802646659681516 1.2165547147600364 0.10333751227388199 0.8637189047318543 0.8426998833031112 0.6350073264379716 0.7335655724809178
1 0.7209318896245804 0.7426711112381955 0.19398451935114736 0.9299610338530566 -0.12025662875714715 0.045793894899210194 0.40663259122800355 -0.14148460495012946
4 0.003049609543609222 0.4239208474790337 0.49771619759587793 0.42653912365364965 0.4946665928151788 1.002618104738755 0 1
4 0.46661791249994167 0.9942316312500526 0.46970461542514386 0.7117368673436222 1.0030662179590308 0.7175613113336491 0.999999620825065 1.0000349403622077
4 0.7214181225771199 0.6851139718183418 0.8935647210115576 0.48122494995302617 1.150709757638424 0.6983129142843448 0.9785713329755481 0.9021944174953127
4 0.7693758052752173 0.3248448488503074 0.9190513783864844 0.34533462791799524 0.8806543512754388 0.6258035091838805 0.7309788453632109 0.6053141449123219
4 0.7106020586475097 0.23178409784582032 0.4552541962457326 0.22157020243385556 0.4644045951889666 -0.0071640663100187175 0.7197505062499658 0.0030497906250005397
4 0.6053832712840403 0.24245831944127735 0.71170103904592 0.24998495900442397 0.6995019703160779 0.42229805189414843 0.5931842093749538 0.4147714781249978
2 0.8640937099620487 0.8826474878048368 0.834144703524089 0.9213537798818106 0.766757433669568 0.8692247190639899 0.7967062342746658 0.8305188722862624
2 0.8624913629707862 0.27350628476990796 0.860851062042002 0.32436076709989137 0.7926256336907045 0.3221600556485486 0.7942660872149645 0.27130573229873134
2 0.9024497999105279 0.20888274353828565 0.9688675411060785 0.21029586208932374 0.967784928556739 0.26117874098643634 0.9013671875 0.2597656249999998
2 0.800003694823431 0.18551714225479107 0.8008990608910835 0.1326986183105941 0.866260299259352 0.1338065884843794 0.8653650187198991 0.18662502808106124
2 0.9061129342679806 0.11908759412290194 0.9085433881056133 0.06805004790494164 0.9767481260804516 0.07129799464020901 0.974317724327193 0.12233549336342912
2 0.8065901424890853 0.04682271519054035 0.8074321158467228 -0.0011683054251415764 0.8740234375 -4.224174186318733e-14 0.8731814769140556 0.04799100566106441
2 0.4916840843994805 0.3632302147498391 0.492500684937454 0.3395514587744911 0.5279515244443473 0.34077398399928616 0.527134970458178 0.3644526948250225
2 0.5156250111292593 0.48339839966303316 0.5096533101979048 0.5037008665698564 0.49093704335155053 0.4981961038542142 0.49690876155966635 0.47789366649775755
2 0.52734375 0.5458984375000182 0.5297268104129671 0.5292187542049226 0.5494141137888846 0.5320312692034713 0.5470310836773251 0.5487109252792691
2 0.6689453084162551 0.47656249935523753 0.6787742962538914 0.47811433184107516 0.67578125 0.49707031249999534 0.6659522626765693 0.4955184822226197
4 0.5716696656249951 0.5549650328125191 0.5797703037677593 0.4224507953401577 0.6911333328290539 0.42925795274612216 0.6830338562658653 0.5617711088838413
4 0.4043896626338892 0.5240827182118596 0.4344288061979569 0.33001424732821566 0.5860729242114076 0.35348577193806724 0.5560360110204101 0.5475522413310285
4 0.6005940408789456 0.23028493051820928 0.5831798379584825 0.37140719470349054 0.4334775533585571 0.3529339043410461 0.45089258387258724 0.21181264688628357
4 0.8762149395616916 0.26503223440520246 0.7853242187511569 0.26233255072977524 0.7874223333268446 0.1917039104565107 0.8783126078125179 0.19440358750000034
4 0.8905663819813299 0.1943583993787687 0.8922984781249852 0.12797070625003826 0.9748865988709667 0.13012545061773295 0.9731546418558992 0.19651300781598136
4 0.7826535014301044 0.002691051934720486 0.8785270839609893 0.0065259895300449206 0.8741168468750402 0.1167820109375005 0.7782432640085517 0.11294707716256831
4 0.9776122804430543 0.0048950349962896674 0.9800909501312844 0.06537407714430772 0.8860048359374559 0.06923005468745588 0.8835261995059227 0.008751044750027671