1 0 -9.93923337957349e-17 0.46850881449881854 -0.0011436940795995464 0.47095008717860765 0.9988563885143793 0.0024412636983015545 1.0000000003479628
4 0.46679591715599145 0.1547842482624734 0.48974640252595236 -0.02880976538411143 0.8334964191078598 0.014160981781660005 0.8105468399812708 0.19775418639706388
6 0.373100183586871 0.09435053888508883 0.8309314005085753 0.14837420916588392 0.7444687716821363 0.8810676863223965 0.2866378725867662 0.8270471378071579
3 0.5612307877071316 0.5172509921254368 0.5557727091420475 0.6164267585983423 0.38073773999440164 0.6067930615334661 0.38619721999407375 0.5076188333090819
5 1.0000040147870095 1 0.7447616435250666 0.9999999999999999 0.7447808017257103 0 0.9999791139399576 9.93923337957349e-17
1 1 -1.5561254879196912e-7 1.0000001194271135 0.14100225866723318 0.7809349182516598 0.14100204868442714 0.7809351140624585 -5.123674807170134e-14
1 0.9930432180341313 0.5314697843299673 0.8314997841933973 0.5275831634449398 0.8384621067104945 0.23834794944469162 1 0.24223450312499917
4 1.0000042273276222 0.8291409843750002 0.8255211651593299 0.8291409843750003 0.8255273555267877 0.5326748765625 0.9999999122985628 0.5326748765625
4 0.4937344982002969 1.0023733840079971 0.44349401406248035 0.9966563859374947 0.4607438955468979 0.8451167521105997 0.5109822343749784 0.8508336265624992
4 0.5170076745819188 0.8604747676233314 0.7492964661651058 0.8860408004597778 0.7348349195002584 1.0174013482497009 0.502546206250031 0.991835799999995
4 0.7542195122128987 0.6564215862574795 0.7393093607346373 0.7616257176061323 0.5685336805726138 0.7374234948371565 0.5834454376952181 0.6322212805393499
4 0.3952881437500082 0.4519300421875305 0.27197807649497463 0.3532830921676344 0.4599846978221649 0.11828208639685339 0.5832924338702696 0.21692753489603608
4 0.7191641322829128 0.37277621458687343 0.596971540589152 0.33963989864943717 0.64234323281255 0.17233598906250533 0.7645342677066083 0.20547209039091402
3 0.7043107578857644 0.385686154289678 0.6981659817064383 0.46111046095358904 0.5113050788219198 0.4458861991241405 0.5174506704227042 0.370462775734986
2 0.7179006598073556 0.45300797998957154 0.7070430213877898 0.54607815913586 0.5665074910473322 0.5296832097605071 0.5773659834677574 0.43661401838935554
2 0.7657970577892002 0.6417526439196972 0.6104005695652859 0.6243492767294656 0.6581200396235545 0.1983349199693294 0.8135080077057637 0.21573780171880702
2 0.56766395769273 0.6234304612153834 0.564301221065648 0.6772365946867634 0.3862849996363593 0.6661106389608874 0.38964861150464003 0.6123054568692821
2 0.3077133242350101 0.616137261183356 0.265483232529391 0.610548438959047 0.28660023954171265 0.4510042400179201 0.3288292433788911 0.45659298939524395
2 0.5926874890255931 0.12999420142016677 0.5612084801970241 0.4098279971161891 0.2921502755275469 0.3795587647908362 0.32363182605024576 0.09972723527809192
2 0.8605078089212839 0.137812364714199 0.998320326038538 0.11812506795330989 1.014374980926732 0.23050798301705921 0.876562485186696 0.25019521674703965
2 0.9481079828716474 0.39675173869307734 0.8609686771264933 0.38928292398235775 0.8683194613163323 0.30352916528321033 0.9554579694914764 0.3109979455537754
2 0.9095837801461357 0.6548757700919856 0.9602350499897057 0.6697710113611065 0.9388378372169655 0.7425215252841666 0.8881866177288202 0.7276264041663527
2 0.819070729164082 0.6925887559500977 0.8168524223747227 0.6371302994630902 0.8818264355239762 0.634531659343452 0.8840450912559845 0.6899897530780963
2 0.7545239482118404 0.7418765885770816 0.7462189248705045 0.8311790328924562 0.33557148631939526 0.7929852713925638 0.3438803435980162 0.7036872233340556
2 0.5419921875 0.9999999999999901 0.5411352211500571 0.9459766449954374 0.6091978981462489 0.9448970983181042 0.6100553989814443 0.9989199142656298