1 1.0000261735156073 1.0000000000000002 0.595703125 0.9999999999999999 0.5957312626690054 0.3515624999999998 1 0.35156250000000006
1 0.3320312833080834 0.009764492460290293 0.32384507428912457 0.28813239217718123 -0.008188172055497489 0.27836586435374605 0 -2.0698453512961793e-14
4 0.9936569934147883 0.3295899332987261 0.40243976863530406 0.3182035695266654 0.4087921916452615 -0.011386273226478089 1 -4.2241741863187335e-16
5 0.002606973437536908 0.3076228750000392 0.15278868530401724 -0.09476064547982584 1.043830212747821 0.237802147610412 0.8936694947335582 0.6401667689084788
3 0.2906775468750311 0.6569573249999858 0.293009530059976 0.44776794927979735 0.5466894442137118 0.45059500155485765 0.5443620009427832 0.6597799254721817
2 0.463419472775513 0.7846843587523746 0.5333363448446562 0.7886785824593917 0.5210887363763277 1.0030175447037235 0.451171875 0.9990234374999981
2 0.373046875 0.9541015625 0.408203125 0.9541015625 0.408203125 0.9990234375 0.373046875 0.9990234375
2 0.3849578407714489 0.7783789682555741 0.41914973046641535 0.7800881588025056 0.41100619666406146 0.9429620182672301 0.37681430969996654 0.9412528643527776
2 0.29082842985542356 1.0026106572325233 0.22265625 0.9990234375000029 0.2347118961437218 0.7700122133764921 0.3028800277776327 0.7735993292455573
2 0.1775777643224501 1.0013020099847325 0.1413122492713228 0.9988014858270576 0.1575513786904139 0.7633579547882346 0.19381469289010056 0.7658584048867698
2 0.09035323378714111 0.768973241610591 0.10876449473448702 0.7699772419020366 0.09616738964496108 1.0009306026579035 0.07775613130445436 0.9999266333815212
2 0.062385353644572206 1.002608011704451 -0.0066023281078742 0.9986440768438043 0.007413673979840496 0.7548155556045256 0.07639689700192775 0.7587793628066491
2 0.14543131231243933 0.4508769410660811 0.21546547144964734 0.45573028961331924 0.1986459654748387 0.6984149402584149 0.12861181765492802 0.6935616941249438
2 0.11218423744560369 0.7039157149932035 0.09406841534109844 0.7026806673684745 0.10953543469088345 0.47584107345137056 0.12765051341591516 0.47707609551538244
2 0.0814545338885182 0.7053220944042969 0.012795381915566395 0.7009283010956419 0.029267506493852125 0.4435764924771811 0.09792362916073216 0.4479701898524862
2 0.6009767855091468 0.6306638954299576 0.5662529929522861 0.6287349927577042 0.57176414598257 0.5295404419148246 0.6064873238682367 0.5314693273554859
2 0.38030869057365635 0.6949194951312071 0.3810056090657099 0.6645196030211044 0.5376207252415952 0.6681085712825923 0.5369243116922462 0.6985079671121691
2 0.3046875 0.666015625 0.314453125 0.666015625 0.314453125 0.6904296875 0.3046875 0.6904296875
2 0.39995893325885845 0.4037087640062773 0.4027271572990685 0.3511199084788835 0.49509023691871334 0.355981511628897 0.4923223086325379 0.40857008379632914
6 -0.0019327512266045233 0.7272148407503617 0.003978316002644533 0.6399090936228736 0.5650990518087156 0.6778794298827183 0.5591935693688583 0.7651799793218621
3 0.5400016598416642 0.7760982991184558 0.5774215073646474 0.778336115271583 0.5640284915017446 1.0022377481764255 0.5266086500000711 1.0000000000000013
6 -0.010111930475773079 0.4041389940184525 0.13299090247653567 0.2926352679190623 0.3779546893367751 0.6070000938299853 0.23485497706451497 0.71850034850437
4 0.3568995919304143 0.33903219292758324 0.34994724959790346 0.46191051390761073 -0.0031750486086821184 0.441927493637357 0.003779709213631577 0.3190518461251842