5 -1.875177986221388e-7 0.10546874828593895 9.67168034549104e-9 0.05273435296968797 0.3046875052608584 0.05273494001279365 0.3046875035628318 0.10546917010978664
5 0.9999893658304018 0.052619372848947535 1.000178525956244 0.10676236484627455 0.37307602769169534 0.1089501740951699 0.37288728895202894 0.05480734027898999
5 0.3186951793672961 0.10959152382418562 0.31619414797637546 0.05706924648891993 0.37270662582056957 0.05437821388633434 0.3752076927712551 0.10690045276312783
5 0.3656053189024533 0.0010444435340351476 0.3647094482992088 0.0574848523503475 0.29838190181885693 0.056432026895919564 0.29927778926537485 -0.000008363319348145654
5 0.37896599168823286 0.335723918072206 0.3081339634464939 0.33726372792900594 0.3020791497895061 0.05871414185013483 0.3729098550966228 0.05717434737579945
5 1.0000113906307888 0.3402618126125513 0.9988940796482666 0.39504634415864986 0.7319843729457034 0.3896001192552354 0.7331024785682985 0.3348163387028296
5 0.37890625 0.33984375 0.72265625 0.33984375 0.72265625 0.3896484375 0.37890625 0.3896484375
5 0.30073252360580227 0.3392586939653811 0.3009912415333247 0.3890290088535859 0.0002578793921657052 0.3905897505849118 0 0.34082031249996925
5 0.31640625 0.33984375 0.365234375 0.33984375 0.365234375 0.3837890625 0.31640625 0.3837890625
5 0.9999302093791584 0.6184747395640989 1.0001952608287183 0.6766207022721662 0.07245813243685006 0.6807983088567859 0.07219844480573556 0.62265734531237
5 0.0027573593780516603 0.9742453213520624 -0.003415058817950012 0.9010399741411712 0.30439971817054357 0.8750882325059193 0.3105750137342511 0.9482903629380623
5 0.33862579207118415 0.9552693441962217 0.33761475111407435 0.9026286594547624 0.5538428377470836 0.898474345452564 0.5548554535854464 0.9511134202226237
5 0.9999808104673775 0.9080606278204739 1.0002881789761204 0.9572653580043335 0.6094217122916916 0.9596939833870235 0.6091170989450347 0.9104919870066502
5 0.115234375 0.9609375 0.142578125 0.9609375 0.142578125 0.9990234375 0.115234375 0.9990234375
5 0.5546875 0.8984375 0.619140625 0.8984375 0.619140625 0.9990234375 0.5546875 0.9990234375
5 0.9143497415159345 1.0000310651191282 0.913781729328889 0.9516914983161833 0.9994313890828153 0.950685182586782 1.0000000081844291 0.9990241332567918
5 0.5625 0.66796875 0.609375 0.66796875 0.609375 0.8974609375 0.5625 0.8974609375
5 0.10546875 0.685546875 0.15625 0.685546875 0.15625 0.9150390625 0.10546875 0.9150390625
2 0.000991960720739371 0.12244631223443635 0.02821765077294458 0.12314440226216967 0.027138428078387733 0.16523411688429213 -0.00008726193402708304 0.16453602749928034
2 0.1601562885958856 0.1806640625 0.121093746180577 0.1806640625 0.12109379869707482 0.126953125 0.16015624437136466 0.126953125
2 0.033203125 0.1171875 0.06640625 0.1171875 0.06640625 0.171875 0.033203125 0.171875
2 0.029427193162973708 0.15995823163373457 0.06931562641182154 0.16162023089657684 0.06703754749253221 0.21629418902399006 0.02714911433713496 0.2146321923740161
2 0.09555299236239989 0.1824725981140942 0.17604468716717747 0.18095391682616752 0.17884508592112525 0.32937543485834697 0.09835339129767817 0.33089410744817793
2 0.19417246830471413 0.33412997886247436 0.19273331600027177 0.19732357442272627 0.30583735914024146 0.1961338424198581 0.3072771297847794 0.332939620733309
2 0.0009797871914543066 0.27326000691944247 0.06317513675776354 0.2743907988751058 0.06209143226658398 0.33399467101995617 -0.0001039172088894702 0.33286388217789453
2 0.42861173634139504 0.12263539695974668 0.43228507011519923 0.1740611123598828 0.3930044440033953 0.17686686494698148 0.3893311596568765 0.12544119672137413
2 0.42771568937450866 0.21433517285928455 0.38840354724595727 0.21276270590795515 0.38959542036604944 0.1829666362040319 0.4289074915824358 0.18453910173505414
2 0.40424568618311696 0.31832225085630467 0.404702836410479 0.25760240449200145 0.5646733623118507 0.2588064488685073 0.5642166442229382 0.3195258624040812
2 0.569961801773502 0.2755632720318077 0.601227994001647 0.27391772907524736 0.6037098587679566 0.3210732540586008 0.5724436668193675 0.3227187934810606
2 0.6096152340668368 0.2645018271421537 0.6428433208874367 0.26583091477292525 0.640625 0.3212890624999985 0.6073969133719856 0.31995997813222116
2 0.650390625 0.251953125 0.6875 0.251953125 0.6875 0.3291015625 0.650390625 0.3291015625
2 0.689453125 0.25 0.724609375 0.25 0.724609375 0.318359375 0.689453125 0.318359375
2 0.7577600685885955 0.32254826372403644 0.7385875483041673 0.3217494295027876 0.7406050369170316 0.2733308764718708 0.759777472831388 0.2741297089309532
2 0.76953125 0.251953125 0.8046875 0.251953125 0.8046875 0.306640625 0.76953125 0.306640625
2 0.6848799536240904 0.2254430112357478 0.7078172688175073 0.22289446560020884 0.7110327776027816 0.2518340703142288 0.6880954628688869 0.2543826132481041
2 0.7874124460894336 0.24636314544155358 0.7862068957664405 0.225868784133715 0.8103650300153049 0.22444773977172006 0.8115705969811415 0.24494208329844117
2 0.7459900428129913 0.22598345299011507 0.7708794094122595 0.2243241900298881 0.772115235540582 0.2428615937790421 0.7472258690465878 0.2445208556391373
2 0.84375 0.21875 0.875 0.21875 0.875 0.2587890625 0.84375 0.2587890625
2 0.814453125 0.26953125 0.849609375 0.26953125 0.849609375 0.3232421875 0.814453125 0.3232421875
2 0.9355468185030986 0.22070307633977143 0.9355468785020093 0.2548828109159203 0.8925781256397158 0.2548828270686823 0.8925781189941517 0.22070314593905332
2 0.8617792208734727 0.11575488789256566 0.896340612323911 0.11822354055198488 0.8913041327039082 0.18873432425146996 0.8567427416758164 0.18626567562295454
2 0.8515625 0.18359375 0.873046875 0.18359375 0.873046875 0.21484375 0.8515625 0.21484375
2 0.7636719070447953 0.18359375 0.7304687476759 0.18359375 0.7304687833124035 0.13867187500000003 0.7636718692483555 0.13867187500000003
2 0.7721848023592202 0.1394598698169365 0.8122575412769493 0.141817069216896 0.8091998931950002 0.19379713023866824 0.7691271545432983 0.19143993394584954
2 0.8177150414428525 0.13523881548581704 0.8419337937640421 0.13758254813222948 0.8384966981400339 0.17309922476158227 0.8142779461290957 0.17075549407524027
2 0.912109375 0.119140625 1 0.119140625 1 0.21875 0.912109375 0.21875
2 0.9980469283594857 0.2177734398199502 0.9556677075695461 0.21593088470194635 0.9578899109362737 0.16482165112984234 1.0002690078520118 0.16666420358430611
2 0.9391656848757748 0.25413103792171843 0.9705262446557299 0.2527675696558401 0.9728994708075334 0.30735189141836416 0.9415389112891717 0.3087153564815512
2 1.0000520005132785 0.33474014034071276 0.9769490735737918 0.33506552532802564 0.9759206659034589 0.2620441338837459 0.9990234375 0.2617187500000002
2 0.9206157145162024 0.04304491177728337 0.9198695948203977 0.002007341496148749 0.981816453383999 0.0008810619560033359 0.9825625816381489 0.041918621951512525
2 0.8257755470193615 -0.000015682860577607416 0.8263386750307973 0.020820027620864424 0.7896256266544697 0.021812271580561687 0.7890625 0.0009765624999905716
2 0.912109375 0.0009765622172735942 0.9121093753050218 0.013671875013312714 0.8828124999286047 0.013671874974389526 0.8828125000538876 0.0009765625409952842
2 0.7441406250178488 0.0009765619467525656 0.7435518456383079 0.01922873904974109 0.7132784073035054 0.01825217629499141 0.7138671875 -1.141458833435393e-15
2 0.6218490116212934 0.0010009245826118045 0.6210226904854608 0.026616911430031708 0.5857141693417134 0.025477926175040674 0.5865404923503093 -0.0001380584305548072
2 0.458984375 0.001953125 0.474609375 0.001953125 0.474609375 0.05078125 0.458984375 0.05078125
2 0.5434418000425012 0.0009908961841562064 0.5426659265101534 0.02659475350063863 0.5095523935888195 0.025591312410325452 0.5103282688340869 -0.000012542965290868515
2 0.4580078124931788 -2.404146449811287e-10 0.4584236086279816 0.01455285222966021 0.42407664643985754 0.015534193822423681 0.4236608508899735 0.0009813417634006716
2 0.6619970033312939 -0.00010434616156095126 0.6631207204007978 0.030235981211727773 0.6311911382272228 0.031418557115888146 0.6300674235952783 0.0010782321740398335
2 0.13016730272784116 -0.000054579513183190665 0.13109742046162864 0.03808013363430957 0.08796377979535919 0.039132171285581656 0.08703366744839514 0.0009974640189336344
2 0.1425346935509424 0.45532070149603443 0.11209064532067714 0.45423347228904726 0.11423298182467079 0.39425135922525584 0.14467679427866642 0.39533858422355544
2 0.1485701581691501 0.41003464723631267 0.18544000361430335 0.41163758883889523 0.18315153668061157 0.46427246633232777 0.14628169153820636 0.46266953035822483
2 0.22125997217983695 0.42781918818830444 0.22064683962253184 0.3965429113587717 0.2808259091771106 0.39536317653904424 0.2814391572845807 0.4266393356487436
2 0.2235272172945315 0.503909103771487 0.22257927389421184 0.4688312495602988 0.28097199409990026 0.4672532961753559 0.2819200847357024 0.5023309994177794
2 0.22271986893815665 0.4688109746182261 0.22185747476862616 0.42827070363706793 0.2810891586435673 0.42701072658991235 0.2819517131159728 0.4675508341001966
2 0.14062498465534645 0.53906238808839 0.14062516510307432 0.5957031415146292 0.10742189211498498 0.5957031111939716 0.1074218739255457 0.5390625195050649
2 0.2670832570499897 0.5301216971447934 0.2783434396578741 0.6054650940688007 0.1563588098973696 0.6236929511007874 0.14509953865319858 0.548350371799971
2 0.392578125 0.3828125 0.45703125 0.3828125 0.45703125 0.5009765625 0.392578125 0.5009765625
2 0.5150547270966399 0.4533583706049615 0.48433173599539714 0.4554064598436698 0.48046016234127364 0.39733125921722373 0.5111829258621583 0.39528317751525677
2 0.5997673469893243 0.46031681071169245 0.5668985139059259 0.461534107754695 0.5646592496174208 0.401070166596732 0.5975278198354772 0.3998528744532274
2 0.6464844653401087 0.4462890625 0.613281231566134 0.4462890625 0.6132813490814897 0.396484375 0.6464843693537432 0.396484375
2 0.65234375 0.400390625 0.685546875 0.400390625 0.685546875 0.4580078125 0.65234375 0.4580078125
2 0.6891804248023163 0.4029075440432026 0.7202019507634532 0.40155885995283047 0.7225641197104551 0.45588892623638466 0.69154259405434 0.4572376055240305
2 0.703125 0.4609375 0.732421875 0.4609375 0.732421875 0.4990234375 0.703125 0.4990234375
2 0.7658458277488762 0.4637460750167748 0.7326165998797478 0.4650240509971051 0.7300808536527938 0.39909090710168016 0.7633097931287693 0.3978129366803475
2 0.8066405257220595 0.4062499190007974 0.8066406461801989 0.4570312639767 0.7734375004445155 0.4570312485214264 0.7734374908264954 0.40625001417345485
2 0.8128776834602149 0.4651836722892754 0.8098130630088463 0.4069567546628337 0.8431293913930631 0.4052033672559484 0.8461941334925314 0.46343015559635653
2 0.8553361852799526 0.4083489380781303 0.8937535435235304 0.4065196459578658 0.8960513301886976 0.45477330353096435 0.85763397236542 0.45660258984147234
2 0.896484375 0.40234375 0.931640625 0.40234375 0.931640625 0.45703125 0.896484375 0.45703125
2 0.9999997948091277 0.4550779110025751 1.000000010124836 0.49707030267573454 0.9492187748813876 0.49707038544405246 0.9492187142448074 0.45507814803637076
2 0.9628906184743755 0.4042968182116091 0.9628907200960839 0.4492187587476815 0.9316406327131972 0.44921874728733585 0.931640622210125 0.40429689750945924
2 0.9953902516995186 0.5605074086249979 0.9961604916504712 0.6043882019147002 0.9376532824993546 0.6054148252793246 0.936883275068567 0.5615342616557532
2 0.8091159481958812 0.5178594268202593 0.881960481676856 0.5131602478051724 0.8881638800077098 0.6093135901119702 0.8153193505439731 0.6140127301123276
2 0.8984375 0.55078125 0.92578125 0.55078125 0.92578125 0.6005859375 0.8984375 0.6005859375
2 0.853515625 0.552734375 0.88671875 0.552734375 0.88671875 0.6044921875 0.853515625 0.6044921875
2 0.770441714106596 0.5138850671992071 0.769107573542783 0.5378996104874182 0.7255137535079257 0.5354778194613811 0.7268479728655848 0.5114633599561837
2 0.7988282509971896 0.5947265625 0.7695311615577793 0.5947265625 0.7695312654773261 0.548828125 0.798828122260943 0.548828125
2 0.6542964504108113 0.6035156172773435 0.6542969092220119 0.5390624657810338 0.7285156607472345 0.5390629954033394 0.7285156191824171 0.6035157273040718
2 0.728515625 0.6181640624999493 0.7317792168714732 0.5887957489052347 0.7493572889660527 0.5907489278613519 0.7460937493057145 0.6201171937478999
2 0.6445316251317763 0.5996093750000001 0.5820312202278046 0.5996093750000001 0.5820317203969125 0.5175781250000001 0.6445312361063316 0.5175781250000001
2 0.3907096378046617 0.5149992865193023 0.4268219840768097 0.5158590197536362 0.4245778421519617 0.6101135679725519 0.38846549610514103 0.6092538416554097
2 0.455078125 0.513671875 0.5234375 0.513671875 0.5234375 0.58203125 0.455078125 0.58203125
2 0.48632809848368197 0.5507811342647403 0.4863282901102366 0.6132812738547518 0.4531250076112201 0.6132812186674799 0.4531249994843165 0.550781261332563
2 0.5291512000280818 0.5568024694944226 0.5544716992947087 0.5554699489050082 0.5567323475335115 0.5984224153376562 0.5314118486668349 0.5997549308883832
2 0 0.802734375 0.025390625 0.802734375 0.025390625 0.8798828125 0 0.8798828125
2 0.0390625 0.83203125 0.1015625 0.83203125 0.1015625 0.8779296875 0.0390625 0.8779296875
2 0.09954031866470814 0.7552828336240524 0.0741714760973764 0.7545368063801906 0.07627760972206943 0.6829363403782815 0.10164605404884242 0.6836823617585173
2 0.20223985102882125 0.7524359260793204 0.1664905734068043 0.7546699014569451 0.1631544876369162 0.7012893445224833 0.19890334435444856 0.6990553823088634
2 0.17578125 0.8046875 0.224609375 0.8046875 0.224609375 0.884765625 0.17578125 0.884765625
2 0.2373046875 0.8320312500000012 0.270378089522751 0.8311375740583156 0.2718949629091867 0.887262018253558 0.23882156111835684 0.8881556876285174
2 0.3339845866331643 0.8828124999999998 0.29687474818274495 0.8828124999999998 0.29687501481259915 0.8300781249999999 0.33398434348032424 0.8300781249999999
2 0.37304701655909867 0.8759765625 0.341796858112275 0.8759765625 0.3417970396538976 0.8339843750000001 0.37304685637400326 0.8339843750000001
2 0.3825738527177691 0.8233739545186068 0.42026885280847637 0.8218036792731023 0.4225959989130388 0.8776555682394971 0.38490099953912704 0.8792258321364145
2 0.4453125 0.81640625 0.48828125 0.81640625 0.48828125 0.869140625 0.4453125 0.869140625
2 0.5562223001119264 0.7907527592052999 0.5589103923003904 0.8364358723395485 0.5084187728402867 0.8394059971311496 0.505730982825753 0.7937231707572994
2 0.5040533785180514 0.8388005419969383 0.5373555205388811 0.8400336670936184 0.5351509204125477 0.8995582708254398 0.501848778917747 0.8983251554523995
2 0.4101562159835339 0.7050780781859315 0.4101563312608505 0.7607422568070431 0.38476559358753093 0.7607421816380059 0.3847656356256266 0.7050781596264213
2 0.47460936831669187 0.7021482036647058 0.47606438150125996 0.7530554963465319 0.44188450199112594 0.7540320988827202 0.4404296875 0.7031249999999932
2 0.634765625 0.701171875 0.658203125 0.701171875 0.658203125 0.7451171875 0.634765625 0.7451171875
2 0.6622244256795966 0.7404109543508212 0.6607287655044729 0.7000293192712088 0.6942475126464842 0.6987880576545541 0.6957433156059096 0.7391695440181862
2 0.7421875 0.6875 0.77734375 0.6875 0.77734375 0.763671875 0.7421875 0.763671875
2 0.8164671690607292 0.7547505941933109 0.7816097968091071 0.7559123249202795 0.7794260717153065 0.6903926886676816 0.8142829417308803 0.6892309663129484
2 0.8221533051531651 0.6954341606412008 0.8553034096834153 0.6941083704526728 0.8574936362645076 0.7488643436644259 0.8243435322154937 0.7501901258601676
2 0.8626845968072985 0.6960746310559617 0.8935644442123021 0.6945308886694892 0.8963650501467555 0.750543312584224 0.8654852034471787 0.7520870454193858
2 0.9015908107487576 0.7007063172377058 0.9326367049561668 0.6871259396833673 0.9535482779806443 0.7349242558155825 0.9225024299340703 0.7485045558019731
2 0.9999999940428097 0.6728513778827188 1.0019110658481623 0.7320767137735967 0.9686163502817635 0.7331507225309655 0.9667054961315671 0.6739255973338454
2 0.9707031906699513 0.7343749999999999 0.9433593117398686 0.7343749999999999 0.9433593960866347 0.70703125 0.970703110723889 0.70703125
2 1.0000002326265758 0.787109375 0.9589843525203605 0.787109375 0.9589845952996257 0.734375 0.9999999762627567 0.734375
2 0.6163014121132164 0.7555505502086068 0.6433674897599531 0.7566329961492056 0.6421226086258685 0.7877550968351555 0.6150565312156004 0.7866726548584075
2 0.6163232472032405 0.7940671635719964 0.656493365297365 0.7956736463981657 0.655201685617385 0.8279657128338868 0.6150315679312826 0.8263592364098861
2 0.0009765625 0.9999999999999644 -0.000003861802383653412 0.9774542166653931 0.02330480187856665 0.9764409047696901 0.024285301661620906 0.9989866091578061
2 0.0458984375 0.9999999999999758 0.045364875830387064 0.9727815418537941 0.09516936913269092 0.9718054506732591 0.09570313024391908 0.9990237049000683
2 0.16870882924149555 1.0000071655852718 0.16782539274436203 0.9708553999001109 0.20076145651501065 0.969857555882151 0.20164503248679466 0.9990091777264792
2 0.208984375 0.966796875 0.23828125 0.966796875 0.23828125 0.9990234375 0.208984375 0.9990234375
2 0.24868891788491965 1.0000095567396174 0.247911456003294 0.9727995938577869 0.28242552909466667 0.9718137130956638 0.2832031277811211 0.9990235348188944
2 0.29118729573178825 1.0000950975932639 0.2902036651256594 0.9715728251236703 0.3220220072730626 0.9704758462811433 0.3230057692785522 0.9989979822952412
2 0.34070209708340826 1.0000035820328028 0.3397021845614745 0.9670082665261478 0.37257910572145647 0.9660122226776915 0.3735791755162836 0.9990073760263726
2 0.3876953125 1.000000000000042 0.3869622205302221 0.9787429142348364 0.4152824481012658 0.9777665147247352 0.416015627491106 0.9990235097227874
2 0.5026439977496011 1.0000069670773082 0.5018834568296597 0.9688231313799632 0.5422080287418112 0.9678399238920838 0.5429687532591743 0.9990235710974509
2 0.6162109375 0.9999999999999779 0.6152136268119648 0.9650953943412066 0.6493931434060869 0.9641190876963549 0.6503906272126869 0.9990235149262662
2 0.650390625 0.9609375 0.68359375 0.9609375 0.68359375 0.9990234375 0.650390625 0.9990234375
2 0.7382812235855454 0.9628904883984734 0.7382814199257837 0.9990234430356619 0.7070312739803057 0.9990234370613441 0.7070312461102048 0.962890650402523
2 0.7402341886300974 0.9990234343008545 0.7402344535099701 0.9628904136631489 0.7753906353098046 0.9628906592172134 0.7753905600430926 0.9990234906272674
2 0.775390625 0.962890625 0.8046875 0.962890625 0.8046875 0.9990234375 0.775390625 0.9990234375
2 0.814453125 0.9599609375 0.8515625 0.9599609375 0.8515625 0.9990234375 0.814453125 0.9990234375
2 0.6779362925942678 0.8376690665893215 0.6805243903678502 0.8971697855437863 0.6262790880033435 0.899528353390714 0.623691435280648 0.8400280630919276
2 0.681640625 0.826171875 0.71484375 0.826171875 0.71484375 0.8857421875 0.681640625 0.8857421875
2 0.719109283151738 0.8427962106504862 0.7540001853619742 0.8364538704647092 0.76364070715249 0.8894770498731692 0.7287498170734352 0.8958193449242666
2 0.8319833195173487 0.8968080474517445 0.7970192240702545 0.8955133734946641 0.7991973836585657 0.8367109822535466 0.8341609385295214 0.8380056462178154
2 0.8847657803262337 0.845703125 0.8535156057595259 0.845703125 0.8535157904668722 0.798828125 0.8847655984810672 0.798828125
2 0.92578125 0.79296875 0.95703125 0.79296875 0.95703125 0.830078125 0.92578125 0.830078125
2 0.9254664500795116 0.8683333131433546 0.9580012917652994 0.8625932242929671 0.9632708002019399 0.8924538536158427 0.9307359645654287 0.8981939191362337
2 0.8883496558827346 0.7991998369072504 0.910002604643978 0.7976535139197902 0.9125059530316548 0.832700531760942 0.8908530049935734 0.8342468479947858
2 0.8496092821502543 0.7988280617611957 0.849609391040758 0.83886719429201 0.8300781271047981 0.8388671713692272 0.8300781157178108 0.7988281362155352
2 0.9266731522542386 0.8671911807298193 0.92578125 0.8466796874999538 0.9562940795625536 0.8453531746782702 0.9571860597804971 0.865864586123077
4 0.0009765604692120178 0.21679687496307637 0.06924234614780289 0.21803804696051068 0.06804181488519134 0.2840673606086704 -0.0002239706435602784 0.2828261917469676
4 0.1223115992260091 0.1722541223121481 0.09418654160924689 0.16600414268487457 0.11107538332328204 0.0900046134378438 0.13920035822150112 0.09625458363475548
4 0.15223767722534376 0.12472231709984764 0.134765625 0.12402343750000218 0.1358482764925384 0.0969573707283355 0.1533203125 0.09765624999999992
4 0.15891477153331834 0.12172499657415546 0.1646436651459453 0.07825422034624646 0.30873154263008473 0.09724298929731683 0.3030027664769932 0.1407136593551669
4 0.74609375 0 0.787109375 0 0.787109375 0.0498046875 0.74609375 0.0498046875
4 0.8922776480631001 0.0502554085863706 0.8648737955853676 0.046829927783242464 0.8691556508382519 0.012575120479819893 0.8965594951333742 0.016000600798283617
4 0.4914513221917787 0.01266526418989841 0.5176532455768665 0.0093900245206908 0.521844951992648 0.04292367824103669 0.4956430287106741 0.046198917437049354
4 0.41796875 0 0.447265625 0 0.447265625 0.0546875 0.41796875 0.0546875
4 0.7604626646159431 0.37843658141994185 0.7138248808420258 0.3858001983840375 0.6995883382907095 0.29563430125968004 0.7462256966409768 0.28827071831512635
4 0.3345446968736496 0.38018692387336067 0.3590228088381764 0.37796175188863423 0.3627049191985634 0.41846506081974255 0.3382268079678852 0.42069022727911853
4 0.3214994619565914 0.4178771586583678 0.372345470912137 0.4205530927683673 0.36827197909406095 0.4979496296208347 0.31742597134166317 0.49527371000017034
4 0.310546875 0.498046875 0.37109375 0.498046875 0.37109375 0.58203125 0.310546875 0.58203125
4 0.38989054801629663 0.5608233336984458 0.35164868621643564 0.55827407671653 0.35979003546628974 0.43616057444828604 0.39803119906707707 0.4387098082982937
4 0.4478978932119162 0.38511382142107836 0.4919660847326668 0.3808494213397396 0.5036183280057003 0.5012565587641342 0.4595501414659111 0.5055209236780484
4 0.5991262966495015 0.611376710359198 0.5509744053285885 0.6161914348647398 0.5411414612030967 0.5178583127918124 0.5892925472045363 0.5130436286180331
4 0.6243481012779739 0.6455257349197373 0.5882180283124399 0.6435187394355714 0.5917939900623423 0.5791557561436578 0.6279236271733453 0.5811627394490656
4 0.8473772237141475 0.4682040762770356 0.9197578758898999 0.4433253620439869 0.9590393831614392 0.5576002854353475 0.8866588499627142 0.5824787644646117
4 0.8101423481458596 0.5044680501897293 0.7750460470689404 0.5249394203588522 0.7519172263051814 0.4852899617798017 0.7870133350464812 0.4648186632271365
4 0.7510411251158757 0.5781992685700614 0.7103722277205406 0.5752946163919882 0.7139862127547758 0.5247016429434166 0.7546547640744166 0.5276062826930837
4 0.6374349293101886 0.7523376401911274 0.5894591493856751 0.7546218450519634 0.5858581625722081 0.6789935472556662 0.633833152546913 0.6767093612230253
4 0.6805776222793156 0.6458276624696591 0.7233562735733585 0.6486791732447352 0.7180586229569599 0.7281439225059316 0.6752799740686442 0.7252924354997049
4 0.7918099473282609 0.7753183077815367 0.8334584746615974 0.8148226960839686 0.77211813363283 0.8794783749432027 0.7304700365734789 0.8399744285177975
4 0 0.546875 0.078125 0.546875 0.078125 0.7900390625 0 0.7900390625
4 0.1683052696480445 0.6582153922624742 0.22140652861537546 0.6452659055029889 0.252117872040003 0.7711837328318198 0.19901667958890812 0.7841330369706632
4 0.30809607697369756 0.9700255152148289 0.31604708197494347 0.9183639070892492 0.447842329180844 0.9386418462568987 0.43989244613442224 0.9903024475268563
4 0.07062796158390938 0.941000171831584 0.10740697683536382 0.9364040838503186 0.11216950930383973 0.9745045105961279 0.07539049880278981 0.9791005728262785
4 0.8974607687964635 0.9472654338588002 0.9252805380508562 0.978785107512849 0.8759913099000869 1.022275420115978 0.8481718660285651 0.990756056515165
4 0.4398751694773182 0.7624161798681375 0.4061303864829142 0.7639157244887526 0.401466878290762 0.658979837251159 0.4352109013473182 0.6574803094478127
4 0 0.392578125 0.041015625 0.392578125 0.041015625 0.5751953125 0 0.5751953125
5 0.0833626388752009 -0.00019757184257074615 0.08406185036244551 0.04944598316110179 0.0006991945782601761 0.05062009552354899 0 0.0009765624999858566
5 0.174826746755798 0.0010485496527260561 0.1735912430991675 0.051704400588961634 0.12883890045930002 0.05061287631436849 0.13007441345973803 -0.00004296360192389637