2 0.7431647693755394 0.8947365968990797 0.7130140046707538 0.8310989606760025 0.7486955432163995 0.814197356033711 0.7788463825216922 0.8778346637332731
2 0.5219446635147733 0.5747053898740149 0.5194378757803406 0.6624693309802238 0.38918624404732327 0.6587481058482259 0.39169407230440356 0.5709852394263316
2 0.2167969568905619 0.62109375 0.1855468555833113 0.62109375 0.18554695544082733 0.5859375000000001 0.2167968552333832 0.5859375000000001
2 0.5149752547799835 0.855121888677199 0.5108030655666198 0.9218785597157264 0.3969889931182706 0.9147656116616 0.4011621368888427 0.8480099603693765
2 0.13364478370590405 0.8540000678267469 0.18768385906503227 0.8444660082039602 0.19741644096836808 0.8996176504556616 0.1433773842595656 0.9091516386588931
4 1.0000660745530467 0.8173828125000003 -0.000057255906313002924 0.8173828124999999 2.0595234673237428e-7 -9.93923337957349e-17 0.9999999209650241 -3.975693351829396e-16
4 0.0009765445597622602 0.6230468748963167 0.2057655861699459 0.6242304291787535 0.20442490745119812 0.8561704473691867 -0.0003641344683273928 0.8549869242361129
4 0.001882327665498451 0.9538018424800152 -0.009063347683195389 0.8646850488740586 0.08207761272319658 0.8534933522630312 0.09302425081193633 0.9426090299538308
4 0.09519731796137876 0.937121989727381 0.09732912407628191 0.9839895480669604 0.00013898701615744358 0.9884081238379242 -0.0019921213900033763 0.9415412376843283
4 0.2343940940097582 0.8732112852986127 0.2304638874639977 0.6374189249558355 0.604245209158421 0.6311880110032925 0.6081853576101821 0.8669700064118343
4 0.25781215766369314 0.6249993276384048 0.25781315985557285 0.7880861657091057 0.17968725139917296 0.7880856727341193 0.17968762327598142 0.6250002157532423
4 0.2928949113717181 0.7820726062635309 0.2976190176369755 0.8552631122001573 0.14270596329254204 0.8652577210888657 0.1379833637010961 0.7920686386234308
4 0.2265625 0.837890625 0.38671875 0.837890625 0.38671875 0.953125 0.2265625 0.953125
4 0.6320895781253739 0.8985739372045224 0.6385936154841829 0.9765670714676004 0.38086026046494226 0.9980480692466215 0.3743593504910905 0.9200578574509262
4 0.5682056358745058 0.8698896678437753 0.6078772683820262 0.8004824790598685 0.7296598190540635 0.8700749419153586 0.6899896755510326 0.9394808416570797
4 0.9533993472585962 1.0136455025640037 0.8350158825172684 0.990439101944726 0.8647750982610205 0.8386849340117812 0.9831536093008708 0.8618908383563887
4 0.7735089530136747 0.8336495145303355 0.8959130955196315 0.8200524867410204 0.9107280562499227 0.9533898150966389 0.7883239575385232 0.9669865940817061
4 0.6435946793641278 0.9688481056230585 0.6462899549247823 0.9320308662732126 0.7881080414809958 0.9424091279088649 0.7854135782911271 0.9792256019902174
5 0.112579342806157 0.9561036456880688 0.12215641698060153 0.9868050319294434 0.007967912211483963 1.0224133751931812 -0.0016085129268503806 0.9917125415131735
5 0.21834786915064797 0.9576625447276474 0.2251292527324722 0.9305481267568676 0.42457582620647827 0.9804131895648652 0.4177953941242549 1.0075267909706673
5 0.11986048803373706 0.9880958508199467 0.11625802575417765 0.9659713015291419 0.1974102536346436 0.952761069920308 0.20101293021332367 0.9748853490913515
5 0.59375 0.974609375 0.69921875 0.974609375 0.69921875 0.9892578125 0.59375 0.9892578125
5 0.7436902296204835 0.9108322601150786 0.7411355787730827 0.898061887732193 0.7708081420912549 0.8921274724441628 0.7733628322777122 0.9048977917380868
5 0.6564319612548388 0.9824513019092391 0.6561590172669867 0.9750828835081183 0.683320780720237 0.9740770154453704 0.6835937533866172 0.9814454039155018
5 0.5913043326604566 0.986220621836357 0.592292899243489 0.9727161725535035 0.6520434658970089 0.9770886043465864 0.6510550281915357 0.9905929326983093
5 0.7485082699220129 1.0010821132077117 0.7479845890677552 0.9743608715261464 0.8532595895140958 0.9722976216012917 0.8537836844650428 0.9990184419255762
5 0.7257656258036604 0.8659338554676095 0.7632075749088472 0.9004865493687395 0.7023709196603249 0.9663930949376944 0.6649293850566664 0.9318408306779699
5 0.6380061368271299 0.9435378229621287 0.6476369400012345 0.9562467341577404 0.6053338193327136 0.9882947495068085 0.595703125 0.9755859374999608
5 0.418026519230807 1.0000337533142927 0.41788938313766266 0.9883625129607017 0.5107303091798485 0.9872715252256549 0.5108676073305105 0.9989426005476721
5 0.9199218749998863 0.8486328124999909 0.9414798801969937 0.8071857348862901 1.019702041711298 0.8478628021544323 0.998144587002912 0.8893094080603374
4 0.17578125 0.9990234375000092 0.17578270080343827 0.9609361064995775 0.3417973818698101 0.9609407702583725 0.341796874951001 0.9990271594175161