4 0.32967572227107667 0.6178200354867837 0.38252546392038766 0.6310306551918051 0.3544922766157015 0.7431633560213331 0.3016425914256615 0.7299528946273746
2 0.8587623324704055 0.05249217840166658 0.8929700592747167 0.055492848516738726 0.8873803312651489 0.1192157842071151 0.8531726048429391 0.11621511662956256
2 0.8419479475716116 0.1316811847883453 0.8856979647493972 0.13988424119332366 0.8734927857448156 0.2049785676528491 0.8297427719768393 0.19677552514772975
2 0.8338216573524733 0.21310312314609023 0.8658978936482526 0.22017062871966497 0.8518600375315373 0.28388100304677166 0.8197838070560692 0.2768135149959187
2 0.8315793116962595 0.36374174815758925 0.7974207577500465 0.3591874185724591 0.8063933213887822 0.2918941952295206 0.8405516473376338 0.2964485094370089
2 0.7915780418449003 0.37385962139142 0.8378125136330254 0.382265451732971 0.8265000742286475 0.44448399831502683 0.780265610973288 0.43607820110122436
2 1.0000000248987817 0.10839843750000003 0.9628906192330078 0.10839843749999999 0.9628906504709676 0.04492187499999998 0.99999999961085 0.04492187499999998
2 0.9624852252063647 0.10786414354535231 1.0107237604452166 0.12164649030848794 0.9914136354085485 0.18923194272750546 0.9431751083183144 0.17544961769373793
2 0.9439912177250562 0.195714692804336 0.9798368545074254 0.2046759507406508 0.9634076503537017 0.27039283658629854 0.9275620214417586 0.261431600124011
2 0.8954205217251001 0.3483242170548684 0.9042100491941483 0.2809413450295788 0.949298745280089 0.2868226406383605 0.9405093817472334 0.3542053642574026
2 0.8887469388025693 0.36974164364644496 0.9229267080277168 0.37657724958286326 0.910757223480573 0.43742483274364813 0.8765774619432705 0.43058925283437705
2 0.872070272085125 0.4667968662837243 0.8930754433160928 0.4713270486780005 0.8823332907603572 0.5211317275295413 0.861328125 0.5166015624999937
2 0.8338968579752191 0.4742005302172989 0.8269422495121717 0.497050001860279 0.8020720218623865 0.4894808435324963 0.8090266548921363 0.466631415607549
2 0.9811459929202329 0.46436728894802687 1.0105719581500807 0.46948445343550393 1 0.5302734374999928 0.9705740407695203 0.5251562968605791
2 0.9418360294188233 0.6260796763324936 0.9753047157010997 0.63064296817293 0.9665691727525427 0.694703920671138 0.9331004924565605 0.6901406586172955
2 0.8370641328757529 0.6027649708715717 0.8731220294296236 0.6099756476032526 0.8588493017042538 0.6813394389646009 0.822791419918417 0.6741288134580904
2 0.7268668387275738 0.6623141023967403 0.7416889478578241 0.5931547112702525 0.777702556837653 0.6008722116511457 0.7628807278940712 0.6700313596201436
2 0.7623964624284554 0.6870030435678837 0.7516925206813312 0.7565704628566114 0.7107444133383751 0.7502707808187457 0.7214486110927965 0.6807036774676696
2 0.8385923130348374 0.7640952392197295 0.8034695269699341 0.7580405468184246 0.8153780048774024 0.6889734325852614 0.8505002572737794 0.6950280779099658
2 0.9385620654679769 0.7875217377384914 0.9076841468893235 0.7792890196557313 0.9247682109038351 0.7152249021030003 0.955645683585999 0.7234575574553521
2 0.9034704151930555 0.8000301827127277 0.9365236004912276 0.806639387876459 0.9227015207520708 0.8757501921995141 0.8896483529531451 0.869141046492474
2 0.910998239063133 0.8024620620329692 0.9126322660598589 0.7899373967232801 0.9380991192108468 0.7932592580070218 0.9364651354044327 0.8057838842710833
2 0.9306640256271521 0.8222656149459436 0.9438853873763264 0.8258706583896182 0.9350963557174055 0.8580972155382037 0.921875 0.8544921874999918
2 0.7965610434906694 0.7758875614055225 0.833810790667826 0.7818463128430628 0.8236582211305858 0.8453002022375408 0.7864084850931476 0.839341498103242
2 0.7359390099600205 0.775586147677271 0.71523259227979 0.8376946798043937 0.6818339794901931 0.8265619125886509 0.7025405331155525 0.7644536483731361
2 0.6795345316850216 0.8389114186781407 0.7273735568709299 0.8477683918321071 0.7121810342110848 0.9298082741170103 0.6643420355634362 0.9209514004249276
2 0.7722928849311756 0.848361526046571 0.8189422095525742 0.8594658258303538 0.8023658295032874 0.9290868971214814 0.7557165424888126 0.9179827048373079
2 0.7436169680200919 0.907762094107574 0.7836743236473467 0.9153384948188432 0.775440493136216 0.9588602782962083 0.7353831506693496 0.951283925288074
2 0.8897749713355552 0.8750972607658181 0.9340470828321941 0.8832936768730597 0.920305359975714 0.9574994711150784 0.8760332722331441 0.9493031413963773
2 0.9425690790893668 0.9058264350740114 0.9753455509131754 0.9076468568212362 0.9720763476941556 0.9664929300311138 0.9392998771039629 0.9646725236098567
2 0.5768057462252045 0.9559391863996598 0.5436280784350629 0.950253010355931 0.5569968960284086 0.8722710820625389 0.590173846413677 0.8779571951462755
2 0.4851664782155467 0.8265043632326201 0.5161788102211631 0.8437294055078376 0.4791425157542335 0.9103950130400608 0.4481303078101746 0.8931701447119831
2 0.37136431901035394 0.9571710053148217 0.37013690112985387 0.9166659055475819 0.4324609830607642 0.9147777750061171 0.43368874981320005 0.9552825126791749
2 0.35491700862553444 0.9234944325290014 0.35793991060961616 0.9627754690833927 0.2955085964237014 0.9675780997698791 0.2924860725454437 0.9282974162318506
2 0.5848353257656527 0.7898063192883202 0.6151182891527469 0.7988893006920027 0.5967875790563539 0.8599918972274856 0.5665046465974228 0.85090898877837
2 0.6201726508616048 0.7815444875246573 0.5902486219987395 0.7729961925689828 0.608306180124714 0.7097958771075313 0.6382297889538222 0.7183441083925309
2 0.5136721176182846 0.8066406250000001 0.4785154085245722 0.8066406250000001 0.47851570564716894 0.73828125 0.5136718480426907 0.73828125
2 0.48046875 0.638671875 0.51171875 0.638671875 0.51171875 0.7177734375 0.48046875 0.7177734375
2 0.4748785850246122 0.6320348124804565 0.4782110444994032 0.5620669199172467 0.5217320666880596 0.5641395885195557 0.518399896933488 0.6341072038497729
2 0.544363998980316 0.4564849853666306 0.5534639770260128 0.5611203288151884 0.48823025600904657 0.5667926877742201 0.4791308514214734 0.46215787600051744
2 0.4953441276761623 0.39960424315932824 0.5280405583800984 0.4047665466506651 0.5198216058678327 0.4568200012310804 0.48712517935030064 0.45165771548149863
2 0.6734146765113564 0.5575249955103826 0.6388784424059395 0.5498509072580329 0.6515395423996324 0.4928769404823722 0.6860754673222118 0.5005509932101828
2 0.6386335805080989 0.6335155511041767 0.6295701855453899 0.5700780920901988 0.6670311454761304 0.5647266006508795 0.6760947213118698 0.6281638417856922
2 0.6361395081729597 0.6417360995815073 0.658891688702397 0.6471958577417563 0.6450632380335719 0.7048146456380093 0.6223110690497151 0.6993549206261048
2 0.6493877451262051 0.4806085481242018 0.6613820638591505 0.41584470171412297 0.7026463710349162 0.4234864809468034 0.6906522654959417 0.48825013846821785
2 0.7028002774371771 0.41452444387751425 0.6602972446866033 0.40492738673125295 0.675850869555461 0.3360480195684174 0.7183535728109973 0.34564503813465247
2 0.7202758272051142 0.3381811466030168 0.6885939757041797 0.3321466689362815 0.7015522447200055 0.26411643160322723 0.7332339010861233 0.27015089022740457
2 0.7029663649493614 0.25778606505179086 0.7142367440933413 0.19016567987352978 0.7490762422316948 0.19597235274708566 0.7378059548871079 0.2635926577847489
2 0.7576263653130582 0.18950251340186666 0.7179861876750238 0.18702501876788316 0.7223940829680942 0.1164997312722348 0.762034133543807 0.11897722198934547
2 0.7632341248631747 0.11169854246691169 0.729775049226987 0.10891029141987904 0.7350552527453829 0.045548225642745896 0.7685142734200099 0.04833647426950019
2 0.7001952993776968 0.2070312441177024 0.723188101244773 0.2173381955531966 0.7072246588626285 0.252948953768526 0.6842318655237705 0.24264201643557495
2 0.6351467389988557 0.10301543390684725 0.6012766581193318 0.09925209760380825 0.6071360581682939 0.04651772208624838 0.6410060965988578 0.05028105593907746
2 0.5925606426433205 0.11180311540345261 0.6292824352705111 0.11409821369474335 0.6262729536094866 0.16224995511448548 0.5895511611116717 0.1599548591234366
2 0.606968793571582 0.22612499016253385 0.5727655799446438 0.21990629596005673 0.5813281401357244 0.17281251294688274 0.6155312574933305 0.17903119823186303
2 0.5909013824818885 0.2830836881947655 0.5566149827271829 0.2785122619464586 0.5620735680751068 0.23757336401961643 0.5963598556638772 0.2421447826299926
2 0.5659555845596742 0.3411207660020916 0.5321513398195066 0.3343601185297988 0.5410907548467776 0.2896635006391575 0.5748948553028868 0.29642413320730243
2 0.5414292903764135 0.3985293400621291 0.5097885119155308 0.3914983481208546 0.5206801715385154 0.3424864193648214 0.5523207761699496 0.34951739119141534
2 0.46608117016648976 0.12497183841567681 0.5011916091318653 0.1326044791129791 0.4876537198007327 0.19487883147245202 0.452543284746298 0.18724620260063998
2 0.483089098412961 0.05405115565930348 0.4852543627663408 0.0995209957980276 0.4270715507478826 0.10229160813836027 0.4249063193743723 0.056821799862229454
2 0.2970709823210882 0.0970446295359552 0.281010086059041 0.04427305358307246 0.3395328752801561 0.026461822614192606 0.3555937875546533 0.07923336143651744
2 0.28805671571763014 0.11367333333346658 0.33179502876237166 0.11148643297756358 0.33492440763541254 0.1740740982008087 0.2911860949234324 0.17626099554938296
2 0.291015625 0.185546875 0.322265625 0.185546875 0.322265625 0.2509765625 0.291015625 0.2509765625
2 0.2912955241503141 0.2626704601194621 0.33581184793047214 0.26426028361427095 0.3326433112193854 0.3529794342350117 0.28812698779358925 0.35138961736136703
2 0.29127562026371834 0.263227769168692 0.3613592220052624 0.26573068348074963 0.35821058925739635 0.35389252135240795 0.28812698783519863 0.3513896174268742
2 0.42787548785031504 0.35270994687755963 0.3845640834566666 0.3334610243567602 0.4111428215185242 0.27365922916216695 0.454453990941488 0.29290809124765727
2 0.4614633915111881 0.2737379505808185 0.42277635819925763 0.2660006803329894 0.4356220289118937 0.20177289368040494 0.47430888281064654 0.20951014534897158
2 0.28125 0.40625 0.314453125 0.40625 0.314453125 0.4736328125 0.28125 0.4736328125
2 0.28125 0.482421875 0.32421875 0.482421875 0.32421875 0.546875 0.28125 0.546875
2 0.28125 0.560546875 0.326171875 0.560546875 0.326171875 0.6259765625 0.28125 0.6259765625
2 0.28125 0.638671875 0.318359375 0.638671875 0.318359375 0.705078125 0.28125 0.705078125
2 0.283203125 0.716796875 0.314453125 0.716796875 0.314453125 0.783203125 0.283203125 0.783203125
2 0.371674243081884 0.7565755321926518 0.4044136557095044 0.757939411715029 0.4016007759631748 0.8254489390570754 0.368861364000054 0.8240850706217396
2 0.373046875 0.677734375 0.40625 0.677734375 0.40625 0.7509765625 0.373046875 0.7509765625
2 0.2829349578214533 0.8555966972537002 0.28031391277261264 0.7900763366425947 0.31416603349123307 0.788722478367865 0.31678734462718694 0.8542425608367158
2 0.4062499676724656 0.5976561301810561 0.40625023449763376 0.6689453232986886 0.3632812259484126 0.6689452410015848 0.36328125417401225 0.5976563423931321
2 0.353515625 0.515625 0.40625 0.515625 0.40625 0.5859375 0.353515625 0.5859375
2 0.4046947568251653 0.500756612387878 0.3694366758824117 0.5022256022968435 0.3668371773445642 0.43983390929371396 0.40209494355701736 0.4383649259455955
2 0.021712848949960062 0.09021594580333378 0.019815036891714044 0.046565417897218374 0.07990861050404874 0.04395270111559268 0.08180644804099302 0.08760320290449314
2 0.087890625 0.052734375 0.111328125 0.052734375 0.111328125 0.0849609375 0.087890625 0.0849609375
2 0.166015625 0.048828125 0.19921875 0.048828125 0.19921875 0.0927734375 0.166015625 0.0927734375
2 0.138671875 0.05078125 0.162109375 0.05078125 0.162109375 0.091796875 0.138671875 0.091796875
2 0.08479536715742597 0.09629978218768444 0.08377392876354861 0.13613741817086014 0.0210146979837873 0.1345282233644655 0.0220361794041537 0.09469063264696119
2 0.19912705861020186 0.15115676112204363 0.1628377344962928 0.1492468059052789 0.1650498651443968 0.10721685226845916 0.20133912937217247 0.10912680590829238
2 0.023300485504705648 0.1815530030113132 0.024156029300684168 0.15161089613758236 0.069096991528113 0.15289498573395563 0.0682414830049538 0.1828370584226217
2 0.02552697305543461 0.22676886702340282 0.02412664039457013 0.1945606983908634 0.06201355675693776 0.19291348518420964 0.06341392653803268 0.22512161490181976
2 0.06436711057403954 0.2030336128841947 0.06492799748218658 0.1845254738188353 0.10164851122749496 0.18563826371639863 0.10108764500921552 0.20414638259220477
2 0.14257814901407073 0.189453125 0.11328124058070443 0.189453125 0.11328126376668024 0.158203125 0.14257812251571522 0.158203125
2 0.19726567219117896 0.23046875 0.15624996142105374 0.23046875 0.15625003857917363 0.18164062499999997 0.19726562198775355 0.18164062499999997
2 0.0498311851414428 0.2700880223028606 0.04782064447169887 0.2278660111808466 0.09904375304449786 0.22542690007519256 0.10105437146467011 0.2676488279645408
2 0.14129578843858326 0.25407472957944993 0.1401476474222818 0.2253706320774627 0.1716597185269393 0.22411019005199947 0.17280789100345828 0.2528142550231256
2 0.1678811985319726 0.242113373033034 0.20408810298624758 0.2390961994523074 0.20850619694112993 0.2921134370418265 0.1722992933093792 0.29513060407799446
2 0.2089844603264055 0.35449218750000006 0.1347654786293333 0.35449218750000006 0.1347656465250111 0.31640625 0.20898434147898115 0.31640625
2 0.024084208800331908 0.396635324094685 0.022903411456127287 0.3482170156801437 0.0756539842687971 0.34693062176924255 0.07683492303044659 0.3953487842669131
2 0.0721972659025596 0.3653521333998925 0.04799973604326624 0.3638398422932133 0.05017710072479531 0.3290028047789892 0.07437454190664994 0.33051509311434346
2 0.02734375 0.40625 0.06640625 0.40625 0.06640625 0.439453125 0.02734375 0.439453125
2 0.21679690489668246 0.4306640649912574 0.19214703433192426 0.42861001654304054 0.1944571622764215 0.4008890818120785 0.2191069468601654 0.40294312667025667
2 0.20660161546072686 0.40046866809906606 0.17324215968881163 0.395703240684025 0.17812505096605946 0.3615236001954387 0.21148437506428763 0.36628901805531366
2 0.22148447928134374 0.4830078292004916 0.17897354078650096 0.4865501763334219 0.17596313990668477 0.4504240975651311 0.21847386089359588 0.4468817595286971
2 0.06249999330600531 0.4863280896896864 0.06250006318953183 0.5166015633698235 0.023437493189021552 0.5166015565503936 0.023437513606609173 0.4863281734316317
2 0.06463462237240947 0.5314572955289788 0.06252587582719116 0.5630876352029425 0.02000644773465865 0.5602530551876043 0.022115298008884565 0.5286228272902638
2 0.08300781068055585 0.5273437499209 0.10614681844367624 0.5283497035655962 0.1050486474034642 0.5536076735868791 0.08190963977551746 0.5526017220381629
2 0.18363259919021857 0.5324999680341724 0.18621100862799267 0.5505468585296773 0.15695319167139132 0.5547265671509104 0.15437483140226504 0.5366797208579206
2 0.20898449890398751 0.5302735770686618 0.1678257647221244 0.534846409768235 0.16306218137594897 0.49197284698901583 0.2042206420377397 0.4874000296064749
2 0.14604766312868378 0.5615112657847674 0.18864898501453808 0.5520452907020599 0.19882821765008885 0.5978520458032459 0.15622690853774657 0.6073179816179488
2 0.0077693154463531755 0.615390836751517 0.005616585116172246 0.5744884921706839 0.06999415911809592 0.5711005334472288 0.07214711438109589 0.6120026393098607
2 0.0643582012103252 0.6508397356270128 0.02300536306097456 0.6480832127540224 0.02537344859717905 0.6125640431401763 0.06672600539832274 0.6153205566269334
2 0.138349739897194 0.6814815334409884 0.1390084792772086 0.6518519591521061 0.19171673183450366 0.6530235860378093 0.19105815473892562 0.6826530011896318
2 0.1947867845260589 0.6598553397592062 0.17112375921010425 0.6551233308899377 0.17735877195207195 0.6239486861382938 0.20102165466801125 0.628680680329148
2 0.11880453234448396 0.7109159748315974 0.11926876716722745 0.6826188284635447 0.18168786851538243 0.6836425752735262 0.18122382404715154 0.7119395348341243
2 0.10172403006333752 0.7196278943154474 0.05081764513658982 0.7240538959987233 0.045383665185909194 0.6615595141169036 0.09628938273510812 0.6571335415924004
2 0.04117817979488336 0.7755457973926205 0.04041290154941635 0.7426328864277087 0.09706814863704949 0.7413157230175204 0.09783363742519668 0.774228417947599
2 0.20117184607556737 0.7324213300875885 0.20117230210826165 0.7783201990787213 0.1396485690188456 0.7783204199475635 0.1396484375 0.7324218750000289
2 0.20344257480428496 0.7791419274739362 0.20532566547910847 0.8186730787162181 0.15697927605458517 0.8209753879331874 0.15509642884853747 0.7814444701792835
2 0.0767509702160396 0.8028379296854321 0.07518656874719909 0.8263014275773969 0.04083410803525567 0.8240113434952421 0.042398602255275364 0.8005479453294783
2 0.029296875 0.828125 0.06640625 0.828125 0.06640625 0.8603515625 0.029296875 0.8603515625
2 0.029296875 0.869140625 0.064453125 0.869140625 0.064453125 0.908203125 0.029296875 0.908203125
2 0.08545286506864613 0.8467525014792181 0.1110724225325157 0.8454718236588998 0.11366846463386082 0.8973930005101627 0.08804890785165753 0.8986736694923948
2 0.058836812262029525 0.8029553081493661 0.05812971884529361 0.7881079653159223 0.08383410947101311 0.7868840311826552 0.08454124678928565 0.8017313277567315
2 0.2152647160030483 0.8776893393851978 0.16701889537944226 0.8803690734873837 0.16374100890845966 0.821360953802383 0.21198609339444374 0.8186812401907791
2 0.16406247599877588 0.806640553379926 0.16406257588892004 0.834960942611524 0.1347656222827709 0.8349609326985346 0.13476562603932507 0.806640646920843
2 0.1469020044668241 0.8420595280857762 0.1458175116235907 0.8236260084098107 0.1689453125 0.822265624999973 0.17002985602584886 0.8406990904103254
2 0.07965800169188242 0.98234252698033 0.04232916646674312 0.9810985648056235 0.04485602561192081 0.905304036993774 0.08218404959109193 0.906547985663124
2 0.16162472515725312 0.9595299028775265 0.1590852005620036 0.9163656481695728 0.20282184655468427 0.9137931322896798 0.2053616238288214 0.9569571169316115
5 0.6972656250470664 0.0009765543683761279 0.6970407632561546 0.039879704775985514 0.528095431167344 0.03890313919238875 0.5283203125 3.091412182090467e-14
5 0.9999999852408337 2.2553835366611268e-10 1 0.03417968749999402 0.7421874926720875 0.034179697267068536 0.7421875000695763 -7.732818575955242e-9
5 0.517578125 0.0009765624999480719 0.5175781707775968 0.041015507638280074 -1.9465346667857375e-8 0.041015602530267405 0 0.0009765524194636407
5 0.228515625 0.03125 0.263671875 0.03125 0.263671875 0.4189453125 0.228515625 0.4189453125
5 0.26350552529129345 0.9902957825881301 0.2278789903195957 0.9901211680046456 0.23068648357389065 0.4178214305868984 0.2663088946953849 0.4179960354706064
5 0.2657962691995408 0.3357842606722049 0.3232361818276104 0.3389752386994884 0.320480776282011 0.38857259517725506 0.26304086413404093 0.3853816259262796
5 0.3203125 0.349609375 0.375 0.349609375 0.375 0.388671875 0.3203125 0.388671875
5 0.36559816858289196 0.35939225044338347 0.5562976295146882 0.40293660621737665 0.4291919210515971 0.9595173130910851 0.23849305278281463 0.9159755230267678
5 0.5599704740883453 0.04270873832998091 0.6073729971850526 0.06015713869066052 0.47265797865497916 0.42613511833526163 0.4252555738114552 0.40868697150103267
5 0.6269528839076202 0.9873046874995084 0.626953244773631 0.9550780916983513 0.7207031123273282 0.9550787373581254 0.7207031982052285 0.987304885989271
5 0.7912785481526043 0.02842877613533574 0.8459270913532464 0.04018258190244861 0.6375825605550745 1.0087967197825822 0.5829343002759515 0.9970438628191993
5 0.861116329077845 1.0064609536681266 0.8026953763164784 0.9939049070449034 0.967025663731647 0.22945057013794126 1.0254382635392858 0.2420056851919795
5 0.9032089093622062 0.5532165422241173 0.8996583813809593 0.5953226059378458 0.7252815168632196 0.5806182467518683 0.7288326212323 0.538512811300601
5 0.9998694072406806 0.9548767260222852 1.0017365430721838 0.9996426715127446 0.8512807431637839 1.0059141186337746 0.849414652616133 0.9611491829072704
4 0.932745965135382 0.6257105448705516 0.9446358921676392 0.5628732121130865 1.0110409043102209 0.5754369129599727 0.9991514211300228 0.638273852690483
4 1.000039633264123 0.6980677195802127 0.9770473545347613 0.6985785890170629 0.9760313769141931 0.6528546169987994 0.9990234375 0.6523437500000009
4 0.9641401696020466 0.7986803966499508 1.0124654077636706 0.8128905450726552 0.9878648585468 0.8965328640798816 0.939539687344336 0.8823228757182388
4 0.9948390299306311 0.9628771304299204 0.9650512313669424 0.9614590303441919 0.9684850296019931 0.8893571167783485 0.9982722198287775 0.8907752023151103
4 0.8553330462535769 0.9628517969159858 0.8558655296632196 0.9208528524224525 0.9397123747788783 0.9219154124865341 0.9391804031449738 0.963913850318518
4 0.9902344370425453 0.9990234375 0.87109375 0.9990234375 0.8710940446050017 0.984375 0.9902342043835688 0.984375
4 0.9609375 0.697265625 1 0.697265625 1 0.7890625 0.9609375 0.7890625
4 0.9828387941716983 0.424300029093946 1.0035222425486836 0.42907283825282644 0.9939102298673106 0.47072494958949135 0.973226786119767 0.46595215435973764
4 0.7106785838353744 0.19015013290860197 0.6407207379332931 0.17116160976544012 0.6904847030866677 -0.01217815375914212 0.7604421970264639 0.006810317926972036
4 0.6025630459954527 0.2417499798636016 0.6949018616446665 0.2536638804144055 0.651210350901124 0.5922799464435926 0.5588715846799914 0.580366303007097
4 0.5516796824534822 0.27679683901625357 0.605546901097 0.2691017208161466 0.6163281510171146 0.34457037002278185 0.5624609384526593 0.35226546050435587
4 0.5505186538232465 0.3400501398586295 0.6048944554057698 0.3505432530009677 0.5932661259818133 0.4107992660680708 0.5388903351179124 0.4003061897747012
4 0.6204802781537637 0.16668907510925426 0.6616722148825147 0.17564373312162604 0.6491390991557182 0.23329610857058625 0.6079471673903072 0.22434146654038575
4 0.6296672894219455 0.11098464617206054 0.6723397098588748 0.1145406575782848 0.6673424084948465 0.17450833077961345 0.6246699885759881 0.17095232402270524
4 0.5576739559184034 0.5602986982102345 0.662704808197077 0.5974583112480706 0.601161938745463 0.7713849812657572 0.4961314295698003 0.7342260608318504
4 0.5372662338186274 0.9881248294360957 0.47576666136762924 0.9725484240763246 0.5353272527055424 0.7374542338604366 0.5968231054471289 0.7530301462621524
4 0.5059607153667685 0.980704915692686 0.4658739557037279 0.9840445638113549 0.4596513571023024 0.9093679391683493 0.4997372556662185 0.906028327124307
4 0.2657458825502772 1.0000676705114175 0.2654856320739327 0.9515662861893092 0.4626920966323951 0.9505063682501407 0.46295375929707916 0.9990063284138034
4 0.26617166276469106 0.9027783494828292 0.3093770091512624 0.9044396417846224 0.30669402347189134 0.9741978331069923 0.2634886779453609 0.9725365573870981
4 0.40519186119865935 0.8847016041296463 0.46126195983401885 0.8688600982283854 0.4951582312780829 0.9888033760870989 0.43908824941092917 1.0046446006585026
4 0.4605468835610509 0.02324214498102071 0.5332031505603254 -0.0009765614848433425 0.5710937369772182 0.11269534895219671 0.49843748267517185 0.13691402695864902
4 0.2922184582320142 0.11925471702096166 0.2480371561210859 0.10927830647924597 0.26736735030237924 0.023673427532997504 0.31154857506510325 0.03364982924811483
4 0.43803984929786566 0.0739252622645888 0.44516593536604887 0.13449562389170813 0.3109935211213042 0.1502806833901055 0.3038675873817738 0.08971045922002058
4 0.37788991657509996 0.01450703581302772 0.41862715517379456 0.016446902410477873 0.414893240758488 0.0948591257122507 0.3741560022695012 0.0929192603829162
4 0.35156249953831775 0.029296870862039852 0.3515625040657824 0.05566406242544928 0.31835937401308456 0.05566406233589831 0.3183593750848104 0.029296876663225974
4 0.32220552176625006 0.18153545282165215 0.3236745074971168 0.11250080501098429 0.39345662061168696 0.11398569203488586 0.39198774757267074 0.18302022795199557
4 0.40234378956984074 0.24023437500000003 0.3652343525247943 0.24023437500000003 0.365234434493118 0.1796875 0.40234372666395757 0.1796875
4 0.4024491859685213 0.21813576290399658 0.401642705850918 0.170546077329051 0.48590071058947615 0.16911821094702398 0.4867073078528392 0.21670777038986175
4 0.4889238932905755 0.24736376039509264 0.4564998393747146 0.22844999552051876 0.49680717770274896 0.15935177097700604 0.529231107541932 0.17826548998009914
4 0.4416589921867171 0.14222191078519178 0.43794808277948505 0.19046415179099768 0.3859719596407558 0.18646599237155012 0.3896829266266195 0.13822381412818685
4 0.54568237522858 0.10285013706789503 0.5424589025456044 0.1512029840670587 0.4364197145085882 0.14413370883185012 0.4396432760689777 0.09578096241749527
4 0.4542968501204996 0.2904297497498638 0.4695312713322437 0.2955077484844099 0.4621093861510417 0.3177734015817934 0.44687496754932 0.3126954083704452
4 0.4488096375724808 0.36642432046722656 0.3602129846871094 0.3647527356789057 0.3622159212226279 0.2586215848894997 0.45081170576531804 0.2602931616514559
4 0.26480489329867396 0.16024677046441943 0.2921107710566275 0.15981335370481836 0.29507635414347533 0.34664623446689846 0.26777047646430674 0.3470796481206113
4 0.33281139374162194 0.7376213295667009 0.4317769902220334 0.7552901204641302 0.4088786017654229 0.88352241816697 0.30991308517320704 0.8658539122481692
4 0.44439524067252023 0.4237419528305792 0.4167774456273037 0.4645092109876345 0.3507455182617605 0.41977808928873767 0.3783632652206279 0.3790110403903763
4 0.35197501542108967 0.3811510584910408 0.3538901997801531 0.42327835492797994 0.26573776289774287 0.4272853671882773 0.26382281676524144 0.38515829903975995
4 0.3125 0.474609375 0.359375 0.474609375 0.359375 0.5546875 0.3125 0.5546875
4 0.00390625 0.033203125 0.0546875 0.033203125 0.0546875 0.0888671875 0.00390625 0.0888671875
4 0.13787141871239328 0.06251600860224793 0.10634925430292697 0.059650358804256724 0.11030354162926415 0.016153305294490595 0.14182568928924866 0.019018954314444957
4 0.11056709864590175 0.15073409581531025 0.07759293698097736 0.1479862625796122 0.08195719486627695 0.09561558159118727 0.11493129158611737 0.09836341209912333
4 0.14678491446932185 0.2602914968076584 0.10960031193803843 0.26772828529128395 0.10133714202947885 0.22641219745393382 0.13852163176534305 0.21897542059590017
4 0.14257800787731867 0.29101554628717585 0.14257821519663594 0.4189453466672416 0.09765617774610291 0.41894521099447624 0.09765628170009677 0.2910157223736391
4 0.138671875 0.28515625 0.16796875 0.28515625 0.16796875 0.3154296875 0.138671875 0.3154296875
4 0.09720848401684634 0.5150906079492459 0.056904492517674043 0.4468875286180626 0.1771250690337638 0.37584852300185906 0.21742904593997991 0.4440509626590305
4 0.14648440895609838 0.5205078151118058 0.1254250445102798 0.518887988876458 0.127711408019195 0.48916598147493073 0.14877067675968192 0.49078580402348465
4 0.10437178875770314 0.523983311382372 0.1649804110330706 0.522299947329737 0.170095041579998 0.7064298744073145 0.10948642090738758 0.7081132095203148
4 0.007572207669795716 0.6448334472685036 0.05912186445334555 0.6498866156835258 0.05307510514307978 0.7115638274320005 0.0015254528896093689 0.7065106914155507
4 0.12923075314256494 0.8441253250326889 0.07664227532700352 0.824754378051551 0.11342395776034664 0.7249203084525179 0.16601122393012702 0.744291008720423
4 0.029296875 0.9990234374999457 0.029297599408778296 0.9667954316599727 0.12695320991372228 0.966797054234021 0.1269529566646952 0.9990245910190666
4 0.0039060573877804927 0.999023435230822 0.003906311601099333 0.9628905172230265 0.044921894049139155 0.9628907842974614 0.04492186111008323 0.9990234812218051
4 0.11897996005973255 0.7303817712232081 0.11923323270650599 0.7043480252183613 0.23256059240668492 0.705449723097023 0.23230764543143323 0.7314831491013826
4 0.1309173394207619 0.9284796869970731 0.100126072041121 0.9207837344963713 0.12321908383387381 0.8284130254232709 0.15400959864768993 0.8361088791698574
4 0.23128948484384182 0.8878388472005329 0.23026250400653225 0.914542507163574 0.136425844116161 0.9109339090195657 0.13745315452854356 0.8842305945866137
4 0.7210226857929456 1.0002804376817547 0.7201092357672678 0.9408582019431888 0.8181624689391356 0.9393510811642432 0.8190767668580747 0.998772454514083
4 0.7149831179871171 1.000009192448012 0.7143281636713255 0.9403052243607244 0.8182596598139753 0.9391649323328817 0.8189155198032267 0.9988679905603635
4 0.6464218312889898 0.9543646049796727 0.6240651867187808 0.9490429771146267 0.6379173499977924 0.8908648015504063 0.6602736351404701 0.8961863848705036
4 0.7102256022759548 0.9271271132315114 0.7044441444975291 0.9618082482771726 0.658203125 0.9541015625000407 0.6639847669572418 0.9194206608244587
4 0.8571186971129237 0.7624714805951441 0.8492976120872981 0.7926344377219029 0.771348133900915 0.7724257529564876 0.7791694014208588 0.742263079906788
4 0.7865460129684152 0.8305195554583936 0.762377999835735 0.8248340594576222 0.7751856348201045 0.7704026993478866 0.7993533319928474 0.7760881566419046
4 0.7431637459493459 0.835937175079653 0.7617204977609617 0.8173844490687419 0.7802747957861129 0.8359388866724513 0.7617181060190887 0.854491550664388
4 0.7093166256652239 0.6750182886552779 0.7234354356404538 0.5710789534698429 0.8942309387583691 0.594276162683238 0.8801140542191206 0.6982137532800448
4 0.78320323468688 0.7236328124999999 0.7558592678939249 0.7236328124999999 0.7558593834556859 0.6835937500000001 0.7832031163405873 0.6835937500000001
4 0.7710885726020251 0.7671557504247188 0.7413005398772157 0.7624531660705683 0.7475559854045741 0.7228364998135316 0.77734375 0.7275390625000054
4 0.7119140444783625 0.6718749949546678 0.7272726226395889 0.6761747750859134 0.7204366985943125 0.7005888312383906 0.705078125 0.6962890624999926
4 0.7062498186002131 0.7005864252492184 0.7208984932304929 0.7054685546635594 0.7138674190764505 0.7265618051145865 0.69921875 0.7216796875000135
4 0.6962289485471729 0.726066787542297 0.7152193839934853 0.7284401939086992 0.7118840394879271 0.7551229924091237 0.6928936053760708 0.7527495932466427
4 0.6608449031334658 0.8361096603568614 0.6683717703792809 0.8060089432883509 0.69318814348469 0.8122131794654487 0.6856613884755234 0.8423137996028797
4 0.7345743556716116 0.5455562198406275 0.7427164478459645 0.4201968824634907 0.8382192640314088 0.42639952961141825 0.8300781147855787 0.5517579697816943
4 0.8447265594938926 0.43554685696479567 0.8503488048426107 0.4692778201654941 0.8064824664708112 0.4765888214482254 0.800860338008647 0.44285796162973484
4 0.9312901620380671 0.4506580548174442 0.9177147247820585 0.49764788769701357 0.8532989431326996 0.47903904741766334 0.8668745126602744 0.4320494361909955
4 0.8586355414704485 0.49016590501154367 0.9108956870211387 0.4922561341693235 0.9085088934858732 0.5519261909546308 0.8562487485698966 0.5498359717273161
4 0.8518960175805432 0.5448503537580427 0.8253143047210187 0.5418970639332891 0.8334128416465774 0.46901214146155695 0.8599942565614356 0.4719654145861594
4 0.8767931258095132 0.3001879980738502 0.9078431639245537 0.3038408198263561 0.9016104960367102 0.3568185924425653 0.870560459535227 0.35316578048659236
4 0.9508271847416836 0.3252503767045743 0.9704890265829818 0.3486563983378049 0.9327916246455743 0.38032220488989893 0.9131298480107262 0.3569162445480668
4 0.8759468438668137 0.4133503912990497 0.840253069212622 0.41810934997993315 0.8321592319748561 0.35740473126709504 0.8678527527795268 0.35264578975984207
4 0.7802972091427591 0.3319425517310638 0.8066493023591192 0.3390123426522602 0.7914839101674715 0.39553792238324015 0.7651318256531567 0.3884681543979866
4 0.8586724810306805 0.36060944638317965 0.8596707015867651 0.393545704107389 0.7995341446159046 0.39536806447530987 0.7985360413298395 0.36243192094753335
4 0.9539529503040285 0.18047103823166258 0.9082014129105573 0.16660701043305495 0.9288579720279131 0.09844068192215155 0.974609375 0.11230468750000988
4 0.9621573826531176 0.10681860680866115 0.925214631779113 0.10247240883324468 0.9327138620869846 0.038729206942932255 0.9696565604198213 0.04307540177218773
4 0.892578125 0.068359375 0.916015625 0.068359375 0.916015625 0.099609375 0.892578125 0.099609375
4 0.005859375 0.427734375 0.07421875 0.427734375 0.07421875 0.482421875 0.005859375 0.482421875
4 0.006182127839110763 0.3397266544047643 -0.0011759536201907395 0.2756053985314102 0.0910393737775621 0.2650236959623714 0.09839769241136764 0.32914467403144093