5 0.14733833718833012 0.9989857638978046 0.10883016277762181 0.9995025777520453 0.10200104128432486 0.4906085941996217 0.14050507502577148 0.49009180677058467
5 0.20681462090442437 0.451506887989527 0.20872861081147676 0.49168791055423366 0.0001237280375789851 0.5016217251887478 -0.0017896276987130477 0.46144129291132574
5 0.22816488702824245 0.34754268999695825 0.08901688565322274 0.3881785055477411 -0.019898978235801223 0.015222518709028294 0.11924634749652796 -0.025412893373286703
5 0.21620779949626012 0.34165570366133236 0.2592707853758611 0.3897828572052676 0.22844134589342957 0.41736695229914955 0.18537848031905924 0.3692399139364203
5 0.8829603395960248 0.3758239086439811 0.8823911454775271 0.33881330309221497 0.9994305771397194 0.33701323035393965 1.0000000024206201 0.37402359482313857
5 0.9948932289418053 -0.004706499926245451 1.0221042931127613 0.026301337877406464 0.8594765808095417 0.16901558886085785 0.8322656041727896 0.13800783685548879
5 0.8285370066298583 0.14897635572264958 0.9721587134495167 0.22426195376466124 0.7318220659182089 0.6827265327099267 0.5882019975400681 0.6074433784900195
5 0.6264915866121328 0.6130736863366246 0.5658444105235958 0.715773300175352 0.1773826050725802 0.4863904184409328 0.23802950396122924 0.38369489547593316
5 0.9995270811321006 0.5487006748494943 1.0099045202154002 0.6157840122093611 0.6744375824066537 0.6676671646165723 0.6640624999948841 0.6005859374999942
5 0.6109309171943096 0.651315312911506 0.6609756445176345 0.6492908372088312 0.6751080096790929 0.9985766290484198 0.6250632877348608 1.0006010172737527
5 0.5840589015674595 0.6345245179806065 0.627858560535401 0.5958827237981436 0.6580671892863847 0.6301195985033772 0.6142676921789416 0.6687612220725436
5 0.4121064234586811 0.8691368001954255 0.4121102541533901 0.9990234374966339 0.14062390876483732 0.9990241598711833 0.14062505291815341 0.8691425369313583
5 0.8779470374671519 0.1291046742561546 0.7740718339110799 0.15940156259475027 0.7286484915223355 0.0036640460131478697 0.8325233854443468 -0.026632794409975936
2 0.1611328125 5.155977315653748e-15 0.40318052325994813 -0.047016355523511494 0.43391366387754715 0.11120291789244044 0.19186597821123996 0.15821919604257237
2 0.3779304586911394 0.1481864525222274 0.36322328698258843 0.07848643656381867 0.48852163347771693 0.052047646668689884 0.5032289042857201 0.12174753322625986
2 0.3717701501901729 0.24466256672822112 0.3128201985588248 0.25620934190912126 0.2934033701338876 0.15708100278433937 0.3523529560566203 0.14553426531236094
2 0.36335331228826817 0.1960462966646023 0.5155529685960119 0.16918796782835618 0.5338388914865391 0.27280848141263025 0.38163925809988086 0.29966671031457526
2 0.3810857830766281 0.32070920375581957 0.29944451830590424 0.3311758249328022 0.2770903129113549 0.15680824550502032 0.3587305356570596 0.14634169226239
2 0.7302501451422359 0.10090517143376096 0.7387742133353186 0.13606655670168524 0.6692341547800424 0.15292478928122352 0.6607101433370417 0.11776345351584123
2 0.6498619103414285 0.040932090103913604 0.657138724192464 0.07996207890122196 0.5930911886090371 0.09190315368858538 0.5858144051020417 0.05287319256643254
2 0.9736328242445325 0.1582031168073507 0.9482421204556886 0.13281253121727452 0.9833984345415274 0.09765625530224153 1.008789113424882 0.12304681602012732
2 0.9128444775914204 0.2286302304398186 0.8808592167362121 0.19531254256480743 0.9334481918805295 0.14482732934716921 0.9654333839245055 0.17814494215234603
2 0.9375 0.26171875 0.98828125 0.26171875 0.98828125 0.3349609375 0.9375 0.3349609375
2 0.9158772950648881 0.43652020565286337 0.9638451204222065 0.46221512988406055 0.9002427514420788 0.5809399812409757 0.8522751091354621 0.5552453253171742
2 1.0000372109997215 0.45584612815698256 0.9727888043538542 0.4564258491319895 0.9717752046194619 0.4087828441058948 0.9990234375 0.40820312500000083
2 0.9609375 0.4765625 1 0.4765625 1 0.529296875 0.9609375 0.529296875
2 1.0001618260279201 0.6641723966696189 0.9532664503689148 0.6652628530449101 0.9521285111377438 0.6163248261352879 0.9990234375 0.6152343750000011
2 0.796875 0.65234375 0.830078125 0.65234375 0.830078125 0.7109375 0.796875 0.7109375
2 0.746093971344294 0.720703125 0.6972655439572009 0.720703125 0.6972658249043207 0.6699218750000001 0.7460937264529548 0.6699218750000001
2 0.6956979703697925 0.7530630692715117 0.7344462356946906 0.7442583218647638 0.750898066082982 0.8166469557601767 0.7121498270637403 0.8254516249196759
2 0.8311630836876702 0.7861269592381636 0.793734738742387 0.7882059543586155 0.7904597789420222 0.7292516788238944 0.8278876173543495 0.727172697758498
2 0.7919458063915954 0.8658421015110469 0.7901503881358849 0.8137755265931338 0.8432929459097522 0.8119434110358914 0.8450887056300189 0.8640096308053398
2 0.7324222666337619 0.9199218750000001 0.6953123193716237 0.9199218750000001 0.6953126991526233 0.8398437499999999 0.732421849569505 0.8398437499999999
2 0.701171875 0.943359375 0.732421875 0.943359375 0.732421875 0.9990234375 0.701171875 0.9990234375
2 0.8361283995859594 0.9460511449511997 0.7966841055598479 0.9504327332520232 0.7901581724426023 0.8916965715017596 0.8296018210253351 0.8873150193392083
2 0.796875 0.962890625 0.830078125 0.962890625 0.830078125 0.9990234375 0.796875 0.9990234375
2 0.556640625 0.99902343749998 0.5566409236632808 0.9628904385792303 0.5917969840210162 0.962890707322776 0.5917968749997726 0.99902351722241
2 0.5919849365084247 0.9464359793536805 0.5511918041814852 0.9477104483854842 0.5488199241581242 0.8717957436380899 0.5896122004597828 0.870521287972865
2 0.560546875 0.791015625 0.591796875 0.791015625 0.591796875 0.8642578125 0.560546875 0.8642578125
2 0.5447321524297877 0.6974019761730385 0.5748260523283761 0.6906077068726768 0.5907450462345878 0.7611066572638534 0.5606511644093644 0.7679008718384697
2 0.43907438282792555 0.7204415679519797 0.44522770198091166 0.6885628569637964 0.5064419353469702 0.7003766907126002 0.5002888607671139 0.732255187340608
2 0.408202698015657 0.8388667158379627 0.4345730319369068 0.8125023715237237 0.483400648410111 0.8613305568294936 0.45703055092587874 0.8876946647854271
2 0.4166567617462533 0.9823924552518412 0.4061784648573621 0.9030711760100003 0.47872577621194523 0.8934903641855847 0.4892047725519433 0.9728108085210957
2 0.33289040227384703 0.8009386291842548 0.38359388091714663 0.8101555487585033 0.376953125 0.8466796875000079 0.3262496576863896 0.8374628108528791
2 0.35784154524992573 0.7345968037019237 0.3509214275834438 0.6969247014495435 0.424299034969863 0.6834476901262373 0.43121938514400426 0.7211194862355246
2 0.3832813331172247 0.8216403792580865 0.36557802929507943 0.8184222281760531 0.3709686991724084 0.7887740483614767 0.388671875 0.7919921874999946
2 0.32476936587090677 0.799888080537584 0.3192316421927899 0.8361862466483458 0.26022318258230825 0.8271853270201511 0.2657611245602993 0.7908874311753741
2 0.23651132834356758 0.787228587285443 0.23434771847689717 0.8434859041370075 0.17569011110458632 0.8412300090143388 0.17785411371448845 0.784973100638419
2 0.1793917868343442 0.7178973003454595 0.216596374357664 0.7164666029783631 0.21903993509374686 0.779999591517465 0.18183534819331726 0.781430278507399
2 0.17773421053027505 0.6962890618096427 0.17773452301037196 0.6328124812210731 0.22070315500070592 0.6328127597298251 0.22070311907668838 0.6962890624102155
2 0.240304108534815 0.8389323190054726 0.21104187437219935 0.8399411545964024 0.20996565510370147 0.808728258517071 0.23922765955387604 0.8077194268960212
2 0.14053896628740858 0.6581117321357455 0.14116092324320562 0.6375930201382545 0.1767578125 0.6386718749999698 0.17613592988482196 0.6591905144310105
2 0.1775752912058124 0.5269326542012974 0.2127448051205647 0.525258072272516 0.2150160784756281 0.5729549915315294 0.17984656504825125 0.574629566766131
2 0.3228525673044942 0.5759766947659732 0.3037105161628233 0.6142574199427606 0.23886691350332967 0.5818358236195704 0.2580090068934169 0.5435553430073603
2 0.34094503933783926 0.6896439031990874 0.2943082242161381 0.6518951464724483 0.3302411060274153 0.6075077822628914 0.37687759081143213 0.645256328046102
2 0.01539952750044904 0.8689903623549337 0.01773384813645862 0.8199938279135225 0.08797960719118691 0.8233397001961835 0.08564575046125356 0.8723357904611432
2 0.019954978015107372 0.9630738133615483 0.018854236482525266 0.9245448110942015 0.09156263665386177 0.9224680166094287 0.09266376911637053 0.9609966147605227
2 0.0839845247339781 0.6083984375 0.04296864704565451 0.6083984375 0.04296890443072243 0.5351562500000001 0.0839842573527676 0.5351562500000001
2 0.0009765585170953273 0.5371093749187247 0.030221394887234965 0.5377061497999812 0.029244836277143804 0.5855577099377942 0 0.5849609374999994
2 0.015625 0.646484375 0.083984375 0.646484375 0.083984375 0.6904296875 0.015625 0.6904296875
2 0.20896130991218342 0.9198638023088105 0.24136622850426193 0.9344418207570269 0.20628345105410517 1.0124039441510206 0.1738786430187247 0.997826108881947
2 0.259765625 0.923828125 0.33203125 0.923828125 0.33203125 0.9599609375 0.259765625 0.9599609375
4 0.0009765529603100731 0.8671874998693525 0.053112537666038406 0.8679015094599318 0.052043641227442095 0.9459316191176509 -0.00009234331969310006 0.9452176172435117
4 0.11132806150567376 0.7499999082647223 0.11132823721288787 0.811523459157431 0.07617184050786818 0.8115233600849807 0.07617192176974186 0.7500000662683969
4 0.14362646881374985 0.7401127286729519 0.13011468692252492 0.6887752372638998 0.1741461078742077 0.6771881660958539 0.18765805051680218 0.7285254048403068
4 0.4031336927941993 0.7354630114381746 0.4701792615794602 0.7527616650720927 0.4426494426264753 0.8594405046212896 0.37560395894365683 0.842142082448908
4 0.20678329647512328 0.9193334508817997 0.2410838226952592 0.9333614307362279 0.2087903634333088 1.0123015427504771 0.17448993491302645 0.9982737385519151
4 0.13825630446922332 0.9288739359041168 0.1603385090370466 0.8969860299506266 0.19294047955804672 0.9195569651901073 0.1708584744529844 0.951444693132513
4 0.2853877352968084 1.0001404958311866 0.2845315848696828 0.9598907128413733 0.34546624261349734 0.9585948089427987 0.34632275076648966 0.9988442275816682
4 0.5335204031159719 0.9340473773153408 0.487835136703211 0.9360332025986213 0.48421683875437793 0.8528004025845557 0.5299010590860007 0.8508146002369505
4 0.525390625 0.864257812500011 0.5299413122393162 0.8233135774310063 0.5760298303050604 0.8284349072452522 0.5714794106180534 0.8693788973687524
4 0.5292971423874633 0.9990234217758924 0.47559922326865944 1.0021812042685292 0.4728719630533078 0.9558114558642755 0.5265691420179337 0.9526536951784198
4 0.4976578579340867 0.7408115695867901 0.5334682455973052 0.7476313454366307 0.521706768132276 0.8093792638079407 0.4858963945863479 0.8025595385857848
4 0.501175492726702 0.7268320443139443 0.49916919882582533 0.6847027777633776 0.534709885761913 0.6830105211343364 0.5367163325100819 0.7251396263001879
4 0.35382619905624324 0.7171751786558332 0.3257964190925122 0.6867120167526513 0.38926581160853857 0.6283208434720416 0.41729537302512654 0.6587837346557273
4 0.45300953681851297 0.619600125555219 0.46792432789573013 0.6867069867857051 0.42222131695314147 0.6968630202869276 0.4073068871512078 0.6297564720590204
4 0.29649831236110913 0.6075574581400969 0.28440166877408046 0.6223406717116312 0.2568546420668554 0.5998022449791478 0.2689512584914837 0.5850190797020849
4 0.1692461256018305 0.6068509412290048 0.19952905858144732 0.5635955166590374 0.28538766810061134 0.6236979758744259 0.25510520921295665 0.6669529756555429
4 0.28810524976904617 0.6609395965818845 0.31769223828791837 0.6638978767243607 0.3137859943863077 0.7029603701391303 0.2841990076780121 0.7000021020649132
4 0.2775666634610161 0.7152774569224575 0.2979591610137504 0.7313741261674479 0.275711030174989 0.7595550434589201 0.25531859040518157 0.7434584390668714
4 0.318359375 0.76171875 0.333984375 0.76171875 0.333984375 0.7822265625 0.318359375 0.7822265625
4 0.23017157090225737 0.5811046255541211 0.19969413910894218 0.5487251324988989 0.25333808416758075 0.4982369681793958 0.28381535062328567 0.5306162679397158
4 -0.0070818905111309505 0.5350898535599334 0.010703217381774266 0.4690391143029478 0.12711452679104696 0.5003817929379094 0.10933015037062432 0.5664319056303214
4 0.6084124375059901 0.7546752656700764 0.6341925843493073 0.7844160285365518 0.5995406721706331 0.8144475018028894 0.5737606972699041 0.7847069018756948
4 0.5870508436388491 0.8353153605767749 0.6094212876478196 0.8210827299765946 0.6259889309017126 0.8471177572352707 0.6036185309019402 0.8613503315822328
4 0.5922212545697221 0.9339708985415769 0.5905102659166914 0.9048895200426662 0.6198205324569699 0.9031655076649749 0.6215316329482903 0.9322467666258415
4 0.880859375 0.771484375 1 0.771484375 1 1 0.880859375 1
4 0.6640625 0.701171875 0.71875 0.701171875 0.71875 0.8046875 0.6640625 0.8046875
4 0.7151150907199053 0.7170859855001763 0.7832749744767398 0.7024830206451292 0.8073554439375812 0.8148604276334018 0.7391956248393399 0.829463196525895
4 0.8697239713396812 0.6208176453773051 0.9318966012887131 0.6098476231450579 0.9542131414693813 0.7363098434964902 0.8920405496803596 0.7472797198907037
4 0.8750001007435912 0.6640625 0.841796786281293 0.6640625 0.8417969440031356 0.6171875 0.8749999542076239 0.6171875
4 0.635979301360635 0.6403978407342528 0.6504967417386069 0.6000771131244734 0.6931697216355133 0.6154396923131453 0.678652487733757 0.65576024464734
4 0.6733454292990473 0.9642807766304702 0.6753566612728719 0.9381433477349013 0.7007472057618997 0.9400965758562322 0.698736076923069 0.9662339081768447
4 1.0003641688009566 0.7384976969336121 0.9396297537612099 0.7395630572647802 0.9382900204855105 0.6631747265308654 0.9990234375 0.662109374999999
4 0.31009666032457517 0.3977611968642011 0.258262360321055 0.32001250371506335 0.308968571867581 0.2862084886622562 0.36080282160992283 0.36395693397487044
4 0.38501602132521384 0.298896217504536 0.40877343993463455 0.3185802529184696 0.37198162638514987 0.36298417821226675 0.3482242599526444 0.3433001999025888
4 0.6136873242381853 0.25809372734839 0.6216563331740872 0.3019218673315526 0.5778282020861525 0.30989059370403604 0.5698592891984617 0.2660625389570924
4 0.5652581548805529 0.1173637202263633 0.576048103883295 0.16771626657568334 0.5250953161346388 0.17863470018172906 0.5143054347378211 0.1282822124211193
4 0.44891398573827246 0.16213764227755592 0.42418937860202277 0.1802688952529758 0.4054991898768776 0.15478226965024391 0.43022377080717433 0.13665103065808537
4 0.39441109616961967 0.21896028342189938 0.37506005989155256 0.2079026834860003 0.3896033650901245 0.1824519359288568 0.4089543739837609 0.1935095260008641
4 0.11008729665763894 0.09034927190590483 0.13636949121087127 0.10141540755163751 0.11386949472455399 0.15485290938432994 0.08758730700731121 0.14378678568656267
4 0.1682540534676491 0.047785725695619265 0.11704485491998184 0.05960323058564662 0.10489818379824101 0.006967606652779948 0.1561073545842646 -0.0048498944869702154
4 0.10902827269637783 0.08998822119281714 0.13614090862120065 0.10115219597401516 0.11405557454872906 0.15478801364288933 0.08694294535996505 0.14362405101141879
4 0.21631338863994642 0.20693028004047284 0.13792714744340628 0.23160731628142642 0.0902877735252332 0.08028190877756199 0.16867351410849096 0.05560495671065887
3 0.18976945469046314 0.37246898655966953 0.04025782198311845 0.4890467847098054 -0.13586925183915355 0.2631675500195649 0.013639259260457948 0.14659160733527532
3 0.6634714443463281 0.03589911766243913 0.681897391200323 -0.01770352315889199 0.7595720309172975 0.0089971968683945 0.7411461071899339 0.06259981488737054
3 0.6024578686934774 0.004307518363782531 0.5989668882059505 0.10554763193087163 0.4413551743465405 0.10011268702816943 0.4448462690411361 -0.0011273203001977128
2 0.7631807407933593 0.250415416681652 0.8414769897630094 0.35543997655353554 0.5582668511417523 0.5665605511382191 0.4799731654692323 0.46153831756099584
2 0.5920684379135537 0.40523926382073927 0.5505397758564641 0.45335802479008064 0.467580805057878 0.38176385779506344 0.5091092441811043 0.33364542437074146
5 0.33377440430649585 0.4698225704333282 0.39306034478329366 0.37349255939596854 0.5949838920738557 0.49775757533496634 0.5356999568816718 0.5940858218469377
5 0.8925784321590982 0.88671875 0.867187284210786 0.88671875 0.8671879605535651 0.6816406249999999 0.8925778613388502 0.6816406249999999