6 0.6210938879553396 0.41113287236483725 0.542231508273062 0.3769109794094248 0.5646927487803168 0.32515321772606237 0.6435546875 0.35937500000000705
6 0.4430478374620179 0.40403982934808785 0.4446989204406009 0.42092881936401383 0.3121978023192469 0.4338810318567817 0.31054687499954525 0.4169921875000462
6 0.6083984375 0.6347656249999972 0.6111462840673312 0.6346040074300597 0.6121228449652563 0.6512055702859126 0.6093749984213446 0.6513671875928478
6 0.610259855429149 0.7032561961727698 0.6011233529329729 0.7048682857083259 0.5973088516075222 0.6832527107664071 0.6064453125 0.6816406250000089
6 0.5909214624620063 0.7044544770961676 0.6022270274424955 0.7074688024478617 0.5906704585950138 0.7508060939685185 0.579364899346956 0.747791783596675
6 0.4992373650195532 0.8398766884891857 0.4930899103659385 0.8342426575884844 0.5211413637900932 0.803641253056682 0.5272887826689612 0.8092752546263999
6 0.5478515311315277 0.7812499644560111 0.5527539032701725 0.7868049016717221 0.5332451506769758 0.8040185423080817 0.5283427968147407 0.7984636225408057
6 0.553240343302491 0.7834669795404922 0.5444158866422413 0.7731736158417636 0.5673366598867915 0.7535273001238018 0.5761610925810601 0.7638206273366339
6 0.2729896588386964 1.0019045880478272 0.2668413590238288 0.9967825263665895 0.2856524948807646 0.9742092284793642 0.29180076098316476 0.9793312674172514
6 0.31152339481661784 0.9531249459500304 0.31717382367571645 0.9602800848164252 0.2980485925378389 0.9753789934787862 0.29239819141082535 0.9682238801945721
6 0.36406212207953104 0.923242085633438 0.3677740858887546 0.9343746971020586 0.31210955315361844 0.9529297389954718 0.30839769907481696 0.9417972207095525
6 0.3625822882116836 0.9298029520843167 0.355866320218297 0.9134963848993214 0.42767587676303265 0.8839283462670297 0.4343919071760638 0.9002347384396087
6 0.4317159048762278 0.8961086475183548 0.42735820961399895 0.8895736167467738 0.4546267246694242 0.8713947440443348 0.45898441384576927 0.8779297457549851
6 0.48925768832941685 0.8437498587356188 0.4964488527438107 0.8519309778711519 0.46235184885836134 0.8818951764183517 0.4551607355078886 0.873714106038663
6 0.6054687417953346 0.6416015737046722 0.6054687803548404 0.5859374902930127 0.6113281330117388 0.5859375097341731 0.611328125 0.6416015625000085
6 0.609375 0.521484375 0.6171875 0.521484375 0.6171875 0.5830078125 0.609375 0.5830078125
6 0.609375 0.4453125 0.6171875 0.4453125 0.6171875 0.5244140625 0.609375 0.5244140625
6 0.61328125 0.44238281250000727 0.6084412685553389 0.44154837848183137 0.6133240993759728 0.4132280676504037 0.6181640632306653 0.41406250012597695
4 0 0 1 0 1 0.39453125 0 0.39453125
4 0.33597321482955067 0.38875089929157797 0.3159660369578887 0.5852215595541025 -0.014699847642532404 0.5515449204010547 0.005311459890322112 0.35507886201573813
4 0.10317250528510158 0.3752128261403679 0.12587903074825135 0.2779063765069588 0.2963494032843528 0.3176842711036536 0.2736439313146093 0.4149897931594236
4 0.3176431055728699 0.4092533649923598 0.6245075857667644 0.4315681491006463 0.5998940786735147 0.7700114887194303 0.2930296745232681 0.7476973922371749
4 0.6196884076588276 0.3728297488532425 0.6149812621056299 0.46697953724844427 0.47110212886298086 0.45978550039752364 0.47581008555880544 0.36563658481938627
4 0.6070513913997502 0.34191079644616995 0.9986191284108372 0.3282528412771483 1.0122463879919223 0.7189146863271947 0.6206787591702323 0.7325722021912662
4 0.845703125 0.7109375 1 0.7109375 1 1 0.845703125 1
4 0.5039056648591895 0.9999999958842454 0.5039163073190593 0.7148327586315595 0.8378904547304273 0.7148453768658076 0.8378924849349687 0.9999997074409762
4 0.9033203378705821 0.7138667280712436 0.8982864634871248 0.814543289697421 0.8275641122086199 0.8110069587425838 0.8325987636054606 0.71033120650415
4 0.7792959315870576 1.0000002556802112 0.7793003942838368 0.7851542965977828 0.9042975295601536 0.7851575821030513 0.904296736514766 0.9999998834066812
4 0.2832026796846776 0.9999999675481394 0.28321156020228955 0.8613154231143182 0.5644541086160189 0.8613300396317218 0.5644507819143882 1.0000090811961566
4 0.0010213544724138046 0.7242683728089566 0.28773470025487313 0.7253339602872442 0.28671334162766016 1.0000889864450593 0 0.9990234375
4 0.2635050517158106 0.9713115614939439 0.15933305621547333 0.7670558894786227 0.5006311136218073 0.5930247007826591 0.6048041942170812 0.7972705677316227
4 0.3193774546267605 0.5190738349757809 0.32588639968366806 0.7465744588901901 0.0009768271647772053 0.7558610494753614 -0.005524686450826266 0.5283678409017689