4 0 0 0.248046875 0 0.248046875 1 0 1
5 0.2737377470288038 0.9990005036662432 0.23046233729758114 0.9994409418138589 0.22029326159224638 0.000093629236700112 0.2635635226801014 -0.0003467875669538787
6 0.8593739023002627 0.7070040147675264 0.859375806413027 0.7324101277433561 0.26757834914155865 0.7324359074649432 0.26757809458683823 0.7070314786964197
6 0.7107663533572577 0.05605300109612516 0.7110110255030122 0.03036706183150427 1.0001960850503337 0.03312150319624294 0.9999514648096692 0.05880737300418788
4 0.476557767275267 0.7324192777071482 0.476562735015591 0.9990265397503586 0.27538974175581643 0.9990233348519275 0.27539177412199933 0.7324228795943446
5 0.27175676438196206 0.9990063190984995 0.2295388121447104 0.9993310547352708 0.22185458818330517 0.000058751675680420144 0.2640675305158311 -0.00026596830603966166
4 0.2659084184861058 0.044154716248858174 0.2654326413862691 0.01757362518357229 0.8572146820469015 0.006980434553311203 0.8576905205078447 0.03356151095791978
4 0.890680222654396 0.03323542105773739 0.8904497159918492 0.01271918606467094 0.9999644986570502 0.01148873476732992 1.000195012991071 0.03200496180423022
4 0.5067277402407626 0.06932982028635028 0.49948046107977007 0.19978669312150063 0.25879480722210246 0.18641508244018112 0.2660426609726301 0.05595883994055296
4 0.2573656102873656 0.7076945658883909 0.27089163671280403 0.058843336727837155 1.0069290325770908 0.07419124089133548 0.9934337664499253 0.7230080691698656
4 0.9142828541298513 0.12712677865672317 0.9073524152473738 0.2137600519183159 0.7215103274236299 0.19889267051171122 0.7284411269878319 0.11225979768238784
4 0.7357293524314628 0.18487681068439993 0.7504704831644631 0.1795164644930407 0.7595660476529247 0.20452929392501976 0.7448249190903198 0.20988963587596673
4 0.7152694682832816 0.27951550919893897 0.7231979805497986 0.21450480182752107 0.8025249676347812 0.22417911680487987 0.794596676489391 0.2891896199103721
4 0.8830108741138929 0.8600870521123212 0.8438894557481262 0.7289351720399745 0.9950249207586239 0.6838613945464991 1.0341477124142102 0.815010760002889
4 0.45344176367359523 1.0001484081150582 0.45283504589122003 0.8932512462939233 0.6497809184230618 0.8921321239714348 0.6503906412641527 0.9990262885573741
4 0.6116145007641762 1.0001221363451709 0.6110819781141572 0.8165176084538386 0.9838907442455138 0.8154351698608927 0.9844327162917352 0.9990297810373908
4 0.5709132330924831 0.7141302007801842 0.5192213525386933 0.7152537992610188 0.5160400689943572 0.568881035545025 0.5677304952237137 0.5677574527010293
2 0.3858099721775261 0.16474765519331716 0.3825853380664057 0.20183144708128342 0.31954295648370135 0.19634954559666484 0.3227676486674227 0.15926581829879105
2 0.275390625 0.259765625 0.3046875 0.259765625 0.3046875 0.2841796875 0.275390625 0.2841796875
2 0.9568882189286114 0.2859696332063961 0.9428957952814017 0.3296953131005091 0.8796460743038779 0.30945553312158824 0.8936385672946017 0.26572998773215645
2 0.8441630411920187 0.23954979695510628 0.8188743494008577 0.27530230609631107 0.7761045088867604 0.24505055819286642 0.8013931798947169 0.20929811850460486
2 0.7869485588676071 0.32728627488144896 0.7675321459017823 0.32579274822445126 0.769772520316792 0.29666820441434544 0.7891888796282274 0.2981617289991712
2 0.8768315157000188 0.5821638999144025 0.9198039690372752 0.580295745644309 0.9221071666260059 0.6332695192156109 0.8791347139238042 0.6351376643166906
2 0.505211086211375 0.796997064765575 0.46806434263760366 0.8039608092060387 0.46007137499407236 0.7613308599499758 0.49721774639397154 0.7543671512984349
2 0.43359375 0.828125 0.455078125 0.828125 0.455078125 0.8583984375 0.43359375 0.8583984375
2 0.5292968576984549 0.8027343017715901 0.52929696548415 0.833007813159286 0.4960937353249619 0.8330078067222434 0.4960937526723228 0.8027344206184951
2 0.5896821113701662 0.7658068082470041 0.6503637340141495 0.7622379761778669 0.6529297184010829 0.805859904305363 0.592248097481388 0.8094287177170318
2 0.57421875 0.61328125 0.62890625 0.61328125 0.62890625 0.662109375 0.57421875 0.662109375
2 0.7274522600624778 0.8606712602389567 0.7295963058699044 0.8285221423818201 0.7858564356434954 0.8322732708062953 0.7837126373964338 0.8644221552115025
2 0.8100596437941476 0.82126469975693 0.8125761836982974 0.7709509808049009 0.8521256567565842 0.7729288043534707 0.84960937037863 0.8232422799036941
2 0.752966570281842 0.7020194499654224 0.7513819058982563 0.6655732734465694 0.8021520391686181 0.6633660749069182 0.8037368871172248 0.6998120591821178
2 0.7251354799435603 0.6354416747409474 0.7218598930404596 0.661643610201807 0.6985425836420518 0.6587289640443929 0.7018182222174119 0.6325270894712789
6 0.2661068318573143 0.06023542823282626 0.26562479497295044 0.041984424784525236 0.6306045346375413 0.032344267304138564 0.6310866173046179 0.05059522673751803
6 0.6500326977131863 0.05193204638628172 0.6718968113038954 -0.005150039287249194 1.006959080018305 0.12318833730723588 0.9850953198964589 0.18027010986687922
4 0.6271440701352731 0.18671036491529486 0.6258168811061751 0.06323653584858313 0.8296739847447725 0.061045283274210736 0.8310016371175379 0.18451858979960453
4 0.998983038294341 0.054257384919320376 1.0003546987770733 0.13517332215558206 0.802152666351958 0.13853283213690154 0.80078125 0.0576171874999495
4 0.48867861090900533 0.7307133039016209 0.4866235148525675 0.7749042264840625 0.3869567800010145 0.7702692393277915 0.38901235420826197 0.7260788210313114
4 0.52734375 0.732421875 0.59375 0.732421875 0.59375 0.8359375 0.52734375 0.8359375