4 0 0 0.19921875 0 0.19921875 0.6103515625 0 0.6103515625
4 -0.00004681009374962741 0.6407948103623782 0.34278231412224613 0.6398183133372805 0.34380764185334556 0.9997244707429989 0.0009785166211031537 1.0007009236310402
4 0.39262765488865625 1.0000112968067258 0.3922344019948696 0.8991373658779251 0.6441804604766048 0.8981526337291185 0.6445773665116121 0.9990229006479951
4 0.27964420025523395 0.49103763687447166 0.13896034234869603 0.418153671344929 0.373954855102852 -0.0354274303799082 0.5146347863345682 0.03745531936220685
4 0.7694516784384859 -0.000043286502224282004 0.7699070799584433 0.050505130673976974 0.6567053786394581 0.051524953403362724 0.65625 0.0009765625000086888
4 1.004962840090343 0.18730647395613956 0.9757442125149964 0.20646091170983397 0.8428725671911934 0.0037761682512866645 0.8720910086698268 -0.015378183405923963
5 1.0346424292949905 0.33929588022083623 0.9954908654559631 0.3652995613132409 0.7588625303524168 0.009031825985794197 0.7980136609113515 -0.016971679679620377
5 0.53125 0.0009765624999666428 0.5711207457992487 -0.04332276941646089 1.0398657969275291 0.3785576501591065 0.9999958365274324 0.42285618842433875
5 0.8890733849401613 0.0017381156207658466 0.924385193075068 -0.022538664271782905 1.0353116152974735 0.13880930648766165 0.9999998534635779 0.16308603824329407
5 0.28350961669059416 -0.035348773617202824 0.37072452534300737 0.0019292279055774305 0.07944919239139381 0.6833718904240897 -0.007764935345221602 0.6460951980045548
5 0.34733956334991944 0.5369638784856966 0.31484670358997846 0.6056754251581147 0.1349565098032599 0.5206133921557539 0.16744961590870844 0.45190296378154055
5 0.32077183731712466 0.5436854762934813 0.342377324377253 0.09056308917513736 1.019505717407128 0.12284872199258319 0.9979168894864188 0.5759531688382963
2 0.3658519675248044 0.8528649320818662 0.362272756031075 0.5341253532923917 0.9997862079039805 0.5269622806200052 1.0033865457836555 0.8456789698817148
2 0.5410697937974192 0.6630585566121832 0.414647260415677 0.66479017143865 0.41357953393742264 0.5867868105959273 0.5400001824748415 0.5850552087156069
5 0.25874858796248645 0.5548575644109754 0.26867981154077825 0.6199484465521007 0.13193040825319713 0.640809321868984 0.12200010138860762 0.5757192576704488
3 1.0000000178579285 0.08691406249999999 0.9443359177820412 0.08691406250000004 0.9443359375 2.174207301781701e-17 0.999999999797069 2.4848083448933725e-17
3 0.8045513334182033 0.004841676536918603 0.8458024300822444 -0.023804555188782443 1.0384322066804543 0.25358481101827646 0.9971812818446324 0.28223084918547875