2 0.08797927672208061 0.5020387114182562 0.08605748773595678 0.3943361734082965 0.26938216773351087 0.3910646214309607 0.27130527152257855 0.4987658379873134
2 0.03486479440857693 0.20632335673965876 0.03668274766016566 -0.0024946748020566686 0.38847243593238545 0.000568040176624759 0.3866558125598658 0.2093844251413791
2 0.07033881370500694 0.20996369981494672 0.3354526077810078 0.23538466187406068 0.3080987707674012 0.5206465669994788 0.04298501472908356 0.49522600614902446
2 0.28808352290604944 0.5082773097528887 0.2992295408881773 0.6252874879905589 0.14567267355084823 0.6399114629745569 0.1345283660361929 0.5229028669996179
2 0.33198250000964435 0.7893461332586198 0.21941413501906482 0.7973853389099348 0.2109933458825708 0.6794736554531661 0.3235586778977222 0.6714345601184186
2 0.231053048500371 0.874992287838599 0.11584499322873398 0.8925903440375349 0.08159670399504648 0.6683994632680971 0.19679878363854186 0.6508018680653882
2 0.9339335385967615 0.9180215948327143 0.9331872998002382 0.8814453836837406 0.9881706614759196 0.8803237573023384 0.9889171698373502 0.9168996943528162
2 0.9296875 0.91796875 0.986328125 0.91796875 0.986328125 0.953125 0.9296875 0.953125
2 0.9544219669919585 0.8414126451126194 0.9518920771882904 0.8135885525730309 0.9879930232336847 0.8103067495871874 0.9905230268726655 0.838130715336111
2 0.8128772063141696 0.9199889172205059 0.8123049012677939 0.9480387252267256 0.7611462451761781 0.9469949164838383 0.76171875 0.9189453125000153
2 0.9376975912379066 0.8106509763059877 0.9368840897124073 0.7740369247394691 0.9880739677339534 0.7728997517084681 0.9888876901022741 0.8095135769790976
2 0.7871093593871592 0.8847654849083152 0.7871095266355042 0.9160155976820882 0.7558593987865834 0.916015629938718 0.7558593654795231 0.8847656510649208
2 0.7870179480630668 0.7733512993734868 0.7879967004423634 0.8056371236716718 0.7444757805509425 0.8069560049163788 0.7434972021275144 0.7746703492974344
2 0.7522391090808469 0.8482065725278034 0.7502534042796469 0.8104819656672679 0.8099154720166553 0.8073421476975509 0.8119014451594921 0.8450664688596452
2 0.790039069224008 0.8496091261986582 0.7891209978745337 0.8835794226430556 0.751458359790945 0.8825616090205327 0.7523765952084887 0.8485914810616221
2 0.8534474933319416 0.9178001663854682 0.8556573993181473 0.95535423498558 0.8156994426891515 0.9577047592720631 0.8134897629267925 0.9201509057053712
2 0.744140625 0.740234375 0.791015625 0.740234375 0.791015625 0.806640625 0.744140625 0.806640625
2 0.755859375 0.646484375 0.802734375 0.646484375 0.802734375 0.708984375 0.755859375 0.708984375
2 0.7408005702616265 0.5645839250624193 0.7397649305122513 0.5304058788326188 0.7810976845327104 0.5291535468742776 0.7821334384190095 0.5633314750571188
2 0.8272851133991708 0.5409529864874123 0.8283059707619032 0.511354531240037 0.8867628202542619 0.5133705017866498 0.8857421065440576 0.5429688173847872
2 0.7909519696434018 0.45111068580685926 0.7915982080006643 0.48147437902519624 0.7344846010632864 0.48268968211746394 0.7338384887164011 0.45232611234059444
2 0.9785157095465138 0.44726562499999994 0.9316406157861366 0.44726562499999994 0.9316407324951115 0.41015625 0.9785155987614189 0.41015625
2 0.9815336643061983 0.48251890372416045 0.9801019996136802 0.5125848032851354 0.9331474246911284 0.5103489705181637 0.9345791908825731 0.4802831776904704
2 0.7578124930920467 0.26757807660142297 0.7578125963932507 0.3378906376516213 0.72265624109275 0.33789060107692603 0.7226562513624231 0.2675781530785569
2 0.8692401044960434 0.33609180250029885 0.867295180889414 0.2757966446751163 0.9023518566634721 0.2746658769976962 0.904296875 0.3349609375000341
2 0.41494921091236847 0.9863756298844405 0.41399705152070965 0.9454275321957203 0.460301848366953 0.9443510865192035 0.46125427978984135 0.985298905850916
2 0.42033265712655066 0.7836713709926089 0.48395400520382736 0.7877751194793049 0.47922609809506866 0.8610581511161517 0.41560475353492166 0.8569544403328369
2 0.46776702159752404 0.6320645643942951 0.4698439389442228 0.6645952164503974 0.4122329706990513 0.6682726535463737 0.41015625 0.6357421875000192
2 0.41303271619949555 0.5213591713124391 0.4588741751053931 0.5242239963352079 0.45482354011949155 0.5890342687629898 0.408982082744501 0.5861694594331491
5 0.7367359291841922 0.9987868677562499 0.6726739468841743 1.0002765448401147 0.6494203323802594 0.00018153748642333359 0.7134723997556875 -0.0013080229704607402
5 0.7561961637901504 0.3842793607871835 0.7557784619317545 0.3546029944151335 0.9843037172626055 0.35138544370433095 0.9847217935786148 0.3810614223643443
5 0.33782369658706557 0.41033854080420656 0.37849621101133835 0.40975759066879985 0.38691286700463934 0.9989369771700024 0.3462403533528686 0.9995178912464291
5 0.46764846716314423 -0.005590447651552751 0.5621933205360392 0.006674634338115072 0.5113451288187889 0.3986315707817984 0.41680030118254763 0.3863666396980074
5 0.3799697724334692 1.0033033581679376 0.20707292651252374 0.9673725111351698 0.41199137606952263 -0.01849385009384923 0.584866601443423 0.01743490821377246
3 0.5364421260820791 0.7032323501984473 0.6665734534672083 0.6993485924471318 0.6725396640773624 0.8992193577676274 0.5424083404825524 0.9031030212382039
3 0.3888045143139607 0.7716844736500041 0.38711697244298193 0.6821669847228166 0.5180759748332093 0.6796983068107193 0.5197647892844088 0.7692144969316783