4 0 0.115234375 1 0.115234375 1 1 0 1
4 0.7636705621140436 -0.000024616838245235078 0.7637869028509385 0.08859037124568378 0.00010311179937616544 0.08959092739415611 -0.00001278899549106427 0.0009765792851484261
4 0.9999999765910843 -1.0698642736055291e-8 1 0.061523437499973625 0.8457031069252707 0.061523418565890234 0.8457031268836772 5.599055375227595e-9
4 0.7554245539963631 0.03762258787685878 0.7791757372831398 -0.013272716852386368 0.8723055391089929 0.03018792672838118 0.8485543892152236 0.08108320232181522
4 0.42881609663515974 0.061463341872473806 0.4826923151183564 0.07615681069706118 0.4603816076195244 0.15796270531353357 0.406505395974591 0.1432692573432527
4 0.6516030621812661 0.04318908704020524 0.6935624186147606 0.06360167160481005 0.6373497960099712 0.17914982966216803 0.5953904645627972 0.15873728910737364
4 0.6220941377051759 0.05251996949984238 0.684999088840641 0.029344530754457834 0.7141101417769278 0.10836038809819196 0.6512052050999273 0.13153580219972233
2 0.1371674349558134 0.06469068204712006 0.17865815828588438 0.07160578304849732 0.16340266110171342 0.16313871151975234 0.12191194007596096 0.1562236214718938
2 0.26953125 0.08984375 0.32421875 0.08984375 0.32421875 0.123046875 0.26953125 0.123046875
2 0.5078125 0.099609375 0.578125 0.099609375 0.578125 0.134765625 0.5078125 0.134765625
2 0.7766702722605032 0.12233970321283923 0.736361766286791 0.10506466510902165 0.7625269472097216 0.04401268708053933 0.8028353927436456 0.06128771020577449
2 0.9907900443602102 0.07208214415262493 0.9942323479851893 0.1374848932958297 0.9535350491158852 0.13962684975950415 0.9500927911997223 0.07422414596903576
5 0.13585975913122184 0.11396594608112244 0.1171834785310466 0.14622499288926755 0.021946282164435615 0.09108778009455208 0.04062256103861728 0.05882878822477709
5 0.9689403714988885 0.14194471563382552 0.9403392880988122 0.1686390512330056 0.8402844320619351 0.06143765184531102 0.8688854447690346 0.0347433757905859