4 1.0000817794231125 0.9990272061992087 0.0005090145973554172 1.0000042753289689 -0.00041933669206173363 0.000780355735787177 0.9990232291776238 -0.00019665688359972284
4 0.37695368674860674 0.15136718750000003 -3.2571972496953094e-7 0.15136718750000003 3.565294264262775e-7 -1.1181637552020177e-16 0.3769530820887894 -9.93923337957349e-17
4 0.4824218753783498 0.0009765424467435613 0.48005386769762026 0.1264846617135887 0.36777059440476023 0.12436604777802016 0.3701387337654296 -0.0011419424064796155
4 0.248046875 0.248046875 0.369140625 0.248046875 0.369140625 0.3291015625 0.248046875 0.3291015625
4 0.38021259995878154 0.29536344266207987 0.3643509703614427 0.2662843942138887 0.3950038295539571 0.24956468667880038 0.41086546221447406 0.278643693158845
4 0.4055938805238384 0.151563584065256 0.41723310810664316 0.2000593600397298 0.31632652304244857 0.2242769383850343 0.3046874595245299 0.1757813017514294
4 0.34355211027116184 0.14290060803897786 0.4129155402122251 0.14893214739607422 0.4070231961754871 0.2166942015307251 0.3376597675310222 0.21066267333987657
4 0.6601562487041974 -4.695278955190499e-9 0.6601562516315198 0.04101562685830255 0.6093749974139655 0.04101562336183618 0.6093750013434374 1.5209529272750746e-10
2 0.052024629305492454 0.4494427593040027 0.09162938038696211 0.4650435356742198 0.07473589444111894 0.5079270056325113 0.035131171820921736 0.49232628174337556
2 0 0.51171875 0.1015625 0.51171875 0.1015625 0.8837890625 0 0.8837890625
2 0.17942602340099256 -0.000010072634375116959 0.1796875 0.01855468750002598 0.10963647463745474 0.019541321125829694 0.109375 0.0009765625000273809
2 0.0009765625 0.08398437500000039 0.03691080386556678 0.08364214639448868 0.037887364515654554 0.1861812096334028 0.0019531231735072652 0.18652343751739456
2 0.000976560605636223 0.2832031249559454 0.03556904493507318 0.2840075775449891 0.034420397739495456 0.3333994807578884 -0.000172086526390558 0.33259503004414404
2 0.07467092931960906 0.12655415683539648 0.13048318830215067 0.13004239814031224 0.12706332090635897 0.18476029532069407 0.07125106238413537 0.18127205852924985
2 0.17169960995602196 0.30206000373228636 0.18707110020841355 0.344073648109714 0.12333603584761477 0.3673913393322598 0.10796471683477193 0.32537784006459475
2 0.2595850714469634 0.3222093467858068 0.2603284215978192 0.3586260556612051 0.2061416980238846 0.35973198665689765 0.2053984527111652 0.3233153820801209
2 0.2363281590759243 0.19531250000000006 0.1796874746935373 0.1953125 0.17968759378265986 0.11718749999999999 0.23632807113801846 0.11718750000000001
2 0.32563430135303406 0.17117276315611435 0.2724280009083486 0.18345105829475428 0.26222350122179705 0.13923140607778436 0.3154296875 0.12695312500001102
2 0.38039430216645087 0.11119723195731336 0.38977336925597683 0.14786048062717083 0.3393827681136372 0.16075110436793955 0.33000374666107746 0.1240878946557557
2 0.330791917560191 0.3581065915213566 0.325428978540117 0.31627600401052236 0.39007152013630275 0.3079886851297577 0.39543457633112666 0.3498191327384531
2 0.4799516909124577 0.29675998600542675 0.4821745882331925 0.3434362283121052 0.4318792536195133 0.3458312719750315 0.429656476281707 0.2991551435918788
2 0.6265408099853857 0.2548422385156999 0.6400948112676588 0.21030893674595505 0.6961304851654404 0.22736347770057264 0.6825765967626012 0.27189668277407886
2 0.626953125 0.18457031250000147 0.6462543490926009 0.12072883479130657 0.6967363951973766 0.1359910038891433 0.677435269122725 0.19983239695391927
2 0.6951886752743803 0.09075331339889825 0.6533345114818303 0.0894031801487481 0.6555637831692138 0.020296664600430697 0.697417893969714 0.021646796951119634
2 0.478515625 0.017578125 0.509765625 0.017578125 0.509765625 0.068359375 0.478515625 0.068359375
2 0.6230469755291779 0.31152343753033646 0.5859370412954377 0.34863235766109646 0.5498044700569835 0.31249977480598823 0.5869143141768518 0.27539094466043235
5 0.08456393299741194 0.23776484637527143 0.06911279493442635 0.266849095046766 -0.014474582405341607 0.22244352323329716 0.0009765625 0.19335937499995334
5 0.5564164678947918 -0.006478173075501326 0.6270034952599417 0.12091986128192063 0.1799598461603864 0.3686071052029468 0.109375 0.24121093750003839
5 0.5985612642336946 -0.005690680367111739 0.7160529007921923 0.07911429649911023 0.5218873762541989 0.3481146832940467 0.4043962467653728 0.26331040741537354
5 0.5696101370145925 0.1939959461266538 0.5992710697148596 0.17012289309285278 0.6494606680889774 0.23247990822179668 0.6197997931011514 0.2563528988488276
5 0.609375 0.107421875 0.6328125 0.107421875 0.6328125 0.16015625 0.609375 0.16015625
5 0.6535385961220754 0.06397057156908491 0.6582031402809889 0.0849609281630527 0.613740810023387 0.09484145300240572 0.6090762792216537 0.07385110810639724
5 0.38422785326667963 0.137316806764399 0.39961536521650487 0.11003930005856154 0.49459258905687875 0.1636165169950836 0.47920515654584506 0.19089395491804947
5 0.30703129350615654 0.22441407006011949 0.2835156009662114 0.22777341497595513 0.2764453159823006 0.17828124380481664 0.2999609372759551 0.1749219040674562
5 0.2109375 0.1953125 0.23046875 0.1953125 0.23046875 0.23046875 0.2109375 0.23046875
5 0.10794771222413146 0.18877705285083313 0.13077223287052675 0.1900450633526071 0.1280318520016408 0.23937197763995188 0.105207331519523 0.23810396918875865
4 0.5740554898902701 -0.013439440028888092 0.6593996167779324 0.05497621694433697 0.4543887950383123 0.31071173804391466 0.36904509630448956 0.24229659871930279
4 0.4556099772410107 0.057424865178714986 0.5400390625 0.052734375000001485 0.5456460314136393 0.15365986802655016 0.4612169468543925 0.158350350543144