4 0.9998339635633329 -0.000005178286454064442 1.000062595438294 0.23237496573067695 0.0002243877665932814 0.23334865335982363 0 0.000976562500000809
4 0.8792502942015972 0.24739432999699817 0.8549503405797623 0.6362603011257153 0.5502283817780835 0.6172127782514928 0.5745356712779994 0.22835464079341322
4 0.7721768526523647 0.2567919055448856 0.7993797142358972 0.16741421767549516 0.9341445956374628 0.2084304398517427 0.9069422593325953 0.29780767746778986
4 0.5521306627908871 0.7062137126236621 0.571698168971011 0.6123080736299595 0.6904831156655291 0.6370566067078159 0.6709169540519042 0.7309610596243852
4 0.6791819961695182 0.6263945381826072 0.7168415035363296 0.6499285911673965 0.6875992876898636 0.696716058897764 0.6499398815942641 0.67318213681082
4 0.001155778979182287 1.0004201831062551 -0.00029793170813263714 0.7278888205606976 0.5601946736111358 0.724884934596451 0.5616684472066709 0.9973969161059788
4 0.5400633371282311 0.7394768527256149 0.4952058906833372 0.8332608024650269 0.2591230372121345 0.7203555956789175 0.30398107374855954 0.6265743828836446
4 0.6384434826645702 0.4733610690087019 0.5301708624728008 0.6843161980616193 -0.038715888967772116 0.39233896939694796 0.06955804247718333 0.1813928413036747
4 -0.02153326253301202 0.4048441780755327 0.001510150310195968 0.3423017774497618 0.08070760995826731 0.3714803661344317 0.057664566240418935 0.43402245316293137
4 1.0000716011911663 0.42700869486194276 0.8538643961866228 0.42786368201536845 0.8528182892897576 0.2487990640648207 0.9990228354707824 0.24794408461652148
5 1.0292991517795826 0.7504816781127297 0.8567962427184739 1.0815821716180285 -0.1706966795683229 0.5462598162129285 0.001810539827147295 0.2151963047105176
5 0.3154624107253312 0.7349992483115952 0.27415576745170256 0.769416339990493 0.22692833015639735 0.7127436764792494 0.26823455880457914 0.6783268643595981
5 0.3443020739147187 0.7717946553163786 0.3513370921477872 0.7260769015751529 0.4012374782715824 0.7337542305895685 0.39420275604607014 0.7794717198500872
5 1.0002937508311334 0.8967662128299944 0.8779813521364304 0.8991639592368675 0.8766396312877305 0.8306777399926621 0.9989498265633756 0.8282800151857022
5 0.865593551012239 0.8748754810664985 0.9129768894831614 0.8757864490173394 0.9105718050419682 1.0008528442649278 0.8631884671048056 0.9999418925500164
5 0.6953154504466283 0.9990234375000003 0.5195304520544823 0.9990234375 0.5195362940114592 0.798828125 0.6953117168775407 0.798828125
5 1.0001246398009016 0.7263292316523132 0.8795550564848327 0.7267582661350768 0.8784606912887511 0.41839777189676186 0.9990234375 0.4179687499999998
3 0.5974958309229805 0.09836559832162707 0.5878347489982616 0.4414734557547543 -0.00841776784909598 0.4246742713934515 0.0012510168498920393 0.08157514627324207
2 0.6660156539757054 0.154296875 0.6171874775444621 0.15429687499999997 0.6171875283168902 0.10351562499999997 0.666015605371399 0.10351562499999997
2 0.6229189677131899 0.17669892143242377 0.6541994222023959 0.17568988888953183 0.656377903915768 0.24322295563759955 0.6250974495617356 0.24423198601373217
2 0.713407754063951 0.205087132993235 0.7128350840624762 0.17587807127528268 0.7646304247157332 0.17486257419602608 0.7652031374400394 0.20407159193360314
2 0.6798043363294255 0.1641706836562644 0.6787311693351512 0.13626718723761874 0.7393385981622487 0.1339362319150884 0.7404118022418515 0.16183968835265494
2 0.710937521545361 0.2060546889363448 0.6820294988855267 0.20412750774232238 0.6841641378056238 0.17210835490361903 0.7130721080337707 0.17403553436212874
2 0.7378905785332108 0.2263670473756842 0.7718750104571654 0.21503908692366583 0.7757812562524578 0.22675783893860482 0.7417968266166781 0.23808579455342294
2 0.0009765585914465191 0.4355468749337584 0.018417258528984348 0.43584245972701774 0.017440699909229807 0.49345964607708764 0 0.4931640625000001
2 0.04392264457919737 0.4495835661096829 0.01956871007837435 0.47107108173044115 -0.0005515141897376452 0.4482681806604881 0.02380236114095169 0.4267807097844397
2 0.03710947781689811 0.6064453125 0 0.6064453125 1.4912257029209286e-7 0.56640625 0.03710936071991 0.56640625
2 0 0.5654296875000231 4.5870933718106244e-8 0.5449218726222376 0.017578140374325812 0.5449219155865546 0.017578125 0.5654296999334729
2 0.042840377270977115 0.6190184931523488 0.04376591254617779 0.6551027461573388 0.0009253814534986304 0.6562012898101343 0 0.6201171874999801
2 0.038717368905736294 0.6718049392689643 0.039514585853794415 0.7012915547942884 0.00005846344754445454 0.7023580228440791 -0.0007386284391941444 0.6728715294181492
2 0.09949160189921713 0.7029073343817702 0.0565190047377655 0.7010392284394292 0.05783838714864942 0.6706957870592175 0.10081071167235223 0.6725638870686903
2 0.19335932586704985 0.6367185435697343 0.19335956245345187 0.6787109307479595 0.13671874867111455 0.6787109601308745 0.13671874985629984 0.6367188102493984
2 0.14035434976665329 0.6304998185571854 0.14316167599406526 0.5902704066709467 0.2043645157117453 0.5945407626706087 0.20155743412419724 0.6347699449672735
2 0.44921924171978844 0.8359375 0.31445278992589465 0.8359375 0.3144538480502206 0.7773437499999999 0.4492183476866103 0.7773437499999999
2 0.7989052400213268 0.8816534528840484 0.8635564872981831 0.8828729537110451 0.8614622981535831 0.9938665673687893 0.7968110513884312 0.992647085838254
2 0.9124123990784483 1.0000301711653679 0.9115270307628407 0.9229030717006046 0.9991136609196474 0.9218979798989599 1.0000000074136324 0.9990240825826181
5 0.16296724856999845 0.7283818613154561 0.10454377450696484 0.7396883691442967 0.061800858689139204 0.5188468606563827 0.12022194893495453 0.5075405872209418