2 0.10507812764535629 0.0408203125881916 0.080347519458428 0.03875942890735038 0.0827922961218519 0.009422144484162112 0.10752289859067332 0.01148302792087063
2 0.14062501595708454 0.095703125 0.10742187092932909 0.09570312500000001 0.10742188647168405 0.0546875 0.14062499961084995 0.05468749999999999
2 0.18359376392993454 0.09667968683667053 0.15371358020149728 0.09810255063850225 0.1516102282768088 0.05393187784205044 0.1814903836227586 0.05250901468738796
2 0.1579623276102211 0.025056184792406146 0.15886665524476484 0.000639443526824719 0.20163206431584513 0.002223353006283262 0.20072773889887685 0.026640092513486986
2 0.25781249914530235 0.03710936278268849 0.25781251708519903 0.08984375317193431 0.21874999794067662 0.08984374929512781 0.21874999995452526 0.03710937901290231
2 0.3388671874921556 -5.682055215610353e-10 0.33901339738429215 0.010673296693998528 0.26772433422434005 0.011649859069380286 0.267578125 0.0009765624999735606
2 0.087890625 0.181640625 0.13671875 0.181640625 0.13671875 0.216796875 0.087890625 0.216796875
2 0.15625 0.189453125 0.19140625 0.189453125 0.19140625 0.2216796875 0.15625 0.2216796875
2 0.10335186735721891 0.3612050314601063 0.10427982856049312 0.3231654109528477 0.1505079144606043 0.3242930766115747 0.14958004724303464 0.3623326053478505
2 0.19454593965917866 0.29194056253809497 0.19555573526076842 0.3151643542864112 0.16885690188018998 0.3163251829427484 0.1678471361726679 0.293101419855023
2 0.15250163561006502 0.2538555098241779 0.17206147309627795 0.28052732630708965 0.12879346520412582 0.31225715762330053 0.10923369590250331 0.28558540304259566
2 0.24218752761328233 0.2109375 0.20898437191374342 0.2109375 0.2089844130638312 0.17187499999999997 0.24218749198325895 0.17187499999999997
2 0.330078186728997 0.21875 0.2832030899314759 0.21875 0.28320314967800186 0.17382812500000006 0.3300781206933152 0.173828125
2 0.24145816899192596 0.20846045886631828 0.24602672441744744 0.22764802572756282 0.2188296645764467 0.23412351903249204 0.21426113001996328 0.21493597019873692
2 0.2655336288930812 0.28701191916393043 0.26656916852266477 0.25491320778931337 0.3135212288425464 0.2564278899520356 0.31248575366259956 0.2885265384641675
2 0.2540036991620127 0.31259135993230114 0.2531936519816327 0.2874788613670638 0.2924043275729673 0.28621407976087393 0.2932144181983176 0.3113265330456075
2 0.2619441005599583 0.3439002359707375 0.2611909012381375 0.32055002585415127 0.3041778919121043 0.31916344088875725 0.3049311402371586 0.34251359996076997
2 0.31054694947999906 0.38085937500000006 0.25195302665258623 0.38085937500000006 0.25195316040492344 0.34765625 0.3105468677922545 0.34765625
2 0.06608724569844071 0.41579880047426787 0.06703708937618558 0.3844591897532873 0.11398728949450287 0.3858820671634425 0.11303753825802687 0.4172215881834759
2 0.05768402430283004 0.4569073938612139 0.05895723465152969 0.41744488046963996 0.11000036517668832 0.419091625397212 0.10872729375637391 0.4585540032357854
2 0.064453125 0.46484375 0.099609375 0.46484375 0.099609375 0.521484375 0.064453125 0.521484375
2 0.16015621466158336 0.45410156427916337 0.1601562706966888 0.4199218644481968 0.1777343910645186 0.4199219026205763 0.177734375 0.45410156249995465
2 0.24390761498909797 0.3688084238610286 0.2457320000787604 0.39434780614891973 0.21130930705783157 0.39680659250462835 0.20948497665381183 0.37126726165970103
2 0.23242185922538283 0.4062499551770524 0.23242192832481123 0.4443359417240991 0.20507812632126843 0.44433592935892624 0.20507812452285634 0.40625000985289494
2 0.17968741284471434 0.508789062324605 0.17968752427987056 0.4687499381906724 0.20703125380020992 0.4687500207575383 0.20703122366171556 0.508789063941793
2 0.2111918951015923 0.5634655870692947 0.18372999368511955 0.5646594797276051 0.1813531989821513 0.5099903995641146 0.20881485371910458 0.5087965122946082
2 0.17197157668078944 0.5621601393175465 0.14391057498130522 0.5664114249321957 0.13858072240611818 0.5312340496297073 0.16664156004219421 0.5269827766919654
2 0.10037557195676072 0.5207779571025887 0.1287410020021298 0.5172326014637917 0.13455530003568583 0.5637471531942531 0.10618987258533252 0.5672924950823864
2 0.09570324994888324 0.56640625 0.06054678259602042 0.56640625 0.060546905801174944 0.5234374999999999 0.09570312209416443 0.5234374999999999
2 0.3125 0.5166015625000413 0.3125000104842002 0.5058593719229874 0.3203125039482302 0.5058593801393138 0.3203125 0.5166015641849284
2 0.2689655569082561 0.5226091187159904 0.26662173712884396 0.4827652630475188 0.30841189362831756 0.4803071195897333 0.3107558325515356 0.5201508487858603
2 0.2829336891248886 0.5621969303069282 0.28542596571890044 0.5198342409415914 0.3195448280459914 0.5218413533753531 0.31705267743063814 0.5642039231818843
2 0.24632222349941912 0.5130710977951326 0.2734561104690556 0.514201573577358 0.271149264302494 0.5695660931751528 0.244015377666301 0.5684356225575772
2 0.2402344258244966 0.5048828156763054 0.2154288755428979 0.5033325792617982 0.21755306320324053 0.4693466714188925 0.24235848938872095 0.47089690396240624
2 0.14059202930718584 0.7448866564421605 0.07068801636296485 0.743516182611442 0.07268235923413613 0.6418396092619835 0.14258487942413467 0.6432100685109431
2 0.07691757421946477 0.6582904813393959 0.07605955184556024 0.6368404198982831 0.11076958790249591 0.6354521390617065 0.111627680614788 0.6569021270674205
2 0.07022044148595796 0.7403300266742928 0.1189554288139334 0.7393930006542644 0.1210579905269924 0.8487275864075435 0.07232300363239119 0.8496646000545036
2 0.18227068758380938 0.7803124115597404 0.1815209944960543 0.8290693257851299 0.11516042835398821 0.8280487699894719 0.11591051281959608 0.779292256603496
2 0.24804686710399437 0.64062495112971 0.24804696532851267 0.6767578149914049 0.2109374723398787 0.6767577900759929 0.21093750851503046 0.6406250609943107
2 0.3203124815807996 0.6464841226954426 0.3203126728483312 0.6767577356204485 0.26757812876985554 0.6767578644463484 0.26757809833350166 0.6464844128424757
2 0.28125 0.693359375 0.32421875 0.693359375 0.32421875 0.751953125 0.28125 0.751953125
2 0.20703125 0.693359375 0.232421875 0.693359375 0.232421875 0.7314453125 0.20703125 0.7314453125
2 0.22738311157775115 0.7539124878273737 0.22637528785719496 0.7287184054758642 0.25507926777265766 0.7275703627091077 0.2560871696881577 0.7527643633972959
2 0.24218760778910564 0.7880859375 0.20703118397932485 0.7880859375 0.20703134903078535 0.75390625 0.24218748989483174 0.75390625
2 0.31033452694509833 0.8024265246609901 0.266859453547454 0.7989021681175938 0.27000189035970834 0.7601475348217775 0.3134765625 0.7636718750000001
2 0.3124999805080506 0.8105467000980378 0.3125002026515631 0.8437499465143923 0.2656250036976644 0.8437500060020076 0.2656249774815933 0.8105469550068272
2 0.28500875634358636 0.796183465506708 0.28236367073373003 0.8129328172122668 0.259897255001988 0.8093855267733795 0.26254237812986503 0.7926362216022553
2 0.20714363200841035 0.9258855892125285 0.20615627259758185 0.8992293381773679 0.24162551985170921 0.897915856700504 0.24261300557282084 0.9245719761749335
2 0.259765625 0.869140625 0.3125 0.869140625 0.3125 0.8955078125 0.259765625 0.8955078125
2 0.24813096899015363 0.9258625536815348 0.24764265544513364 0.8970371054592118 0.31399653052574195 0.8959131437000963 0.31448510504310434 0.9247383266519669
2 0.29011444762329575 0.9730318040594574 0.2835773643853372 0.9403547833864886 0.3098690723634263 0.9350965438210198 0.31640625 0.9677734374999555
2 0.1020315312183584 0.9820693591507977 0.07277329475107308 0.9778907789091454 0.07847657283298304 0.937969157137748 0.10773446832695299 0.9421477126065789
2 0.06456439506905554 1.0000109441508198 0.06434372838123181 0.9825590975048298 0.1423572655536418 0.9815725879009582 0.14257813502206318 0.9990242293746393
2 0.14656881063069704 1.0000254858045994 0.14602077355971232 0.9808446301530688 0.18131557198239534 0.9798364459081702 0.18186370818239084 0.9990171993410444
2 0.27179184948488455 1.000019114416804 0.27119760723996933 0.9792212004239987 0.3064366689629878 0.9782146021805868 0.30703101837184477 0.9990124057454693
2 0.4002655980785903 0.00403803512735109 0.46868039147375384 0.00223764746594336 0.47118228282602104 0.09730955397648951 0.4027674893195581 0.09910994031758505
2 0.47973416794923196 0.05050469838153364 0.514994123937413 0.04815403873228406 0.517742325092172 0.08937707727377972 0.48248236922961496 0.09172773590033319
2 0.5468750181771611 0.09667968750000001 0.5234374867337692 0.09667968750000001 0.5234375031092213 0.019531249999999997 0.5468749992824087 0.019531250000000014
2 0.560546875 0.025390625 0.60546875 0.025390625 0.60546875 0.09765625 0.560546875 0.09765625
2 0.623046875 0.041015625 0.658203125 0.041015625 0.658203125 0.0966796875 0.623046875 0.0966796875
2 0.615234375 0.005859375 0.634765625 0.005859375 0.634765625 0.0322265625 0.615234375 0.0322265625
2 0.48398800470522474 0.18175108385257985 0.48220446150810403 0.22277413858248818 0.43151901524902314 0.22057046207770445 0.433302619510755 0.17954747092430576
2 0.5273437454603709 0.1777343087981292 0.5273438217062676 0.2255859365335154 0.4824218841582706 0.22558594516767752 0.48242187365474365 0.17773438331116614
2 0.408203125 0.2265625 0.4599609375 0.2265625 0.4599609375 0.2626953125 0.408203125 0.2626953125
2 0.5312499973094873 0.25976560568703555 0.5312500405776746 0.3056640697334698 0.5058593693045168 0.3056640536090512 0.505859376057515 0.2597656394428481
2 0.40274290046522765 0.377074299471569 0.4019232164159803 0.34674383373355583 0.4425396262222421 0.345646208738269 0.4433593761832526 0.3759766062781643
2 0.6601562865696451 0.2080078125 0.6132812125040346 0.20800781250000003 0.6132812703102672 0.17187500000000003 0.6601562467733402 0.17187499999999997
2 0.5412683876725168 0.2210592865786617 0.5380859342848225 0.17968747663183432 0.5718405278854561 0.1770910010880714 0.5750230200956139 0.21846276811604567
2 0.6149316623856294 0.2439924634110509 0.6157951908644463 0.21377153744206587 0.658338541682383 0.2149871369661087 0.6574750592386636 0.2452080181704588
2 0.614970945998607 0.2850594861101691 0.6158615861147609 0.25567121890190536 0.6628709371848345 0.25709584360972615 0.6619803558673993 0.28648405312594105
2 0.5401819722374057 0.3176924077510479 0.5744807713906539 0.3138815680289998 0.5798399463982378 0.36211425844433215 0.5455411488495656 0.3659250885772029
2 0.6501590381275264 0.28494468973821707 0.6526581109407061 0.33991823213789574 0.5719475296613155 0.3435869158555512 0.5694486777532575 0.2886135844311114
2 0.6041855818209569 0.37135564891592254 0.6033126065469787 0.3442920441060171 0.6501388664896695 0.34278162953892255 0.6510119083537802 0.36984516537122947
2 0.6552734374993179 0.40820297409617945 0.6552735349387149 0.42968741380430775 0.607421902519377 0.42968750964655983 0.6074218705892918 0.40820313490552385
2 0.6591796837498123 0.38085917629558336 0.6597143442680817 0.409187917334055 0.607956445562877 0.41016459038378683 0.607421875 0.38183593749995254
2 0.6052749277921521 0.45891495742725263 0.6059470403571368 0.42867797949328645 0.654360508353875 0.429754030454658 0.6536884968844561 0.45999090937189957
2 0.564453125 0.4296875 0.58984375 0.4296875 0.58984375 0.455078125 0.564453125 0.455078125
2 0.40625 0.48046875 0.44140625 0.48046875 0.44140625 0.509765625 0.40625 0.509765625
2 0.443359375 0.46875 0.462890625 0.46875 0.462890625 0.5068359375 0.443359375 0.5068359375
2 0.40059422153990454 0.5664576779312479 0.39994520937716516 0.5320504728502881 0.45693394578029256 0.5309755320458283 0.45758311843724186 0.5653825744698364
2 0.48828125 0.4765625 0.546875 0.4765625 0.546875 0.5732421875 0.48828125 0.5732421875
2 0.551267305886654 0.5005348017244806 0.584859299402865 0.5021342812027464 0.5819914873551397 0.5623585207840527 0.5483994943469952 0.5607590491187873
2 0.5906441788426946 0.4687341400047944 0.6161789153092059 0.471055300253438 0.6105597034293169 0.5328668006205382 0.5850249684610844 0.5305456513799931
2 0.6072777609805371 0.574153342223939 0.6080929373888466 0.5358558596843334 0.6719766486812659 0.5372154564237362 0.6711616837083056 0.5755127316995862
2 0.6731238217232658 0.5380217552811989 0.6308593606378281 0.5341798454783485 0.6337571329248703 0.5023056173655333 0.676021381786768 0.5061475174861403
2 0.4603276851432838 0.6407352063176247 0.45849831556427034 0.6791527485373211 0.4015217598413301 0.676439717099162 0.40335133813198354 0.6380223943996924
2 0.6520944880653587 0.7105896495698666 0.604613241395441 0.7087637008950616 0.6069243932917061 0.6486815130371903 0.6544050475966969 0.65050745028453
2 0.5595703125 0.7890625000000013 0.5599725885626867 0.754921046828487 0.6468397692481176 0.7559440665733597 0.6464378462799232 0.7900851721369586
2 0.447265625 0.861328125 0.6142578125 0.861328125 0.6142578125 0.974609375 0.447265625 0.974609375
2 0.8798017641026945 1.0000011098881212 0.8788667091755542 0.9316812576614661 0.9530715197190602 0.9306658018406727 0.9540073072580526 0.9989849162115348
2 0.9960938946352371 1 0.9541015625 1 0.9541018099563416 0.96484375 0.996093701788368 0.96484375
2 0.7790053060883793 0.7574486527226062 0.7816744071640187 0.8054777132807103 0.7324553310356805 0.808212128984082 0.729786526306043 0.7601833497989929
2 0.74426755859281 0.8516792729224332 0.7422941534467782 0.80431651640469 0.8020048110726066 0.8018290904942185 0.8039785568689695 0.8491914906596049
2 0.7385248294845042 0.939680494271994 0.7355021642798647 0.852028612410276 0.7745178474732484 0.850683645710932 0.7775409632622541 0.9383350579559827
2 0.812484020940019 0.9819157961917833 0.7666733382842494 0.9803365641066007 0.7676825219380135 0.9510744782922851 0.8134928100286061 0.9526537035713405
2 0.777343301641281 0.6132809218543506 0.7773438251455218 0.7031250507566403 0.7304687530108822 0.7031249962937208 0.7304686514347623 0.6132812886639459
2 0.775390625 0.576171875 0.86328125 0.576171875 0.86328125 0.62109375 0.775390625 0.62109375
2 0.9082036485852996 0.703125 0.8613281077390411 0.703125 0.8613284253369784 0.61328125 0.9082031192464228 0.61328125
2 0.7265625 0.4140625 0.841796875 0.4140625 0.841796875 0.513671875 0.7265625 0.513671875
2 0.8359375 0.279296875 0.869140625 0.279296875 0.869140625 0.3671875 0.8359375 0.3671875
2 0.8964582222480431 0.3655976695097688 0.8749054165572261 0.3651750772158451 0.876896913148471 0.26361332929462394 0.8984495093789064 0.26403591953655786
2 0.9079967384523115 0.3477926032441587 0.9057525090746594 0.2961747557615063 0.9373673323788125 0.2948002720760515 0.939611638050792 0.34641803941608884
2 0.9397988061265323 0.3102444098137123 0.9728550201998587 0.31244808261971135 0.9698994080371222 0.3567823087737498 0.9368431944371878 0.3545786409438659
2 0.98046875 0.30859375 1 0.30859375 1 0.3515625 0.98046875 0.3515625
2 0.7929688332156957 0.3115234375 0.7460937171460955 0.3115234375 0.7460938136543973 0.265625 0.7929687400934426 0.265625
2 0.8028612271156135 0.16029511042641637 0.8010068157634578 0.201093338423862 0.7490898801803496 0.1987335050961332 0.7509443465587538 0.15793533506520238
2 0.7988281194830051 0.09765622620721891 0.7988281561073336 0.14062500011857385 0.751953124821739 0.14062499971391465 0.7519531245471853 0.09765626149583788
2 0.8376056361936435 0.1057917359380573 0.8692204241093577 0.10381582169229905 0.8716865272645009 0.14327349991982433 0.8400717395113588 0.14524941267301095
2 0.9096587565628624 0.10281544071307289 0.9430535089509249 0.10136350349399184 0.9456036242456776 0.16001622257761844 0.9122088719615249 0.16146815808307577
2 0.9140625 0.162109375 0.94140625 0.162109375 0.94140625 0.197265625 0.9140625 0.197265625
2 0.9501586453911841 0.09845616980904551 0.9795088507327137 0.10190911810727701 0.9732895161920396 0.15477348217187342 0.9439393114055292 0.1513205374316499
2 0.9765624884050794 0.12011718704741106 0.9765625045929482 0.08984374722916592 1.0000000048814854 0.08984376083952363 1 0.12011718938660207
2 0.978515625 0.123046875 1 0.123046875 1 0.154296875 0.978515625 0.154296875
2 1.000000042891088 0.21875 0.9765624968543989 0.21875 0.9765625358595571 0.158203125 0.9999999992969606 0.158203125
2 1 0.0009765503688310295 1.000000020609832 0.0380859214495832 0.7382812397921725 0.03808593037055482 0.73828125 0.0009765624999816324
4 0.0009765598663307173 0.005859374988398115 0.01266927067126744 0.005910884410800306 0.011692710802776674 0.2275905717179015 0 0.22753906250000022
4 0.1630859375 -4.199161906734369e-9 0.16308594564884515 0.05468750406795232 0.10546874711917553 0.05468749857591076 0.10546875216255103 1.4700423227226824e-9
4 0.27711589980719964 -0.0001617629338952142 0.27764693526853534 0.03435531295695071 0.20365602840774955 0.035493631256253634 0.203125 0.0009765625000246537
4 0.30345760683997014 0.10385262064842252 0.27270446125066883 0.1135641259806715 0.2516727088653852 0.04696354760895621 0.28242580822472974 0.03725205017305821
4 0.20226145241565519 0.03112538835272371 0.19493868413201199 0.05727814241320517 0.1624107455821786 0.048170322212246944 0.16973351710169027 0.02201757342787538
4 0.0009773556387244753 0.2342960959480977 0.03601166000339617 0.23464996848710915 0.0350343043473913 0.3314085585678527 0 0.3310546875000001
4 0.08397475437698176 0.24716696306169678 0.04181809693056948 0.2429513579095846 0.04930195828308115 0.168113811209261 0.09145841659858434 0.17232940632464486
4 0.04094049003356304 0.24474137384125763 0.11530956066906128 0.22986793725456522 0.13318813695741483 0.3192611512556134 0.058819084140850464 0.33413452939764066
4 0.1206410801888751 0.2302215032871423 0.152943121079943 0.23791232146310837 0.14535694353810413 0.26977426369203295 0.11305490605900559 0.26208345512153164
4 0.2421875 0.138671875 0.29296875 0.138671875 0.29296875 0.23828125 0.2421875 0.23828125
4 0.2109375 0.24609375 0.265625 0.24609375 0.265625 0.306640625 0.2109375 0.306640625
4 0.33694417628544215 0.25854864152003404 0.2895882847122948 0.2526292524705152 0.29487682371916435 0.21032155518421863 0.3422325722718824 0.2162409351700479
4 0.34852650921072836 0.2967879992306849 0.3055963567634308 0.3010809123358985 0.3018352093148451 0.26346874051847513 0.34476522354441386 0.25917583440016
4 0.34179686748325366 0.3027343487004187 0.34179688406970854 0.3134765523392283 0.31250000096861186 0.3134765691862399 0.31249999915655735 0.302734380301459
4 0.3119943393836593 0.33426555753241266 0.342297673064877 0.33350801100117233 0.34540423871146686 0.45777115729787793 0.31510090519839196 0.4585286981455787
4 0.3307927322010755 0.3812639973345582 0.32395673643361533 0.4427876846935962 0.23199300155977198 0.43256954639363154 0.23882930377590128 0.3710462120747816
4 0.3457030942051915 0.30078119958717875 0.3457031562558086 0.3339843712654509 0.30859375034697223 0.3339843780903572 0.3085937477446805 0.30078126589004234
4 0.20957588809358185 0.4485612844670533 0.24982433821367067 0.4150232996083896 0.2936101027185032 0.4675667708353847 0.2533617987742218 0.5011045955628266
4 0.3267548791096715 0.5225319632157968 0.3681469076833537 0.5421368237274151 0.3411831468525861 0.599060349630571 0.2997911839778453 0.57945559408585
4 0.2689410573374289 0.4881707280173847 0.2779704554516229 0.5197707593568272 0.21760793378268772 0.5370171294137843 0.20857871646865078 0.5054172525544012
4 0.23673992534099852 0.5699906115305197 0.21668070105079096 0.5731575575241703 0.2133392853946816 0.55199506518374 0.2333984375 0.5488281250000037
4 0.14788253027847986 0.4388439960273089 0.18200836816799892 0.4624679354271504 0.13939845910476834 0.5240154541973455 0.10527272866818294 0.5003916444242851
4 0.041074314926163424 0.4531028710045823 0.08842099914841128 0.474407286557759 0.05381251642188545 0.5513148830670022 0.0064659143379230954 0.5300106044651957
4 0.0009765562945176498 0.4082031249360305 0.016418697596577658 0.4083623116927367 0.01544214128512067 0.5030888732110811 0 0.5029296875000002
4 0.19319690774443643 0.37094119011212057 0.19452501235696218 0.41210315662577157 0.12013148728999568 0.41450309247885886 0.11880357107395412 0.3733413070779468
4 0.07226615047784435 0.8378906250000002 0.03710908928223944 0.8378906250000002 0.037109613746679315 0.70703125 0.07226559603714122 0.70703125
4 0.2636717812476945 0.7832029810394305 0.2636722704725116 0.8876954651420744 0.19726536393409333 0.8876950577191678 0.19726575522020084 0.7832034541810124
4 0.16898399753233662 0.8836989187883041 0.20130889563790788 0.9677210313406193 0.14123337555122362 0.9908262578755117 0.10890938931265737 0.9068049185107948
4 0.19557019808223686 1.0000468613648086 0.19493405291245836 0.9637704727195748 0.25361236642277163 0.9627416817097088 0.25424882418553807 0.999017752217522
4 0.3558348305044774 0.9499057641802345 0.33218038878192147 0.9763360801989206 0.3004939897480199 0.9479852022401264 0.32414831015557866 0.9215550486488182
4 0.4211113534585138 0.8353823963445229 0.3455280117868824 0.8384051611087188 0.34173803935448177 0.7436349097420614 0.41731965306610164 0.7406121796501053
4 0.5101673832782581 0.759026775509975 0.5071680089516803 0.8010142158147979 0.4565053560835395 0.797395502585077 0.4595049630768244 0.755408313965098
4 0.38184392063681116 0.8617018562300605 0.42088877660194157 0.8608713402869671 0.423828125 0.9990234375000004 0.3847832695830675 0.9998539372726016
4 0.40625023637812774 0.41992187499999994 0.35546862987177974 0.41992187499999994 0.3554689371751465 0.31250000000000006 0.4062499231063157 0.31250000000000006
4 0.5180497617539004 0.38651635452770783 0.47629295557044316 0.36981424389140344 0.5071389978060097 0.29269967980359757 0.5488954817082004 0.30940171758496327
4 0.3990874383563323 0.3420852190995793 0.3976505628766063 0.291791378809463 0.44816729322462834 0.29034819084704716 0.44960428744946057 0.3406419072979246
4 0.6215990995671064 0.22921850006502592 0.6179854855973872 0.28703717593442424 0.5607140277924145 0.28345771701959177 0.5643277622328924 0.22563917196705416
4 0.6171876318627483 0.28515625000000006 0.5644530509400738 0.28515625 0.5644532749254267 0.16406250000000006 0.6171874078770543 0.16406250000000006
4 0.6806640625 -1.8195424844977925e-9 0.6806640648550228 0.03417968752903702 0.6308593729991117 0.03417968545279261 0.6308593750691216 2.398221315602524e-10
4 0.524353451530601 0.04662580831448589 0.4965517215650834 0.044308997928242555 0.49976428068680434 0.005758351592426774 0.5275660018863846 0.008075161604412264
4 0.8222328275626296 0.10741053257386987 0.8226971656874866 0.06609284752217752 0.9514554145174543 0.06753979420263302 0.9509911485682778 0.10885740569043409
4 0.8965137998171713 0.153907024936042 0.9095324453369358 0.23982562352260858 0.7411094038620831 0.2653444805288324 0.728091272673737 0.1794263263155165
4 0.721039836456157 0.3804393798999291 0.6993205574433432 0.2757931359346008 0.792625644853274 0.2564284043454897 0.8143452782483109 0.3610741428586697
4 0.775390625 0.6171875 0.8671875 0.6171875 0.8671875 0.70703125 0.775390625 0.70703125
5 0.0068359375 5.46657835876542e-16 0.05388336671046545 -0.001018336454447078 0.05928238181707002 0.24841668258399507 0.012234952532026 0.24943501412693353
5 0.0546875 0.111328125 0.6796875 0.111328125 0.6796875 0.1689453125 0.0546875 0.1689453125
5 0.04395621437402042 0.47425455985877973 0.01314846378988932 0.4733210394823279 0.017569295486850933 0.32744412674329787 0.04837648699560759 0.3283776385377777
5 0.0018599187906147563 0.5356360232160436 0.04987678771226456 0.5346146051976317 0.059753192381549525 0.9988325959576305 0.0117363247384219 0.9998539591844992
5 0.3496089289780002 0.5781184380937049 0.34961065803759084 0.6269479693215033 0.052734491278783935 0.626953424124366 0.05273409217829794 0.5781252033541545
5 0.3850623572909626 1.001992304479675 0.3402416658548191 0.9983786414426464 0.3535700581921901 0.83312265599076 0.39838868984372766 0.836736235776313
5 0.6790293066318327 0.5741284349936636 0.6798144568996349 0.6289875287387995 0.39279135739695903 0.6330905828831498 0.3920076767641376 0.5782329454429509
5 0.39518331173121624 0.7529388188423853 0.3545779330346477 0.7540666091116734 0.34575144765778987 0.436277886845231 0.3863544860593038 0.4351501291292807
5 0.3579168280421072 0.15753425739992483 0.39757597012624046 0.1590030893282601 0.3908791677957879 0.33981697192577653 0.3512200261932321 0.3383481499219063
5 0.3906250494245569 0.11718750000000001 0.3437499530673449 0.11718749999999997 0.3437500029073135 -1.2424041724466862e-17 0.3906249995845883 1.2424041724466862e-17
5 0.7403944008071903 0.08456393031208129 0.7394302798536501 0.03988757012710187 0.9999596917097051 0.03426514113620584 1.000923914544046 0.07894136190393777
5 0.7300188833515904 1.0003042819300203 0.6661276532739748 0.999652416740698 0.6763394355341461 -0.0005622735833760644 0.7402208015106453 0.00008954082288205449
5 1.0000014643803752 0.7617187500000001 0.7304679661534692 0.7617187499999998 0.7304696499677448 0.7050781250000001 0.9999997310337676 0.7050781250000001
5 1.0006129721866728 0.37423998505961936 0.9987114938131754 0.4265505205710126 0.7312914264816754 0.41682742531468864 0.733193717711174 0.3645177029835067
5 0.5697341405805219 0.9941700371396902 0.471025316073451 1.0603933996648434 0.3498965469337918 0.8798886968110587 0.4486010399890574 0.8136673067184514
5 0.49608934772675184 0.9990238884740693 0.49609387706766483 0.830075830959784 0.6640625798453357 0.830079110759123 0.6640619460140442 0.9990234226159729
2 0.947265625 0.77734375 0.982421875 0.77734375 0.982421875 0.82421875 0.947265625 0.82421875
4 0.9956965911595717 0.8203977157044057 0.9434521373178768 0.8162189413350581 0.9480636645446339 0.7585800335341814 1.0003074003052461 0.762758779177024
4 0.9917835406354243 0.8681302129053029 0.9592015009058059 0.861272311533321 0.9706201656422309 0.8070350748832511 1.0032017573284975 0.8138929273630443
5 0.9662722626242157 0.9769972755964664 0.8128095926126662 0.9919659239872801 0.7906326397749126 0.7646130332888903 0.9440862384096818 0.7496448253578993