2 0.016335571301851814 0.048201150142430066 0.05707000760094161 0.05074704767762536 0.05330815281922696 0.11093673595668697 0.012573716742281249 0.1083908402876697
2 0.06438661060678896 0.08782094463691906 0.06522490244458368 0.0517757292246086 0.11370883247570873 0.052903299955747676 0.11287055979357774 0.08894849651618875
2 0.1220703125 0.08593750000000112 0.123031220609505 0.05038491366454621 0.16290916838590874 0.05146272285507671 0.1619482754905448 0.08701529481890939
2 0.20522167699539295 0.10222082090260233 0.16232153325438503 0.10393682401622624 0.1602249109545255 0.05152068949040506 0.203125 0.04980468750000213
2 0.22080057649372975 0.07821636176294779 0.21955806810535705 0.039697965269055537 0.2689018674369663 0.038106257446807096 0.27014439242088883 0.07662463592560237
2 0.2318404976522288 0.08347138939930233 0.26892707532022087 0.08115348676315538 0.2716971669601662 0.12547498392224407 0.2346105894861239 0.1277928849108398
2 0.1191406755119715 0.21191406250000003 0.08398431756768332 0.21191406250000003 0.08398438383574103 0.15332031249999997 0.119140625 0.15332031249999997
2 0.201171875 0.16015625 0.23046875 0.16015625 0.23046875 0.2255859375 0.201171875 0.2255859375
2 0.06286191043182043 0.21112093209785468 0.02982728610322738 0.213480522144312 0.026704304713007332 0.16975826880077904 0.059738845228480386 0.16739868176280842
2 0.0009765612787759892 0.17968749997160083 0.018318199999384888 0.18009078865239914 0.017341638700941076 0.22208297566022508 0 0.22167968750000017
2 0.076171875 0.130859375 0.09765625 0.130859375 0.09765625 0.1552734375 0.076171875 0.1552734375
2 0.3656830986909654 0.12652149797341744 0.36771448130150475 0.022930792801879367 0.538681170704649 0.026283396403224094 0.5366500057141366 0.12987384867529875
2 0.3668312923639405 0.1331504973683713 0.42606057788714224 0.1293292972797778 0.43250283349345864 0.2291845493768677 0.3732735486084948 0.23300573896715746
2 0.5818465637436248 0.2127587128970278 0.5283202994771727 0.22167965593748698 0.5190826270686557 0.16625309603105742 0.5726087148976831 0.15733216833666577
2 0.6132812921881623 0.197265625 0.5800780885814447 0.197265625 0.5800781446099563 0.13867187499999997 0.6132812461646608 0.13867187499999997
2 0.6168782149798062 0.1647127224322527 0.653992464160865 0.16285703115835506 0.6566420868581417 0.21584954852027388 0.6195278379134379 0.2177052369411512
2 0.603515625 0.099609375 0.630859375 0.099609375 0.630859375 0.1298828125 0.603515625 0.1298828125
2 0.61328125 0.0390625 0.66796875 0.0390625 0.66796875 0.0986328125 0.61328125 0.0986328125
2 0.6713340686509355 0.03964670530918657 0.7043381310294308 0.03837732086279939 0.7070269217005034 0.10828592673629184 0.6740228594252358 0.10955531018655586
2 0.6963906869010543 0.12713429708421986 0.6950341151163002 0.09864605656261954 0.7223159996119648 0.09734693554721484 0.7236725839936753 0.12583516266027142
2 0.7364077186748546 0.21577631662325128 0.7052930661162691 0.217072746964418 0.7030421097896351 0.16304869281586293 0.7341566651925859 0.16175226450427999
2 0.7360443697069741 0.1604657983403911 0.7636755639143757 0.15926445570451997 0.7661335500630457 0.21579821456841922 0.7385023559789943 0.21699955525819808
2 0.7279392936848126 0.03174628489037919 0.7892225973657787 0.026175085502636405 0.7961065566460093 0.10189870029894604 0.7348232537839294 0.10746989526883821
2 0.7693633065716767 0.15252413216839467 0.8004341674071611 0.15141447067234118 0.8026634632994956 0.21383485557722703 0.7715926025964563 0.21494451514837196
2 0.796875 0.033203125 0.822265625 0.033203125 0.822265625 0.087890625 0.796875 0.087890625
2 0.8275960651947116 0.17378510980669845 0.8282126247988799 0.15220673903357368 0.8656262827009868 0.15327574501798163 0.8650097437382556 0.17485409571364044
2 0.8728936300112764 0.16618689713963422 0.9004777676466347 0.16465446188231594 0.9027644231956629 0.2058143057883763 0.8751802857154871 0.20734673925694466
2 0.8633952704109333 0.06311964666800102 0.8384111267274648 0.06490422727588328 0.8359028045688319 0.02978763431506177 0.8608869358340598 0.028003054152737468
2 0.873046875 0.025390625 0.90625 0.025390625 0.90625 0.087890625 0.873046875 0.087890625
2 0.918010969499278 0.08209942376136546 0.9173327402991163 0.033941013251710755 0.995469719467792 0.032840573633020835 0.9961479809035154 0.08099895323764263
2 1.000055296724554 0.11357606546417545 0.9591170386764816 0.11535598436144308 0.9580151934004562 0.09001326559969805 0.998953418705014 0.08823334742440475
2 0.9502633662430071 0.160450111210234 0.94921875 0.12597656250001119 0.9935081033717097 0.1246345132948248 0.9945527518938206 0.15910802836180005
2 0.9630123032065967 0.21495606989679503 0.9612183286781146 0.17010591345107123 0.9949143800777165 0.168758119075131 0.9967083969693249 0.21360823065637694
2 0.0468926711853328 0.3587696264124958 0.044170674164888624 0.30160752837063914 0.07581394139810982 0.30010078648115046 0.07853602487864464 0.35726279253092674
2 0.08144354713988378 0.3030878693463496 0.11132371472990599 0.3016650538085769 0.11421362546980163 0.36235332979324475 0.08433345820503746 0.3637761409315137
2 0.125 0.298828125 0.16015625 0.298828125 0.16015625 0.3623046875 0.125 0.3623046875
2 0.02806602972998462 0.3173559951852709 0.029452068339537618 0.35477578332776694 0.0001953218962853498 0.3558593789857336 -0.001190658298355629 0.3184396478049676
2 0.00390625 0.4375 0.037109375 0.4375 0.037109375 0.48828125 0.00390625 0.48828125
2 0.08007810475874066 0.44140614576518467 0.08007824547405562 0.48828125155653757 0.04296876554076334 0.488281248893978 0.04296874799570105 0.44140626600986077
2 0.12765753382984713 0.4384124628582296 0.16252563988359725 0.4352428515684268 0.16792072624195953 0.4945890625930283 0.13305262205778945 0.4977586604665495
2 0.09090568626572804 0.43917586832923633 0.12373640175655964 0.439845837328186 0.12260616208880037 0.4952277644732219 0.08977544670074167 0.49455779811857187
2 0.166015625 0.439453125 0.19921875 0.439453125 0.19921875 0.49609375 0.166015625 0.49609375
2 0.23821760469536457 0.488214725803787 0.23923689520631797 0.44236041326472225 0.2899061420032467 0.44348665960008943 0.2888870202431235 0.48934080653138645
2 0.1727223562678546 0.32271332329107033 0.21088221205980062 0.32204387911397087 0.2120402614490331 0.38805291183079405 0.1738804057155221 0.38872235360357194
2 0.28906246438793914 0.29101517248336845 0.2890630362068123 0.3964843463466009 0.20898450099195998 0.3964843781968734 0.20898437080961685 0.291015642796781
2 0.3795888956062754 0.35358371595993643 0.3780283027472251 0.3020802195381892 0.4411213398615246 0.3001684956408246 0.44268208963001143 0.3516718301995121
2 0.37373981689847824 0.39468642742339055 0.37236731054895245 0.3576278738349743 0.4112317791184523 0.35618855611421135 0.41260436486868457 0.39324702612383156
2 0.43333268794606283 0.36750656074519966 0.4747157538849933 0.36336843755986714 0.4776937802271277 0.39314874410505923 0.43631071546087696 0.3972868601067059
2 0.41590642495100383 0.4279340426047988 0.4481205159156616 0.42664556209996013 0.45030763402053253 0.48132370712980294 0.41809354333997817 0.4826121827531865
2 0.45683661522411967 0.42208654689531433 0.49436912139253764 0.4205227914431418 0.4967301241177893 0.477187049695785 0.45919761834807105 0.47875079905161566
2 0.5274301705871949 0.48113245770045976 0.49647141152490804 0.4827617626567966 0.494048979357558 0.4367337814987632 0.5250075391655855 0.4351044817997074
2 0.40820320581053693 0.47753906250000006 0.3749999362161134 0.47753906250000006 0.37500003416982963 0.43554687500000006 0.4082031092867737 0.43554687500000006
2 0.5405746616196438 0.41705655594938973 0.5743295040940666 0.41552234001100274 0.5769531256290747 0.4732422131758866 0.5431982835664257 0.4747764230914361
2 0.53515625 0.29296875 0.568359375 0.29296875 0.568359375 0.3330078125 0.53515625 0.3330078125
2 0.45703125 0.30859375 0.490234375 0.30859375 0.490234375 0.3623046875 0.45703125 0.3623046875
2 0.5 0.30859375 0.529296875 0.30859375 0.529296875 0.3564453125 0.5 0.3564453125
2 0.576171875 0.30859375 0.609375 0.30859375 0.609375 0.3681640625 0.576171875 0.3681640625
2 0.61328125 0.306640625 0.646484375 0.306640625 0.646484375 0.365234375 0.61328125 0.365234375
2 0.6582032103356141 0.484375 0.6289062403570824 0.484375 0.6289063252148708 0.44140625 0.6582031187559778 0.44140625
2 0.6933593564773446 0.4296873887517351 0.6933595316578476 0.4931640652998871 0.6582031424544539 0.4931640382705982 0.6582031239883008 0.429687518210248
2 0.691406182830292 0.29687493908173157 0.6914062629826958 0.33984375174511183 0.656250000625505 0.3398437495323496 0.6562499937316488 0.29687501001389927
2 0.6744920258902312 0.3732812268308657 0.6784375374031697 0.3456640431661996 0.6978515853155614 0.34843751288256497 0.6939061068081855 0.37605466702479734
2 0.7363280153335836 0.3007811640541507 0.7363281538640649 0.36328126678683437 0.6972656255566108 0.36328124846085563 0.6972656105682518 0.3007812686629167
2 0.7382813098399765 0.392578125 0.7128905922971853 0.392578125 0.7128906328937319 0.357421875 0.7382812482903773 0.357421875
2 0.73828125 0.4296875 0.767578125 0.4296875 0.767578125 0.4794921875 0.73828125 0.4794921875
2 0.74609375 0.298828125 0.77734375 0.298828125 0.77734375 0.349609375 0.74609375 0.349609375
2 0.8129277803494688 0.35299499495031667 0.7802302817642612 0.3562005312019859 0.7749198683770828 0.3020336522862795 0.8076171875 0.2988281249999986
2 0.818359375 0.298828125 0.853515625 0.298828125 0.853515625 0.34375 0.818359375 0.34375
2 0.7892083240280954 0.47474194090475613 0.7872065598377276 0.4327055047552765 0.8147667750190521 0.43139318867379023 0.8167686151599582 0.47342954478675425
2 0.8593749240018269 0.4374999152407366 0.8593750682599648 0.4980468887560927 0.8203124781347242 0.4980468660433366 0.8203125031149057 0.4375000638451226
2 0.8805565830688238 0.4145547950572819 0.9179595265866283 0.41197544436164474 0.9234213250268795 0.4911717799271897 0.8860183830502137 0.4937511164710722
2 0.8945442105742814 0.36280517080105873 0.8604118087522465 0.36368033420929763 0.8583689906578229 0.28400514106460834 0.892501124612977 0.28312998109199183
2 0.677734375 0.388671875 0.697265625 0.388671875 0.697265625 0.423828125 0.677734375 0.423828125
2 0.7385597043122516 0.41893210163990424 0.7005134063280138 0.42074374057332214 0.6990906094559932 0.39086360543483056 0.7371367668862376 0.3890519698601248
2 1.000000171094939 0.38769531250000006 0.9511717940815743 0.38769531250000006 0.951171967156597 0.31249999999999994 0.9999999586062813 0.31249999999999994
2 0.9886271881885023 0.484455415940398 0.9494671355914761 0.4864132947613589 0.9470100391475853 0.437268535690008 0.986169822293391 0.43531066360756077
2 0.947736506528031 0.43751872830964433 0.9471184725772446 0.42083149438087164 0.9763752085359556 0.4197479774223679 0.9769932731428526 0.4364351795309704
2 0.01171875 0.5703125 0.041015625 0.5703125 0.041015625 0.626953125 0.01171875 0.626953125
2 0.017345492699860188 0.6936815255866168 0.04869503381655704 0.6925620824941636 0.05125895917137768 0.7643524094238263 0.019909418504880705 0.7654718435833118
2 0.0009765592036501403 0.6738281249001244 0.013985450120003406 0.6742222759158976 0.013008890855189748 0.706448837180612 0 0.7060546875000014
2 0.054687483980046636 0.6699218309295113 0.054687546012019084 0.696289063091384 0.035156256851678336 0.6962890614479169 0.0351562483753014 0.6699218828123623
2 0.056388191371070207 0.5686319742406478 0.08571680563761674 0.56750407638715 0.08811420513495705 0.6298367729997382 0.058785591240280155 0.6309646644298361
2 0.12331846823951764 0.6416596474459945 0.0917688820152307 0.6427474444663277 0.08935898867491687 0.5728547475082739 0.1209081667409464 0.5717669575347736
2 0.13054924059122186 0.5768973619764842 0.16182810528812297 0.5756944664467711 0.16412885536078647 0.6355143021202639 0.13284999104257622 0.6367171910094042
2 0.17666371085772425 0.6292564755894987 0.1735519758836972 0.576360442018421 0.20263330488694464 0.5746498816926617 0.20574517213412946 0.6275457739016411
2 0.216796875 0.583984375 0.287109375 0.583984375 0.287109375 0.6376953125 0.216796875 0.6376953125
2 0.21484373302803306 0.7128904230599215 0.21484397220262963 0.7539062284634076 0.17578130304843853 0.7539062686323832 0.17578124263695827 0.712890641477269
2 0.1175598080136524 0.758049909071723 0.11471623987426938 0.7040257616176833 0.17314818373131402 0.7009506928780096 0.17599208360070406 0.7549744872747645
2 0.08960060463562058 0.7551074260808198 0.05450008336663359 0.7537036275649023 0.05676231574432222 0.6971533221983289 0.09186239623045367 0.6985571118645454
2 0.2755351934308692 0.7591465012018825 0.2328550152974458 0.7618135719362604 0.229621595191702 0.7100747458827292 0.2723012804170821 0.7074076905774119
2 0.21381219338843493 0.7111912564179953 0.21237705817327424 0.6666935522628196 0.29369348765055747 0.664071149822633 0.2951289893230751 0.708568475147568
2 0.052734530792804435 0.8945312499999999 0.019531145957216722 0.8945312499999999 0.01953132907192412 0.8515624999999999 0.0527343349392595 0.8515624999999999
2 0.0009765547739561953 0.8808593748690843 0.016166844104759548 0.8811167713009569 0.015190289281576952 0.9387339568728023 0 0.9384765624999994
2 0.062234279247377344 0.8422554305230229 0.09148039236140448 0.841037127489447 0.0939987917012104 0.9014791006593669 0.06475267918551708 0.9026973939043654
2 0.08488305619619041 0.9394562401523638 0.08387203963468437 0.9141841667062194 0.11109407638332414 0.9130954125708425 0.11210518588450213 0.938367389110429
2 0.12494670520175077 0.9028648856313599 0.09784639604083623 0.9018972392115353 0.09993409598257585 0.8434477689800686 0.12703398367193586 0.8444154078650034
2 0.13816674818599495 0.83866496153195 0.15934135502345725 0.8369008191024379 0.16402207776843625 0.893069890409818 0.14284747259000596 0.8948340197328767
2 0.16015625 0.880859375 0.177734375 0.880859375 0.177734375 0.904296875 0.16015625 0.904296875
2 0.228515625 0.828125 0.27734375 0.828125 0.27734375 0.87890625 0.228515625 0.87890625
2 0.221059687422553 0.9275964149573064 0.21727453380981387 0.8910130889321891 0.2781127264612451 0.8847198744143776 0.28189815228222415 0.9213028900194625
2 0.2874225306612743 0.9893443778605364 0.248467646565814 0.9913940560794156 0.24571095418480127 0.9390102748919216 0.28466523689223777 0.9369606125681902
2 0.12695333654312435 0.9990234375 0.08789042930868618 0.9990234375 0.08789066528925105 0.9589843749999999 0.12695310829928985 0.9589843749999999
2 0.1861222061712624 1.000081178915855 0.18532648404493557 0.9770077943569621 0.21600105255072322 0.9759502283007438 0.21679687737366748 0.9990235063173333
2 0.1990721050801767 0.9681825729098994 0.18149184444803268 0.9525599349568721 0.2022885440187565 0.9291637881841034 0.2198687123967602 0.9447863552897783
2 0.24814768129681397 1.000057713516183 0.2479663848750988 0.991172355410319 0.2986467682054581 0.9901384642919534 0.2988281314583219 0.9990237539004736
2 0.417968514430072 0.8417967009606994 0.41796877933518317 0.9042969274412477 0.3847656146966756 0.9042968556853306 0.3847656259501946 0.8417969052792831
2 0.42024903119101964 0.8668156277079686 0.45926178357547087 0.8682085913234447 0.45694914726948355 0.9329629378482064 0.4179363955622648 0.9315699865962338
2 0.4598165445329414 0.9316459726384063 0.45883452703003513 0.905134192376507 0.4861408023431295 0.9041229927631733 0.4871229171520781 0.9306346719729547
2 0.4633222235378298 0.8482446635107965 0.4981763567267308 0.8500786620818982 0.49576463726134534 0.8959015803079742 0.46091050497796004 0.8940675929090767
2 0.5332033799007831 0.8984374999999999 0.4960935353714149 0.8984374999999999 0.49609381849802503 0.837890625 0.5332030700217274 0.837890625
2 0.37732910437944156 1.0000153972696368 0.37673754416459815 0.9769435221680826 0.4154239377566 0.975951840944056 0.4160156287055088 0.9990235819860583
2 0.42621970794027675 1.0000185539502553 0.425507499752257 0.9793667919773753 0.454904112991926 0.9783532787233387 0.4556164093615962 0.9990049493039997
2 0.503992278700025 1.0000812366525627 0.5033900739136925 0.9790045861478865 0.5406363910543632 0.977940660805151 0.5412387106694041 0.9990171928108127
2 0.5489974777607358 1.0000278318647808 0.5486030931704136 0.9885920328611707 0.5777305703238653 0.9875877922381695 0.5781250035588528 0.9990235406811733
2 0.5802634579306414 1.0000213812946284 0.5797516502290136 0.9810844684395221 0.6169393909725613 0.9800796517238174 0.6174513019465167 0.9990164582244124
2 0.6250000633319814 0.974609375 0.601562464443191 0.974609375 0.6015625671626594 0.94921875 0.624999991739287 0.94921875
2 0.54296875 0.83984375 0.580078125 0.83984375 0.580078125 0.908203125 0.54296875 0.908203125
2 0.623046875 0.83984375 0.658203125 0.83984375 0.658203125 0.9013671875 0.623046875 0.9013671875
2 0.662109375 0.83203125 0.701171875 0.83203125 0.701171875 0.8955078125 0.662109375 0.8955078125
2 0.703125 0.830078125 0.73828125 0.830078125 0.73828125 0.8876953125 0.703125 0.8876953125
2 0.74609375 0.83203125 0.78125 0.83203125 0.78125 0.904296875 0.74609375 0.904296875
2 0.787109375 0.83203125 0.818359375 0.83203125 0.818359375 0.90234375 0.787109375 0.90234375
2 0.8312978716530779 0.8349455207785752 0.8649798168891039 0.8328408756217855 0.8682438687977765 0.8850659704361493 0.834561924941795 0.8871706011780718
2 0.8691735058285985 0.9253768969676079 0.8716058124499568 0.9667092851006918 0.8277550574323413 0.9692887970614195 0.8253230268888956 0.927956670649341
2 0.826171875 0.900390625 0.84375 0.900390625 0.84375 0.927734375 0.826171875 0.927734375
2 0.7246092899434871 0.9287109360576211 0.724609396195433 0.9042967985611264 0.7480468782113121 0.9042968951722987 0.7480468517705958 0.9287109529909481
2 0.7421876555879408 0.9990234214094135 0.7074699109757603 1.00261385853136 0.7043749764529821 0.9726947388254904 0.7390924105194472 0.9691043178703062
2 0.7877708648709358 1.0000612962137732 0.7869810682144589 0.9708385253932651 0.8253819175438366 0.9698009354446385 0.8261718777271199 0.999023538380505
2 0.9121094750255452 1 0.8789062277585344 1 0.878906379 0.966796875 0.9121092960325541 0.966796875
2 0.6640625 0.9990234375000199 0.6640627463448254 0.9648435943112673 0.6953125867165681 0.9648438111272403 0.6953124999998863 0.9990234950616212
2 0.6306640588850314 0.9730467586570142 0.6589733357047862 0.9718162874661826 0.66015625 0.9990234374999994 0.6318469735177814 1.0002539036598197
2 0.37654659419081327 0.5783768448917654 0.4141288018213345 0.5765874189153889 0.41664752003441663 0.6294807459560186 0.37906531299620383 0.6312701632026154
2 0.3764040042741499 0.6923265016663486 0.41329811085483925 0.6908509788863283 0.41621530281076957 0.7637812242640549 0.37932119695597066 0.765256735090957
2 0.45117198189859664 0.7548828125 0.4179686022854412 0.7548828125 0.41796877721048986 0.7109375 0.45117183157265117 0.7109375
2 0.4140623277286295 0.6630859362379777 0.4140625213287876 0.6191406011984826 0.4472656626494427 0.61914076419539 0.4472656116848839 0.6630859566397876
2 0.45562600848529655 0.6660632503068787 0.4531009750439807 0.6433402785664769 0.48161194298052123 0.6401724684019088 0.4841370328905441 0.6628953753247117
2 0.49609375 0.6875 0.525390625 0.6875 0.525390625 0.74609375 0.49609375 0.74609375
2 0.49450756232306503 0.7274287446274469 0.4574819253247142 0.7291916084708335 0.454914823377635 0.6752772866787088 0.4919400310328683 0.6735144331213535
2 0.5273438125660732 0.625 0.4980468206611022 0.625 0.4980469241636456 0.5859375000000001 0.5273437037557187 0.5859375000000001
2 0.5537863537733756 0.640023630173665 0.5289957492223039 0.6234984463533838 0.5591943155619674 0.5782008239713698 0.5839847357354984 0.5947259235667535
2 0.5777276231069663 0.5821455175966084 0.610055237421534 0.5794518458113721 0.6137257585704674 0.6234981736039602 0.5813981455859221 0.6261918344716682
2 0.6254121381489313 0.662190581796948 0.6246731298286932 0.6392808831431414 0.6618068382316551 0.6380831681094092 0.6625459279362076 0.6609927826102419
2 0.6207318637800654 0.6013788771437028 0.6500188421779285 0.5992871964906039 0.6525916063609429 0.6353060094685676 0.6233046287319439 0.6373976830049907
2 0.6579180708082504 0.5666435895136611 0.6911493914144557 0.5655360041635387 0.6935598933872598 0.6378514872262601 0.6603285731582673 0.6389590652182757
2 0.7029793249998875 0.576333718323537 0.7342455279352862 0.5746883100622067 0.7366194829784263 0.6197936133059088 0.7053532805978193 0.6214390147968294
2 0.5390625 0.6875 0.576171875 0.6875 0.576171875 0.7470703125 0.5390625 0.7470703125
2 0.58203125 0.708984375 0.61328125 0.708984375 0.61328125 0.7470703125 0.58203125 0.7470703125
2 0.5797380461964394 0.6858338699066354 0.6117961454981469 0.6845517501623504 0.6142952573977709 0.7470299211004019 0.5822371586052668 0.7483120320800815
2 0.6256043383725682 0.6843420238630409 0.66213515883112 0.6859300683089905 0.6595150436555741 0.7461930712751205 0.6229842239127947 0.7446050372669529
2 0.6894532801098876 0.7490234374999999 0.6621091980094889 0.7490234374999999 0.6621093908026978 0.689453125 0.6894531169771199 0.689453125
2 0.703125 0.693359375 0.73828125 0.693359375 0.73828125 0.75 0.703125 0.75
2 0.7734373781161139 0.6933592809760754 0.7734375402729938 0.749023478248064 0.7421874744208026 0.7490234185337784 0.7421875032721346 0.6933594121683504
2 0.8144631045420283 0.7512693044450649 0.7835076637355769 0.7523009927396711 0.7813726398238714 0.6882444998444388 0.8123276486235227 0.6872128187256432
2 0.7857996861763468 0.6586280940772359 0.7836281103155898 0.6868565846179123 0.7385222925059907 0.6833869704018399 0.7406939876940442 0.6551586102911591
2 0.7494441101373468 0.5671423481408552 0.7798407595970502 0.5654538282306741 0.7827854588302898 0.6184586105792569 0.7523888100275826 0.6201471223939408
2 0.783203125 0.56640625 0.818359375 0.56640625 0.818359375 0.6240234375 0.783203125 0.6240234375
2 0.8619487268250623 0.6279999184859382 0.8274019322765298 0.6298179737156482 0.8240840158542824 0.5667730897360977 0.8586304133074236 0.5649550449929791
2 0.9021612116724782 0.6053846306560063 0.9032436083977018 0.5653482273516832 0.9480797925338038 0.5665602527094988 0.9469975602437444 0.6065964957798871
2 0.87109375 0.59375 0.90234375 0.59375 0.90234375 0.65625 0.87109375 0.65625
2 0.9039746574508172 0.6234186159948428 0.9336780452528046 0.6212972125303043 0.9362309657504966 0.6570382142765289 0.906527578746136 0.6591596103358542
2 0.826171875 0.671875 0.86328125 0.671875 0.86328125 0.7470703125 0.826171875 0.7470703125
2 0.90625 0.69921875 0.947265625 0.69921875 0.947265625 0.7490234375 0.90625 0.7490234375
2 0.876953125 0.685546875 0.908203125 0.685546875 0.908203125 0.74609375 0.876953125 0.74609375
2 0.9453123507329337 0.649414062015731 0.9453125123027348 0.6113281138008673 0.9902343745224016 0.6113282874510876 0.9902343773195526 0.6494140713942709
2 0.9919051257697902 0.6924319898929383 0.9426306131076672 0.6889128630347304 0.945605114840987 0.6472727292414491 0.9948792110343447 0.6507918412112104
2 0.9999996920872718 0.7031246667229115 1.0000000318279945 0.745117166496794 0.9472656424272827 0.7451173059025282 0.9472655470799509 0.7031250500464673
4 0.16139204160606369 0.10349820072204188 0.1633538863694639 0.13292476920358506 0.02283254789745115 0.14229294766139514 0.02087078525664765 0.11286645687042977
4 0 0.12109375 0.046875 0.12109375 0.046875 0.19140625 0 0.19140625
4 0.0615706410050052 0.2495891870304528 0.01615027462503349 0.25337415803095203 0.012412469454829989 0.2085196427957695 0.05783269392065904 0.20473467773822795
4 0.1204819669421795 0.178733749654364 0.16656660071066653 0.1816139985169038 0.16230316880114515 0.24982897739015655 0.11621853558142448 0.24694873497926234
4 0.16833642622509615 0.1698184793234336 0.1248735967385528 0.17316175110508833 0.12127759746715583 0.12641313333192877 0.1647403356889754 0.12306986506758796
4 0 0.35546875 0.04296875 0.35546875 0.04296875 0.4443359375 0 0.4443359375
4 0.13435246980702686 0.42821714597875904 0.08388304988352502 0.44946644393408325 0.05222872358638142 0.37428718410218137 0.10269769950264163 0.3530379926186617
4 0.1901128834545034 0.3994668337341754 0.19626297183287988 0.43636505279131405 0.16078982122292018 0.44227720377369883 0.15463982848825708 0.4053790695520196
4 0.20473452652561264 0.42197986886031486 0.23762161868648946 0.39849047445202707 0.26348733988197637 0.4347026938511561 0.23060030518547592 0.4581920200766059
4 0.23235647980948215 0.43619046431614356 0.23121432919037943 0.3962117619271838 0.2900390625 0.39453124999999845 0.29118135731971506 0.4345098037796563
4 0.16683929352234372 0.3164904896208597 0.1659033064444202 0.2930904255393392 0.19499737577405085 0.2919267080662644 0.19593339302150525 0.3153267407588967
4 0.21161882465673898 0.631131196962145 0.21077054949057583 0.7025286610076527 0.0006182025401813007 0.7000294626015057 0.0014679818937111122 0.6286335428272432
4 0.14890769029443618 0.8043348654734856 0.13273389703397243 0.7827737648616564 0.159764344877658 0.7625010332678592 0.17593810346090777 0.7840620470655378
4 0.05571012595282809 0.7957453619343713 0.05913002733734629 0.7604158403833873 0.1270420700742534 0.7669884188048669 0.1236224795503631 0.8023176527807125
4 0.17825438570037022 0.8782014542862698 0.2243713110965473 0.8813811097594348 0.21963300293066368 0.9500870798100477 0.17351608049705192 0.9469074548835399
4 0.17578125 0.796875 0.22265625 0.796875 0.22265625 0.8759765625 0.17578125 0.8759765625
4 0.2860946845910348 0.8665926738384304 0.2991571272565352 0.8891495748825284 0.2728279608943467 0.9043927460871884 0.2597656249997726 0.8818359374999545
4 0.28467742572161114 0.8996965764241598 0.3076591237295361 0.9209703052078084 0.28054078846412267 0.9502581052823589 0.25755920611140937 0.9289844960605208
4 -0.0020457503024999824 0.855686918376521 0.0006321376317828253 0.8208866332364838 0.08442102336312018 0.8273325788273617 0.08174353576600879 0.8621324889928388
4 0.0624997292251237 0.8945310071100174 0.06250005995445918 0.9433593777676037 0.015625001126863935 0.9433593735281626 0.015624990663127392 0.8945313228103104
4 0.38160558489448704 0.8415777869708035 0.41545927956724427 0.7916147428322344 0.4667631314786149 0.8263698492727052 0.43290988336536884 0.8763324962566581
4 0.46078717101988786 0.9314148856441189 0.46255555571769946 0.9685333160382479 0.4124453165944715 0.970919654818421 0.41067721357103437 0.9338014937423397
4 0.5040635206953539 0.9766186515072863 0.4631315239989817 0.9617381629457293 0.49044784346619963 0.8866203067227887 0.5313790001343932 0.9015006272979124
4 0.5478473164274646 0.9023394054657258 0.5927756315222723 0.8574229864877064 0.6806667160799407 0.945315206379154 0.635739183506189 0.9902308412569963
4 0.6062063680956271 0.9858997233662586 0.5569241115639443 0.9952207955985097 0.5467909103938382 0.9416580413511457 0.5960723971699053 0.9323370439879177
4 0.5475238421810218 0.8302674659691341 0.5693236640929626 0.7970014928262321 0.6162098757731655 0.8277206165965616 0.5944103208213392 0.8609863540505582
4 0.5742189250506726 0.8007812500000001 0.5371092744392172 0.8007812500000001 0.537109542600092 0.7460937499999999 0.5742187164798906 0.7460937499999999
4 0.8261725457332432 0.9814453125 0.744140149281975 0.9814453125 0.744140830421884 0.9199218750000001 0.8261717632120735 0.9199218750000001
4 0.8656209836980224 0.9663051600217339 0.8682666491581585 0.8896180241980122 0.9132022365919283 0.891167953432239 0.9105570739357063 0.9678546039096403
4 0.5873449117034397 0.5366238949222268 0.5912657799365206 0.6032595420639942 0.4720774228136406 0.610270823519237 0.46815728398917145 0.543635859625014
4 0.4948768879135059 0.6756345756208373 0.4922812263000651 0.6107378909996418 0.6094370224346903 0.6060524413062961 0.6120333996906311 0.6709483698734846
4 0.44921847562136463 0.5566400261535107 0.4492189028029543 0.6005859296522262 0.3671876024816356 0.6005862508204735 0.36718749241094883 0.5566406632824632
4 0.6949516789663903 0.6617163081585266 0.6974369349298968 0.6038859601367167 0.8770437930089656 0.6116026429075777 0.8745595870497027 0.6694319776661921
4 0.8969354512979635 0.5969806259384961 0.8578724704466367 0.6047924774944294 0.8437499764480663 0.5341790800467137 0.8828124871645286 0.5263672768896752
4 1.0063399409125395 0.55428704525703 0.99987192046774 0.6254322449459231 0.9461608751389576 0.6205494557584589 0.9526292038393649 0.5494046008840073
4 0.3587427683404485 0.45292166229025976 0.3916185544583186 0.44786420438952074 0.4001196882389877 0.5031217406798363 0.3672439069403026 0.5081791779720696
4 0.424276088495958 0.49577488171412437 0.4015576625261019 0.5041442388896855 0.3916204962754364 0.4771718555692824 0.41433883478725875 0.468802516160051
4 0.6026557196939848 0.36655773836225886 0.5920740096895543 0.42369850058879693 0.4884934170473798 0.40451708868931285 0.4990753975163216 0.3473766701921258
4 0.6181637252938117 0.3613288143826442 0.6861328872276999 0.38398402970452733 0.6578127700847745 0.4689443928255966 0.5898436663269422 0.4462893046293033
4 0.5687273505392341 0.5001847912222365 0.5674704950437217 0.45619152469874874 0.6169835767236691 0.45477707738507905 0.6182405862283531 0.49877018399889284
4 0.7502903292506744 0.3523278811849804 0.7734111390784619 0.3484745768086656 0.779824749985778 0.3869563245319332 0.7567039422793869 0.3908096204273273
4 0.7924435038048614 0.4387292433759504 0.7894515677874097 0.3399795725111829 0.9576797150550647 0.33488265518236904 0.9606726040127569 0.4336313061093646
4 0.9420434322095161 0.35417006961251135 0.8996653843001923 0.3638011437492907 0.8837891227605041 0.29394516141856597 0.9261668818498947 0.28431412142805684
4 1.0109335498381142 0.2801810342387574 0.997301945438835 0.31925773974874055 0.930041404501253 0.29579488580059055 0.9436730674560749 0.25671830331598317
4 0.576171906257855 0.1728515714307757 0.5297390369800041 0.159585119488227 0.5423791306541261 0.11534499123295892 0.5888119094988724 0.12861142926257677
4 0.9570312448869345 0.08593744713677043 0.9570313835674824 0.15527343049835174 0.7910155693944034 0.1552734210052442 0.7910156418271299 0.08593765674627372
4 0.9333748460599054 0.21804463468578622 0.904533196517491 0.21701458590324327 0.9068608323809713 0.1518424109621261 0.9357023752398845 0.1528724578279898
4 0.8350862776412669 0.17290479181228222 0.8637031515202125 0.19815466338233592 0.8362871955598621 0.22922604862651472 0.8076703517509713 0.2039762090247361
4 0.6947259381532831 -0.000015600633836017726 0.6956307411468288 0.022604458208477386 0.6701246753725627 0.02362470034515537 0.6692198734998556 0.0010046425888405259
4 0.9233897754663758 -0.00009456613213961177 0.9242399623847177 0.039864076770408506 0.8736893707423405 0.04093961794410032 0.8728391901532859 0.000980981349506033
4 1.0000250872999459 0.036960650776746276 0.9886127432755529 0.03730647935272872 0.9876110961025688 0.0042520785335472796 0.9990234375 0.00390625000000007
4 0.958984375 0.12207031250004283 0.9721455250449935 0.09903846931022 1.0131611106494347 0.12247601766616593 0.9999999838553322 0.14550784075292517
4 0.93359375 0.154296875 0.962890625 0.154296875 0.962890625 0.2265625 0.93359375 0.2265625
5 0.30064183041452 0.24347347370318423 0.3010579428218989 0.28918360264227394 0.0003899644157172588 0.29191901925208297 -0.000025582678176760965 0.24620951267012037
5 0.9999487131811975 0.22699237490916332 1.0006183907438526 0.28513230316992305 0.35403854643629984 0.2925712280308719 0.3533703760784874 0.2344328652201467
5 0.3653125193549158 0.5608202775607634 0.36494192996531183 0.49932420111345377 0.9999903730763435 0.4954859573204806 1.000364088945048 0.5569786539755541
5 0.29645350532337034 0.5062678375465706 0.29726764938425276 0.5601807108932197 0.00007680678834276478 0.5646648040761056 -0.000736007710429476 0.51075329633197
5 0.2021484375 0.775390625 0.30078125 0.775390625 0.30078125 0.8271484375 0.2021484375 0.8271484375
5 0.2028573718324651 0.7731761356201106 0.20399486187648108 0.8282446176737106 0.00010942131825686374 0.832452206151779 -0.0010266691631386493 0.7773851050836588
5 0.3681243804398946 0.7777646448084673 0.4204523236408022 0.7740276681552416 0.4237190831393036 0.819762560668089 0.3713911422163392 0.8234995164993129
5 0.4500062024626459 0.8486910807656661 0.4516777715734861 0.7701854768150093 0.5555201149297773 0.7723960070332857 0.5538495722187236 0.8509006011090136
5 0.9997714819081693 0.7632004442142873 1.0014846631113414 0.8472639994013595 0.5734470184722795 0.8559716866291178 0.5717383505170801 0.7719125335038745
5 0.8730468717997155 0.0009765497294481657 0.8730468769631443 0.025390622438179775 0.6953124956970669 0.025390622515630238 0.6953125 0.0009765624999910343
5 0.6718749491122935 0.0009765473416286399 0.6718750426572342 0.05078113356713669 -5.171477823751047e-8 0.05078122743989898 0 0.0009765624999782469
5 0.3681439866131768 0.9991946970541112 0.2986208774168517 1.0000636170411141 0.2863758563310057 0.02008970014346093 0.3558893742304008 0.019220836000544007
5 0.9097343995850906 0.8224771381070545 0.9983580525754405 0.8210480892135853 1.0012257175130799 0.9988462073516128 0.9126020655869524 1.00027522114774
5 0.0006815805688802357 1.000004038841388 -0.000034048778502437926 0.9477070933078354 0.09166534675534876 0.9464522452641358 0.09238167679779963 0.9987484848949056
5 0.1171875 0.9990234374999981 0.11718815440963226 0.9472651408576234 0.17187509393977507 0.9472657440185591 0.17187485861541063 0.999023624306209
5 0.6032836781479318 0.023366585495672564 0.6059380444472708 0.12475763104743733 0.41671662997680414 0.12971106409922264 0.4140625 0.02832031249996471