2 0.12890625 0.0009765618438112188 0.128906250302407 0.010742187269006014 0.07812499984504484 0.01074218743836156 0.078125 0.0009765624999916151
2 0.0824333591690447 0.0550321693400801 0.07959558899722197 0.01814108316243641 0.11559053311111711 0.015372249039242699 0.1184283099954655 0.05226332723982394
2 0.15135639434163295 0.017373098750705755 0.1524030992519556 0.0372604452298739 0.1272876381937067 0.03858231182716692 0.12624093556337357 0.018694967508681416
2 0.12589179790154503 0.08203493540464359 0.1248783911433975 0.05872641396258403 0.1493735263615008 0.05766141714568667 0.1503869388690191 0.08096993250913356
2 0.078125 0.09765625 0.1171875 0.09765625 0.1171875 0.130859375 0.078125 0.130859375
2 0.078125 0.056640625 0.111328125 0.056640625 0.111328125 0.091796875 0.078125 0.091796875
2 0.1596476793289412 0.0937312673802298 0.16047449643212985 0.1144013288609734 0.13504642788541332 0.11541845616026382 0.13421961949291017 0.09474840301195449
2 0.16621095639675332 0.1546875127547563 0.13968749648051926 0.15847655528425506 0.13593750707832442 0.13222655382956175 0.16246093636402748 0.128437513540702
2 0.12150033180989794 0.1350961778198299 0.11981321456096339 0.16209036487966222 0.07859237692889565 0.15951407791118707 0.08027951744065831 0.13251991575313582
2 0.15820312361734068 0.18847651134304172 0.15882474694308257 0.21147495320268472 0.12121493305346576 0.2124914606218364 0.1205933368892147 0.18949304538679806
2 0.14318350079179254 0.1718926754377538 0.14244556088851823 0.15639581943376019 0.16499487462658635 0.15532205797485993 0.16573282278534407 0.17081890523185433
2 0.208984375 0.01171875 0.263671875 0.01171875 0.263671875 0.0556640625 0.208984375 0.0556640625
2 0.2357827121838909 0.09194796596270101 0.2340912462976803 0.053043923504148265 0.263417601227502 0.051768878724943235 0.2651090789531736 0.09067290871538852
2 0.2637184863646098 0.13142022734515785 0.23291104567374532 0.1323537826566986 0.2318664067173586 0.09788023128711794 0.26267380980243615 0.09694667655124783
2 0.23064271751502474 0.1681311220384037 0.22952700430414552 0.13577462888732822 0.2650450949149672 0.13454990691769822 0.2661608337899679 0.1669063731351537
2 0.22208130020032968 0.2050383413047064 0.22273325218202444 0.1796143497484828 0.2681260937715706 0.18077834116666974 0.26747417654644323 0.206202298754261
2 0.1835456642729696 0.2851267584006718 0.1842857118831489 0.2104316239421305 0.2915227032350458 0.21149396009183652 0.29078295857402736 0.2861888017229418
2 0.076171875 0.423828125 0.1171875 0.423828125 0.1171875 0.46875 0.076171875 0.46875
2 0.12499999054659838 0.47265616463401805 0.125000082558131 0.500976549348471 0.08984376505520686 0.5009765751252789 0.08984374673809725 0.4726562638697097
2 0.12096418633962003 0.5615147135735802 0.09464874037814752 0.5597605069005264 0.09703405168181689 0.5239820789989199 0.12334934208547566 0.5257362804684711
2 0.11914071174612673 0.6005859407124883 0.08749997019003786 0.599414182918304 0.08847659470006874 0.5730469949588242 0.1201171875 0.5742187499999986
2 0.119140709831413 0.6435546875 0.07617182489525476 0.6435546875 0.07617198773539258 0.60546875 0.1191405594487378 0.60546875
2 0.16113281249965894 0.6074217921366445 0.1611329029188937 0.6308593478754968 0.1328125243659315 0.6308593780721651 0.13281249647627646 0.6074218846023716
2 0.11870511352685753 0.6431098315503831 0.12254433810721821 0.6814955722605405 0.08309522154854676 0.6854404603100531 0.07925616405941582 0.6470548736202826
2 0.13881770581531327 0.6681013122094819 0.13765547622506347 0.6436960189790112 0.16391666212246037 0.6424455695864655 0.1650789524933316 0.6668507987263551
2 0.1679688375996875 0.740234375 0.14062493910319063 0.740234375 0.1406250260985189 0.7109375 0.16796874697934072 0.7109375
2 0.091796875 0.794921875 0.125 0.794921875 0.125 0.833984375 0.091796875 0.833984375
2 0.13267090863621434 0.8592778150689712 0.1332112074981069 0.8857338337723271 0.07826734678064895 0.8868553837192383 0.07772724515552909 0.8603995587355852
2 0.162260562186475 0.8872642465617429 0.1370872314822691 0.8883584857432222 0.13595965620345396 0.8624223603784912 0.1611328125 0.8613281250000012
2 0.11718762316331777 0.9169921875 0.0742186551846089 0.9169921875 0.07421882703010851 0.888671875 0.11718746081180598 0.888671875
2 0.12499761307958579 0.9130835505744973 0.1523449196645288 0.8857432460901299 0.1689461468384934 0.9023446467953641 0.14159892893849246 0.9296848625914474
2 0.0765382882209451 0.9708321539482371 0.07547887712735246 0.9337530164267369 0.11818934843824991 0.932533043719536 0.11924898240135917 0.969611951054317
2 0.1425780465040134 0.9863280224884997 0.142578125 0.9990234375000259 0.08984374999977263 0.9990235414233496 0.0898437727352075 0.9863282279597418
2 0.1677287294105554 0.9977582309320194 0.14413098811769487 0.9956136113513457 0.1465644592785793 0.9688465963847187 0.17016201183128032 0.9709912073378508
2 0.2366189525791924 1.0000185305546268 0.2361499205275095 0.982664174081443 0.2732321730164813 0.9816621973538645 0.27370129948906197 0.9990164567724729
2 0.2353515625 0.9570312500000429 0.23606336862667376 0.9307094572999496 0.2735145123656366 0.9317219078733912 0.2728028516040695 0.9580435592274599
2 0.19349206054198476 0.9493403532736548 0.1926775149892137 0.9306086942348969 0.2185288401226444 0.9294848405725452 0.21934345183478854 0.9482164302134815
2 0.2286605924422247 0.9240192763221362 0.2278353884473745 0.8951364804110866 0.27495084872555253 0.8937906418992876 0.2757762356192188 0.922673249095729
2 0.24844906466216798 0.8851102906432446 0.24608189648847656 0.8543428196975017 0.27341407127289585 0.8522404444745523 0.27578134156931355 0.8830078036629035
2 0.22809337415662867 0.8882758424992718 0.21099016840992135 0.885425977557496 0.2140782689890557 0.8668976806333852 0.23118139058476572 0.869747538415661
2 0.28124967174073845 0.8085933262851122 0.2812500746163096 0.8457030094797768 0.20703129532626008 0.8457032724165002 0.20703123930468337 0.8085939353548367
2 0.20707305605242254 0.8066812810219367 0.20658260262121075 0.77183429589177 0.28119887860100334 0.7707841401253138 0.2816896398347808 0.8056308126396264
2 0.19921875 0.708984375 0.234375 0.708984375 0.234375 0.75390625 0.19921875 0.75390625
2 0.23632806075181634 0.6826171841700073 0.23632825796335055 0.6464842347620885 0.2734375417736601 0.6464844325100331 0.27343748032035364 0.6826172462737711
2 0.28125013057524484 0.6435546875 0.21484359708938428 0.6435546875 0.2148438264549668 0.6113281249999999 0.2812499510342832 0.6113281249999999
2 0.2331113942545926 0.6080583535437749 0.23138291699422098 0.5648462082905386 0.2778708980671354 0.5629868681129976 0.2795995469556374 0.6061988348939457
2 0.2176408003499546 0.567504338973319 0.2164688880649237 0.5944575295620322 0.187142508232796 0.5931825002718509 0.18831448726177769 0.5662293799623691
2 0.23055000458407449 0.5586707289830736 0.2297132229343788 0.5277072263176261 0.272756015863024 0.5265441003206944 0.27359290475340003 0.557507492100419
2 0.27539079873679384 0.521484375 0.23632797548259532 0.521484375 0.23632813315555268 0.4648437499999999 0.2753906219519422 0.4648437499999999
2 0.201171875 0.41015625 0.275390625 0.41015625 0.275390625 0.4599609375 0.201171875 0.4599609375
2 0.2197804905185876 0.5081424452365748 0.21839976989065235 0.5247103926463196 0.18461738497387614 0.5218952389332056 0.18599814552919725 0.5053273356147667
2 0.23828125 0.689453125 0.2734375 0.689453125 0.2734375 0.767578125 0.23828125 0.767578125
2 0.4086291190665179 0.0009843045453696783 0.4080449912006543 0.03311147282797656 0.35348206151456907 0.032119417775039474 0.3540661939379106 -0.000007745289442892834
2 0.43557228274391946 0.03502555391621359 0.43787029588770565 0.05264361585784703 0.41123446309541123 0.05611785606982262 0.4089364535958566 0.03849979742961831
2 0.40883181957372017 0.0558393945614316 0.4080163704974211 0.0860116260638747 0.3650262321887112 0.08484973834815816 0.3658416949523371 0.05467752066923375
2 0.3564661612272175 0.16076167066795138 0.3547195303851822 0.11010797854559204 0.4034223773501253 0.10842862324278053 0.4051690566693651 0.1590822656428298
2 0.3984374735310894 0.167968707174736 0.3984375194200993 0.20312499135317352 0.35742187680409643 0.20312500204314812 0.35742187169239514 0.167968758820447
2 0.4255008724258005 0.22643678098371742 0.40094174281352934 0.22398090158028286 0.4032816424471548 0.20058207807453918 0.42784073469249506 0.2030379555935531
2 0.5047142649663101 0.17130493187782303 0.5499633173269558 0.1745369688153665 0.5469097031838146 0.21728760300229435 0.5016606512101589 0.21405557016255686
2 0.499827684617685 0.20634189955056845 0.4786190114547253 0.20471048080668544 0.48087086641442056 0.17543658449580998 0.5020795034756702 0.1770680018440904
2 0.548934168978235 0.16416412917787332 0.548361529859335 0.1372480900128317 0.6012797006951587 0.13612224843509646 0.6018523717299331 0.16303825477547204
2 0.51171875 0.111328125 0.53515625 0.111328125 0.53515625 0.1455078125 0.51171875 0.1455078125
2 0.5688324177679078 0.1269693673583643 0.5682335002217087 0.10840247605120641 0.6014650474651262 0.10733051466507328 0.6020639756478658 0.12589739515726991
2 0.5831653832162829 0.23228704393308094 0.5850701919268886 0.2621273256965673 0.5303562416587511 0.26561975941243954 0.5284514986932436 0.2357795403672331
2 0.45703125 0.2734375 0.494140625 0.2734375 0.494140625 0.3056640625 0.45703125 0.3056640625
2 0.5013104347908666 0.34773225480406156 0.4999390286639027 0.283266744837941 0.563490713150486 0.2819148254330685 0.5648623112658697 0.34638013823575714
2 0.337890625 0.298828125 0.3935546875 0.298828125 0.3935546875 0.349609375 0.337890625 0.349609375
2 0.4494289009314798 0.34565155977650003 0.406371602515037 0.34752355968065834 0.4040758782658713 0.2947191389767591 0.4471329544630862 0.29284714391755684
2 0.39453125518525667 0.23730463046179898 0.3916976354877306 0.2684746203573356 0.35101817911049693 0.2647765169015006 0.35385184254005253 0.23360657479624247
2 0.533028505838729 0.25917503310492135 0.5302711372047497 0.285829481434976 0.4976194769066069 0.28245175150708757 0.5003768773922275 0.25579733974336827
2 0.6920056568794735 0.015268049674118187 0.727081088089335 0.018191001081739756 0.7240638470249223 0.054397897692860124 0.6889884158717905 0.051474946858092376
2 0.7619162913897526 0.0313280609251903 0.761027354568796 0.0002150653203755687 0.7979391857179507 -0.0008395510180042854 0.7988281251116405 0.030273441408238004
2 0.7546480647331464 0.08600379854266291 0.7537629039724152 0.056792930114846 0.7941495888142072 0.05556911410462055 0.7950347619166678 0.08477996976647473
2 0.748046875 0.111328125 0.78515625 0.111328125 0.78515625 0.16015625 0.748046875 0.16015625
2 0.7832031599771199 0.20410156379543287 0.7452776987350944 0.202696932047399 0.7462542839322168 0.1763297443176167 0.7841796875 0.17773437499999847
2 0.7008961386807186 0.19465761214978033 0.7219554236969543 0.19303768785310543 0.7233800553110541 0.21155790913980896 0.7023207703997514 0.2131778325054033
2 0.7460937412236035 0.2695311865904369 0.7460938382757831 0.3222656284436032 0.7109375097717248 0.3222656238516215 0.710937496308361 0.2695312656320262
2 0.7190425146410462 0.21073605983180443 0.7211743277786127 0.24484359535203362 0.6809262791698529 0.24735910924095775 0.6787945166100826 0.21325162120350763
2 0.7568359357130703 0.22656249968465506 0.7696492305400398 0.22882363044096116 0.7667195444729487 0.24542519188620307 0.75390625 0.2431640625000061
2 0.8750000555168072 0.33886719027575535 0.8438278705345965 0.3373086272403489 0.8460026761307518 0.29381383621067975 0.8771747327990624 0.29537239606990806
2 0.8698829882837344 0.2724962596540622 0.868946196843126 0.2921689389267328 0.8476032226287771 0.2911526180806333 0.8485400312052889 0.2714799569682895
2 0.8886719025258571 0.23730468961734424 0.8558133929163887 0.23477714914423262 0.8579733506785487 0.20669810171516775 0.8908317986181373 0.20922563982220188
2 0.9352420694121975 0.3339938207848568 0.8982086670700937 0.3169019726893874 0.9163013443668433 0.27770136964102654 0.9533346186588005 0.29479318317330716
2 0.9667968969384901 0.29199218749999994 0.9316406135186526 0.29199218749999994 0.9316406613573918 0.267578125 0.9667968720083309 0.267578125
2 0.8886718946647534 0.1875 0.8535156156543735 0.1875 0.8535156462399982 0.15234375 0.8886718609536501 0.15234375
2 0.8898472056580431 0.16303409408210748 0.9111068858513818 0.16445139293584407 0.9098624173547023 0.18311842707839615 0.8886027372375338 0.18170112892398427
2 0.8515625 0.091796875 0.931640625 0.091796875 0.931640625 0.130859375 0.8515625 0.130859375
2 0.8828124913040938 0.07324218688980004 0.8828125155403086 0.03320311633894828 0.925781259070277 0.033203143263195 0.9257812491783852 0.07324219892949156
2 0.8632812482843519 0.031249995226768527 0.8632812531124046 0.05468749953661571 0.8320312499708962 0.05468750048059917 0.8320312499103011 0.0312500009692953
2 0.9059966213295638 -0.00015308462198237167 0.9065646120949395 0.02427048144319013 0.8579898633450966 0.02540012527194987 0.857421875 0.0009765624999633753
2 0.3945314241748292 0.529296875 0.3554686552736257 0.529296875 0.3554688630600822 0.46289062500000006 0.39453123617659 0.46289062500000006
2 0.38068828122504783 0.5848050564902667 0.351746759473599 0.5820489806695407 0.356241289307377 0.5348580043521627 0.3851825795973127 0.5376140691037985
2 0.48261096165765593 0.5938498552355617 0.481745048121752 0.5531434448551716 0.5405198217865745 0.5518932602429071 0.5413859395549707 0.5925994615421045
2 0.4185264319662565 0.6005969906022247 0.4176695914387665 0.6425918100162479 0.366989095354711 0.6415576598193696 0.3678461334302483 0.5995630424938105
2 0.4518728121744289 0.6350873824789562 0.4185661366561817 0.6376491414883926 0.41567103303668773 0.600011221955015 0.44897747472930405 0.5974494719347648
2 0.4554238361092757 0.6213962220909872 0.45373849581949344 0.5961179391102887 0.4947021926358275 0.5933871273885759 0.49638762190420493 0.6186653136095975
2 0.4633325323002282 0.6606467274587521 0.46248848844481927 0.6429227746913887 0.4932965308180428 0.6414558124894157 0.4941406261222028 0.659179711062466
2 0.36328115206720213 0.7138671771703934 0.36328135327255495 0.6816405900271424 0.41601563826043275 0.6816408621011271 0.4160156178821808 0.7138672684194082
2 0.45671461144763725 0.7162982821376003 0.458452701924557 0.7458377650919732 0.41162473384861187 0.7485924294468161 0.4098868061872736 0.7190531005646206
2 0.5097312598007875 0.7113955273994872 0.507293914888578 0.6748392100403114 0.5363314700497313 0.6729034685904858 0.5387689189326466 0.7094596734205244
2 0.5390625658512818 0.7685546875 0.5136717987969632 0.7685546875 0.5136719013778475 0.7343750000000002 0.5390624698183046 0.7343750000000002
2 0.4023437562292429 0.8916013693991169 0.401401669508914 0.9208049756358566 0.3682958788913311 0.9197371291443378 0.36923809461404744 0.8905336562798246
2 0.36395721764290556 0.9418563197640061 0.4030201543359908 0.9340459175211848 0.41090772577001644 0.9734839507781211 0.37184480250584784 0.9812943071918652
2 0.4098046716404724 0.9340623737341905 0.43414075482257886 0.9305867422067257 0.4376953350505346 0.955468909000836 0.41335925453290656 0.9589445279547264
2 0.4232180782804562 0.9862175742681573 0.423828125 0.999023437500053 0.4010006254875407 1.0001105064646811 0.400390625 0.9873046874999616
2 0.5390626175060333 0.9794921875 0.5039061401422487 0.9794921875 0.5039063873211944 0.935546875 0.5390624141306262 0.935546875
2 0.4981154923592612 1.0000211101172103 0.4977565692023518 0.984586078736737 0.540656609399548 0.9835887316547011 0.541015630235961 0.999023662601327
2 0.6953125671917633 0.455078125 0.6484374679562279 0.45507812499999994 0.6484375670003146 0.421875 0.6953124584053967 0.421875
2 0.7574285534495857 0.43914330312136574 0.7594223929153259 0.40525301477483205 0.8196458441830146 0.40879585046050654 0.8176521438194868 0.44268600682382725
2 0.7573599869364216 0.43669005690811774 0.7344226056186471 0.43414159747305237 0.7368997777252844 0.41184738496248835 0.7598370931547151 0.4143958407030472
2 0.8183593790084842 0.454101414175103 0.8174057060616633 0.48939033228158957 0.7733605126617249 0.48819999331864866 0.7743142943484145 0.45291118778585865
2 0.8182088243779617 0.501868783961393 0.8191013571678241 0.5313162586882538 0.7813754441748415 0.5324595124037846 0.7804830014478057 0.5030121252492463
2 0.638671875 0.4765625 0.685546875 0.4765625 0.685546875 0.52734375 0.638671875 0.52734375
2 0.6849456514003123 0.5253154891871987 0.6884766572470653 0.5429687213750943 0.6610577751197297 0.5484525231638676 0.6575268153984553 0.5307993314427392
2 0.7599730490612728 0.5509627327761366 0.7586852916102771 0.5316475310266424 0.7800745693135696 0.530221622411095 0.7813623583813296 0.5495367899261531
2 0.8203894802280729 0.5528150785636625 0.8194516370346037 0.5875239771187831 0.7413306889671958 0.5854129508253452 0.7422687603627764 0.5507042867437539
2 0.6447495261201084 0.5900051417026506 0.643892675142979 0.5548697667245341 0.6945484008150515 0.5536345238752219 0.6954054030678662 0.5887697429142619
2 0.6990805580061306 0.6456286784410386 0.6708206039583047 0.64374490381161 0.6739837601129466 0.5962995921618929 0.7022434625207552 0.5981833584138366
2 0.6422689315394337 0.6572712112439822 0.6480695299397894 0.6249589192729007 0.6985762379235894 0.6340245620219044 0.6927758244418101 0.666336690249291
2 0.765625 0.62890625 0.818359375 0.62890625 0.818359375 0.677734375 0.765625 0.677734375
2 0.7728408524991437 0.603347700154482 0.7736805788648553 0.5857165471713381 0.8014264758427316 0.5870378590581002 0.8005867958482895 0.6046689676268362
2 0.8230682460072103 0.6813203378254318 0.8243976616023474 0.7211852711191812 0.7524724090125119 0.7235830567892346 0.7511433102882847 0.6837184312828576
2 0.7753906284950745 0.71191398910813 0.7741311591545355 0.7383607663839414 0.7490763368367652 0.7371676998477287 0.7503358756158605 0.7107209955454362
2 0.78125 0.732421875 0.82421875 0.732421875 0.82421875 0.779296875 0.78125 0.779296875
2 0.6407250075685624 0.7617880364980267 0.6403024312206753 0.7326104184166732 0.7167128105459142 0.731503738385507 0.7171356367099406 0.7606811033873875
2 0.6648540220086261 0.6662642926652003 0.7010512271253901 0.6813442549074462 0.6812886462498682 0.7287743541290657 0.6450914873252032 0.7136944740145003
2 0.703125 0.7099609375000002 0.7239628363906832 0.7087353760774275 0.7249393969556195 0.7253369409082653 0.7041015607561576 0.726562500102564
2 0.659531105775045 0.8139452882641895 0.664258758199253 0.7808594171290704 0.7030866757320382 0.786406481208005 0.6983591994101062 0.8194921938867555
2 0.7867984929681597 0.8302941754492754 0.7836782290310111 0.7834968140078529 0.8219198698589025 0.780947550958301 0.825040338035592 0.82774469122242
2 0.7775275946490865 0.8705537505206874 0.7751605754281172 0.8397861653232357 0.8220584105994249 0.8361789451633496 0.8244256017705993 0.8669463425730943
2 0.6686833003872152 0.8782136024293669 0.6667019081686476 0.8286833941294084 0.7055458111245798 0.8271298952864505 0.7075274430987974 0.8766598518531151
2 0.6990924740085802 0.9127755805167507 0.6645909191062174 0.9101222619226585 0.6668773958197107 0.8804004022367093 0.7013786710939485 0.8830537100302384
2 0.732676071765809 0.8808861277557558 0.7318251804931606 0.8579141046828881 0.7589146565497913 0.8569109272139468 0.7597656270479547 0.879882867784895
2 0.7639845570864736 0.8819088535429259 0.7634607187070515 0.8981471015857393 0.728466887475065 0.8970183812150698 0.728990800301176 0.8807802103789816
2 0.737208827860286 0.934490258472705 0.7348229246809979 0.9082511192247676 0.764055687012501 0.9055936799470834 0.7664416869941988 0.9318327113555978
2 0.7125230430916645 0.9438776847691425 0.7107134334073635 0.9800668813147829 0.6489533997837498 0.9769790925436722 0.6507633192563844 0.940790224355636
2 0.8125000750106892 0.966796875 0.7910156157217898 0.966796875 0.7910157023180773 0.939453125 0.8124999909988446 0.939453125
2 0.7988281216366886 0.9775390623538148 0.8270526368577293 0.9787658476270438 0.8260760774434175 1.001226781117749 0.7978515625 0.9999999999999979
2 0.9628904009585995 0.9062496078398565 0.9628906934780161 0.9355467427227178 0.9042969073725544 0.9355469821981164 0.9042968557835138 0.9062500885535945
2 0.91015625 0.8515625 0.9609375 0.8515625 0.9609375 0.8837890625 0.91015625 0.8837890625
2 0.94921875 0.810546875 0.982421875 0.810546875 0.982421875 0.8515625 0.94921875 0.8515625
2 0.9032136077522637 0.7480774246210834 0.9190399303665799 0.7190677240313976 0.950923539328528 0.7364590458363381 0.9350973549497894 0.7654686275110064
2 0.936916403239934 0.730406341122184 0.9376560451626119 0.7119202145137885 0.9650341061069412 0.7130154383121627 0.9642945219162584 0.7315015093580887
2 0.962890625 0.7294921874999619 0.9652738505344587 0.7128125573991188 0.978945695871289 0.7147657180175749 0.9765624985319619 0.7314453227745874
2 0.9589842828368091 0.6718747798312416 0.9589844926700835 0.7050780864741828 0.9082031432199074 0.7050781545228191 0.9082031100974746 0.6718750236159853
2 0.974609375 0.64453125 0.990234375 0.64453125 0.990234375 0.6689453125 0.974609375 0.6689453125
2 0.9608337816925996 0.6712957829673136 0.9841675908963907 0.6697404153787281 0.9852737834778509 0.6863333374168751 0.9619399745345163 0.6878887023325032
2 0.91015625 0.626953125 0.94921875 0.626953125 0.94921875 0.6640625 0.91015625 0.6640625
2 0.9373814258008224 0.6223723209254163 0.9100105678667205 0.620931906011531 0.912082464412947 0.5815674027873511 0.939453125 0.5830078124999998
2 0.9102779317672685 0.5723779433638387 0.9088770327130078 0.5373558348420453 0.9401550353168204 0.5361048237251695 0.9415560230222582 0.5711268396010869
2 0.9453125790060994 0.5302734375 0.9121093584996061 0.5302734375 0.9121094602520543 0.49414062499999994 0.9453124930288368 0.49414062499999994
2 0.9664943639683088 0.5328574348768786 0.968240284940066 0.5066717040776311 0.9917036698722086 0.508235990251432 0.9899578007104992 0.5344216721310586
2 0.97265625 0.462890625 0.98828125 0.462890625 0.98828125 0.4892578125 0.97265625 0.4892578125
2 0.941406336035925 0.486328125 0.9101562232423248 0.486328125 0.9101562838926611 0.453125 0.9414062473929334 0.453125
2 0.9089173142413074 0.44146612561886506 0.9079864424478501 0.4070211748576024 0.9487611132759639 0.4059192932402752 0.9496920730800866 0.4403641534562411
2 0.958984375 0.41796875 0.98828125 0.41796875 0.98828125 0.4443359375 0.958984375 0.4443359375
2 0.9233593067875745 0.7994533839649167 0.951890753407497 0.8046398573276535 0.9460782937322847 0.8366084501037536 0.9175468526557324 0.8314219977314511
2 0.4975705031348525 0.07286108856264617 0.5220083853608912 0.07014577448157076 0.5247237046283999 0.09458365626011188 0.5002858225655018 0.09729896948911958
5 0.06857178510483664 0.9987471526683636 0.012142521259761452 0.9998700443364833 -0.007744022773181314 0.0004456211833160695 0.04867858580018947 -0.0006772170232286545
5 0.298828125 0 0.326171875 0 0.326171875 0.3642578125 0.298828125 0.3642578125
5 0.30078125 0.396484375 0.33984375 0.396484375 0.33984375 1 0.30078125 1
5 0.6171886445890777 0.9990424495400003 0.5645480382124788 1.000054500424936 0.5624195520797457 0.8893305594629786 0.6150584920110305 0.8883185245382855
5 0.6142267367972636 0.874081431163337 0.5661345751102544 0.8737629743323966 0.5693250152581868 0.3923840456470373 0.6174128973891584 0.3927024887183569
5 0.8826942493303704 0.998970744082464 0.8418776966432233 0.999250272792176 0.8378593344048113 0.41226342058485854 0.8786711405007281 0.41198390720932143
5 0.966796875 0 1 0 1 0.3623046875 0.966796875 0.3623046875
5 0.7986392197095711 0.00018167444208442223 0.8316350974860143 -0.0006716553625157311 0.8406253665640406 0.34695414221193666 0.8076294890508962 0.34780746386703676
5 0.6582031291557087 0.06738281286668403 0.6358301963099393 0.06540873078995273 0.6416895789919863 -0.000997519144513917 0.6640625 0.0009765624999984546
5 0.642701004274727 0.09046796518706823 0.6792576126849781 0.09341604260896005 0.6587066300328388 0.3482481280568712 0.6221500245603693 0.34530007649498023
5 1.0000000707248091 0.47070312500000006 0.9863281153955086 0.47070312500000006 0.9863281869927505 0.3906250000000001 0.9999999991268851 0.3906250000000001
5 0.98828125 0.533203125 1 0.533203125 1 0.9130859375 0.98828125 0.9130859375
5 0.966796875 0 1 0 1 0.3720703125 0.966796875 0.3720703125
5 0.05929536865551199 0.4217671268043194 0.058453196602386015 0.35273877631222333 0.9997178043836357 0.34122881931863375 1.0005637015963202 0.41025370546310447
4 0.05098615963891007 0.2413288279777766 0.047059320993071196 0.20912850416350354 0.12427412987096886 0.19971220986317056 0.1282010408236829 0.2319124498577623
4 0.05004822953162602 0.239982922032925 0.04735705668429091 0.20391964772526797 0.1586483574462818 0.1956146583930225 0.16133965360120328 0.23167779888269407
4 0.11132813849280865 0.19726562500000003 0.08593749294038844 0.19726562500000003 0.08593751804096428 0.166015625 0.11132811972015588 0.166015625
4 0.06343784793193663 0.1527305316614349 0.074141418916156 0.16581256081415705 0.056698666797842634 0.18008389846580342 0.0459951038460531 0.1670018767870151
4 0.04704172078697866 0.09908536501690735 0.05018579209206564 0.0707888674650706 0.07312309599035416 0.07333746601902982 0.06997903410695017 0.10163395484600823
4 0.21451790701382834 -0.000014464182896028603 0.21556966831110458 0.0473145991192601 0.17097362838865138 0.048305618412906606 0.169921875 0.000976562500006698
4 0.22524917477085182 0.05455279868255932 0.23454337720511376 0.07623922210686702 0.2010708585004295 0.09058458546914919 0.19177666641394353 0.06889817084242097
4 0.3702808520848748 0.09999471977621391 0.324746608806322 0.10718432582676636 0.31464317701727396 0.04319572814705532 0.3601773564686255 0.03600612725574937
4 0.3546291706429656 0.001029587428464863 0.3529500147884619 0.036291890645496545 0.3237194210672669 0.034899956429005084 0.3253985796415009 -0.0003623438412013298
4 0.41014122274668807 0.024293867439256066 0.4136418297093769 0.05229867797664426 0.38359375033724064 0.05605468621514599 0.38009314900909885 0.02804988064380493
4 0.37499999229589775 0.08886717099139123 0.4030138098851239 0.07579409349185946 0.4120951254293459 0.09525406739089973 0.38408131023436454 0.10832714097201716
4 0.4104760496443305 0.06405487291293843 0.46909434480312484 0.03925490481348173 0.49929913013238547 0.1106481668527546 0.44068085330854956 0.13544810901250995
4 0.6463301647557955 -0.00010354829127302354 0.6471068376232552 0.12336851416389952 0.4672788617575634 0.12449941152937688 0.4665024066781598 0.0010275596939266479
4 0.6331387456818902 0.13082547498022906 0.5910384679209528 0.10866748950214451 0.6226443988747405 0.04861631305703608 0.6647446104171877 0.07077427704697231
4 0.3928151262216488 0.2802907182642834 0.37501721589603676 0.2370677576837862 0.4514433195354286 0.20559832570705594 0.4692412778720154 0.24882115467215604
4 0.46140626352723757 0.20863279631247433 0.44117186144137577 0.20574220003254665 0.4451953176240977 0.17757814775513103 0.46542968630535597 0.18046874160929535
4 0.633522400649781 0.16806693976095644 0.632540232976794 0.20441086095948166 0.5503050924600075 0.20218840076724684 0.5512873419671678 0.16584456334543565
4 0.6269531627003744 0.26171874999999994 0.5820312400195462 0.26171874999999994 0.5820313118783815 0.2265625 0.6269531158999371 0.2265625
4 0.48227975581619376 0.13133648629563555 0.5243856398129765 0.1299782417299958 0.5255083810241103 0.16478324982227616 0.4834024970716655 0.16614149331386788
4 0.6583797662390225 0.0865303353805262 0.7512141156862526 0.08353570318637582 0.7550249313453605 0.20167134871186104 0.6621905826078773 0.20466597311992088
4 0.662109375 0.005859375 0.7109375 0.005859375 0.7109375 0.091796875 0.662109375 0.091796875
4 0.8103258570249636 0.0923723362798993 0.7793987215865172 0.1455669938803867 0.7018981625383276 0.10050856448220528 0.7328252999986944 0.047313970361209094
4 0.7650299562503733 0.3626194413360314 0.7517092910167094 0.329924238379596 0.7994184081295543 0.31048729159746336 0.812739104583784 0.3431824067229357
4 0.8629677276292114 -0.00015908516256305153 0.8637097312167725 0.030262987990428175 0.8166245533926713 0.03141140527372438 0.8158825533440677 0.0009893356300214517
4 0.822265625 0.041015625 0.865234375 0.041015625 0.865234375 0.08984375 0.822265625 0.08984375
4 0.967070300718774 0.05953123645776669 0.973007841501385 0.10109374764907406 0.8855078046068456 0.11359373784301736 0.8795703176732559 0.07203127622499995
4 0.9658203124465672 -3.3638054392344474e-9 0.9663983818667248 0.03641815707959002 0.9048749379126093 0.03739471664568073 0.904296875 0.0009765625000085988
4 0.833984375 0.12890625 0.869140625 0.12890625 0.869140625 0.1689453125 0.833984375 0.1689453125
4 0.9263221742211272 0.14508716643336103 0.8910306096951217 0.17253601090810183 0.8652644072836893 0.13940802278333178 0.9005559292035059 0.11195920353347116
4 0.9652753015019471 0.16568017027179982 0.9861273079872035 0.2532565731363565 0.8924776993652586 0.27555395960731516 0.8716260156684257 0.18797783236837876
4 0.837890625 0.2109375 0.853515625 0.2109375 0.853515625 0.2412109375 0.837890625 0.2412109375
4 0.8926769479227232 0.23297044525896562 0.8816822725434577 0.28061355939848415 0.8337538417188171 0.2695531770567811 0.8447485788921085 0.22191015310797663
4 0.9017443635292466 0.3564942974248427 0.8951078261354724 0.3083793073824432 0.9708489064253172 0.29793256036597215 0.9774855971617171 0.34604736724084056
4 0.6663187683950582 0.2542694588750662 0.7135922182098966 0.2645460218198505 0.6963525466454712 0.34384853870178356 0.6490791086897616 0.33357201380659035
4 0.7254525956407178 0.2482749602986473 0.7125811428536508 0.282062136984602 0.6566211540672384 0.26074414011379043 0.6694926396866094 0.22695704211611917
4 0.0009765574529865262 0.3906249999391964 0.01975207315251737 0.39085119752109093 0.01877551567872615 0.4719058838751722 0 0.4716796875000002
4 0.0009765592120629663 0.48437499992693994 0.022276805490378138 0.4848483008428705 0.02130024621692428 0.5287936118075225 0 0.5283203125000007
4 0 0.552734375 0.025390625 0.552734375 0.025390625 0.6357421875 0 0.6357421875
4 0 0.6484375 0.02734375 0.6484375 0.02734375 0.7783203125 0 0.7783203125
4 0.000977147427647651 0.8475970851900496 0.025773391727170747 0.847847489288229 0.024777513732828993 0.9464406575433363 -0.000018730511555986595 0.9461902568215919
4 0.01790883920352826 0.8299877184558673 -0.007332884396305417 0.8155667047126492 0.017908224024722585 0.7713951241579493 0.043149698436309336 0.7858160479206677
4 0.16601568895441687 0.44628906250000006 0.13476556203715973 0.44628906250000006 0.1347656387731604 0.40820312500000006 0.1660156110100388 0.40820312500000006
4 0.123046875 0.4921875 0.16015625 0.4921875 0.16015625 0.5634765625 0.123046875 0.5634765625
4 0.06158197179013314 0.5306292993360823 0.10179750672284626 0.5344228469676062 0.09629447007614544 0.5927552227165303 0.05607893776573292 0.5889616941544741
4 0.16796894196215817 0.6171875 0.11718746606607056 0.6171875 0.11718772784104203 0.5644531250000001 0.16796872141003405 0.5644531250000001
4 0.05859379788296337 0.4853515642306096 0.04778329477619536 0.4849608457222708 0.05071305405613202 0.40390615866848434 0.0615234375 0.40429687499999883
4 0.04827044728210694 0.6742661479261817 0.10078307583614787 0.6733450372547256 0.10354144861537407 0.8305746133465577 0.05102882053847679 0.8314957074953502
4 0.14274593144489245 0.7293687881730399 0.17280305559393128 0.7703481410380304 0.11378538169037711 0.8136275358279307 0.0837286459122879 0.7726485343679622
4 0.13009325108987468 0.8225558108486529 0.13629734524727155 0.8597708734753209 0.058700093273273524 0.872703595075475 0.05249642446449343 0.8354889098695587
4 0.04492145030167194 0.9990236335462839 0.044921946061094786 0.8730467337676627 0.08007811462675818 0.8730470345823116 0.0800782479418558 0.9990233109488542
4 0.11673300653603746 0.8870566009682643 0.14399947273409452 0.884330628998653 0.14650375004544003 0.9093735036373776 0.11923728526051036 0.9120994662243452
4 0.16747224135986016 0.9095795695469 0.16971441644000151 0.9342339251097148 0.08360056908657043 0.9420627689463712 0.0813587181606863 0.9174087138351044
4 0.21516161779379672 0.4379268372999844 0.183679570506456 0.4390123681062681 0.18238529189454766 0.40147615318150626 0.2138671875 0.40039062499999845
4 0.2101955667811808 0.5065415130948576 0.17974710860539744 0.5024820070316586 0.18522279191813595 0.4614152223967964 0.21567106632164723 0.46547471603270385
4 0.27734375 0.474609375 0.296875 0.474609375 0.296875 0.5185546875 0.27734375 0.5185546875
4 0.20880083805593586 0.5934184467778019 0.19951341106047948 0.6259212225181274 0.16881601759337173 0.6171505712453105 0.1781035017764907 0.5846478912154117
4 0.181640625 0.662109375 0.23828125 0.662109375 0.23828125 0.7109375 0.181640625 0.7109375
4 0.30963490812234795 0.6776601419834527 0.27368523260884103 0.6802276446655414 0.27030957235729147 0.6329659069151404 0.3062589105402367 0.6303984162903861
4 0.2974967902790695 0.7070476401861941 0.31593010661424614 0.7238752722095719 0.28679589804448824 0.7557841589527713 0.26836265917359015 0.7389566077983313
4 0.24218732654674113 0.9511715224834602 0.24218778545969144 0.9999999563326439 0.18554688137487574 1.0000000021703321 0.18554683335662503 0.9511719777045261
4 0.3027438026535947 0.999348869867627 0.2701879853173068 1.000216807776448 0.26608111338316576 0.8461856432949917 0.2986355231746529 0.8453177241424182
4 0.5203486971705615 0.4979837223087809 0.48205515781342 0.49585644178628296 0.4854838248974147 0.43414371768076326 0.5237770292750383 0.4362709888821754
4 0.3769390325016957 0.5785246710005795 0.3934377583454989 0.48504349018306026 0.47833904445849385 0.5000266862918328 0.46184106533360136 0.5935072088330644
4 0.44921875 0.56640625 0.470703125 0.56640625 0.470703125 0.59375 0.44921875 0.59375
4 0.4045633288559429 0.6265655633421608 0.4216885942106501 0.6642360309561207 0.3801914492217975 0.6830982677291976 0.3630663856457659 0.6454279716664469
4 0.36529683916353406 0.63635694701816 0.3516714353927455 0.657411908057685 0.32802427706712933 0.6421108620524613 0.34164967165111193 0.6210559587813518
4 0.4720225939905731 0.7198515923675297 0.4361730576067657 0.7131307719747366 0.44732822908122216 0.653637855460404 0.4831773238375945 0.660358633396584
4 0.3597183971709228 0.7334230449595909 0.3796713349120182 0.7050738235945647 0.41629440386361694 0.7308459902472708 0.39634162432935227 0.7591950698598622
4 0.3740249767553223 0.7988292819784656 0.3486318337902503 0.8242177181151413 0.3212866643467578 0.7968726913324048 0.3466796875 0.7714843749999627
4 0.369140625 0.7578125 0.388671875 0.7578125 0.388671875 0.7822265625 0.369140625 0.7822265625
4 0.4468793884802835 0.8623436970250064 0.3958265204913687 0.8674479527349187 0.38680596369579234 0.7772366466617715 0.43785768903046574 0.7721324483397963
4 0.5042658798286084 0.9567286853131739 0.4262445938861674 0.9500899080779037 0.44898678033985107 0.6829098817165424 0.5270028103069535 0.6895484324052346
4 0.6126525964776874 0.812097525970166 0.5807652452355114 0.9396248610105135 0.4833369817969242 0.9152678664447443 0.5152254457574372 0.7877422199165716
4 0.5419920485115881 0.6962895560692006 0.5932375169977604 0.7014132140437517 0.5825244385526958 0.8085446960328926 0.5312789793775892 0.8034211011762475