6 0.338867333891244 0.8320307296908926 0.3283201390706836 0.8285156807635424 0.34667958623390405 0.7734378334424181 0.3572266428133162 0.7769528573555634
6 0.2708380919425508 1.0055636141620101 0.2524556933393569 0.9982595525057841 0.3202320016359863 0.8277308768078919 0.33861356959027944 0.8350347542284887
6 0.9814871169801336 -0.0014938680039385842 0.9872878414211073 0.013836607456541682 0.8692616792242234 0.05849515740707466 0.8634609647491516 0.0431646904076537
6 0.7934742702780113 0.12135799014894874 0.7865808735356268 0.1133157133766428 0.8223690303466356 0.08264017909262114 0.8292624229339935 0.09068244968726087
6 0.741210816651801 0.21484365801313338 0.7540016118471158 0.2245797154355112 0.7031433056949936 0.2913937538979896 0.6903525376579864 0.28165772794938865
6 0.5265017730199588 0.4352627617965521 0.5407046813314764 0.44368749712745315 0.46191615369968986 0.5765036726831028 0.4477133199545733 0.5680790376831752
6 0.4345695724333609 0.6113277208214074 0.4472495335187432 0.6182527263478292 0.3813085163124015 0.7389770579000474 0.3686286242071901 0.7320521500900932
6 0.5335792715378602 0.44330098459660083 0.5169178914915165 0.4311102289198956 0.5826404027081935 0.3412902458203334 0.5993016328711747 0.3534809218574894
4 1.0000418129644686 0.9996795518366302 0.6037491123311156 1.000067678520729 0.6027914214907923 0.0023412218519901938 0.9990234375 0.0019531249999999779
4 0.5952149946052714 0.5552931508088825 0.5032100976026186 0.5083543815514743 0.6410465461301555 0.23819896507941984 0.733048494437071 0.2851368117735846
4 0.6328156247308243 0.9990234375 0.283203125 0.9990234375 0.2832279402319955 0.49414062500000017 0.6327997874348057 0.4941406250000001
4 0.955078125 0.0009765625000416095 0.9548493906656859 0.16577361272047497 0.16594506659475883 0.1646734014741175 0.16617545105077625 -0.00012368178581418043
4 -0.00013370078283969633 0.10181545581856981 0.27066180990425437 0.10118431280381587 0.272755367785976 0.9993757141918571 0.0019598573542225495 1.0000068120426489
4 0.23034433369730323 0.0849701005409026 0.4140166904224998 0.10237010088977484 0.3344607540581137 0.9420980783752223 0.15078850980307834 0.9246992169784978
4 0.3089594687500039 0.7944879859374839 0.029538374814706003 0.5871655230067347 0.5053883191893647 -0.05411317839949376 0.7847961129797341 0.1532015266979451
3 0 0 0.197265625 0 0.197265625 0.1123046875 0 0.1123046875