4 0.30237266236804317 0.16627458998925354 0.13974196773745007 0.1597693825458836 0.14634440979523333 -0.005279030260204449 0.3089742726959912 0.0012261581662115692
4 0.01171875 0 0.07421875 0 0.07421875 0.078125 0.01171875 0.078125
4 0.06449592482181288 0.09920270953135132 0.11644905457274035 0.10467142845887167 0.10955158424189904 0.17019744392407057 0.0575984556135154 0.1647287323961055
4 0.32614486556667543 0.2282115663876561 0.2716324099914118 0.0975863265273907 0.5005565294967482 0.002052074228853246 0.5550691792636826 0.13267671026491565
4 0.5444730511806029 0.38397795886734254 0.49702132800905474 0.3833000927499087 0.49979642742607666 0.18907354827407657 0.5472473629939714 0.18975140884467712
4 0.5518772587954572 0.4051867127772322 0.5376080522687516 0.838666317076676 0.003998231911964467 0.8210774538001175 0.018288457998210106 0.38761844527287154
4 0.5419397307346117 0.5404148569211357 0.5581711745809343 0.6269714795918897 0.48269881214525867 0.6411222475497109 0.46646804551880905 0.5545662198792088
4 0.000976552872089087 0.4531249999276159 0.03921452981569473 0.45341247857113376 0.038237976918480854 0.5832952882000124 0 0.5830078124999999
4 0.23085043129401583 0.3139921993692179 0.29275558908386756 0.3184138261730603 0.28707468677293946 0.39794659471805044 0.22516953074682533 0.3935249870064923
4 0.33984375 0.314453125 0.392578125 0.314453125 0.392578125 0.3837890625 0.33984375 0.3837890625
4 0.3091946829496237 0.30070624603079615 0.335862385712403 0.30603962288911 0.32992790632624747 0.3357120254059984 0.30326020587142466 0.33037865637524033
4 0.09735601000681982 0.42720810324135355 0.06552095021288551 0.41288295866220415 0.10358263961836656 0.3283018670295868 0.1354174049440644 0.34262693486243473
4 -3.410605131648481e-12 0.9990237900722564 0.0000018960126908496022 0.7988281067296413 0.042969471940068615 0.798828920545595 0.04296875 0.9990234375000174
4 0.03375240309810579 1.0002058402557925 0.032314730561211036 0.9153179306952044 0.1559543267250092 0.9132240566410335 0.15739349985585704 0.9981104463370826
4 0.36695349669457755 0.9904481544474547 0.29882980508307355 1.0339205829879003 0.20912932365706638 0.8933908546989984 0.27725059052534107 0.8499194544976711
4 0.54492255170112 1 0.4238275397973439 1 0.4238284818277407 0.935546875 0.544921198306838 0.935546875
4 0.5777014384174208 1.0000969669865232 0.5754464613016808 0.7854406620588031 0.7236401486816249 0.7838850613459333 0.7258994120259104 0.9985370112289218
4 0.7993560548953837 0.9955450119523964 0.732377775499117 0.9969115620682506 0.7295959223906721 0.8605285379466457 0.7965715863117566 0.8591620147454737
4 0.7190979112793912 0.8896016161568443 0.7473774400965567 0.9110884902648048 0.7176437845602095 0.9502116457821063 0.6893643847089379 0.9287249195567631
4 0.7506981549081502 0.8735911170738522 0.731806616371955 0.7711881757455132 0.8709944541724326 0.7455151721763916 0.8898873652591419 0.8479163298735949
4 0.8647950459056801 0.6406633267973765 0.9234000469120929 0.6338145600145721 0.9447010947379795 0.8160603680182735 0.886096119212425 0.8229089953052104
4 0.958984375 0.716796875 1 0.716796875 1 0.93359375 0.958984375 0.93359375
4 0.6533058962066889 0.6224279959521093 0.5713839553100115 0.6289295610048145 0.5273393653744733 0.07395558945055279 0.6092563788954521 0.06745422383567479
4 0.9077664901586786 0.028643130034057072 1.003698372864278 0.030982907669722476 0.9964920339093624 0.32644357058151435 0.9005601511357781 0.3241038120029528
4 0.8580029998929604 0.0010552668203514218 0.8565733317141166 0.08254748083540388 0.7843641687445597 0.08128063707516213 0.7857938756937983 -0.00021153184640265168
4 0.6770091997495911 0.017993891058837003 0.7274810450777522 0.023041067823255792 0.7178121124359222 0.11973042331340095 0.6673402675654643 0.11468325188524962
4 0.6898088272457699 0.14954393078704792 0.6575483049066406 0.17320151952061208 0.6325866889808367 0.1391629510683234 0.6648471705246948 0.11550538410601917
4 0.7455346472955853 0.18013698125313485 0.6821810220120597 0.17779056379376698 0.6856512982571985 0.08409675623775244 0.7490046769871697 0.08644316902991941
4 0.9218111671333418 0.2559427308149841 0.7810449783792137 0.273989532145671 0.756018910005082 0.07878058814097748 0.8967837033970909 0.06073387706517341
4 0.6899860862089326 0.21310006089670006 0.7428190717877214 0.2067602373205517 0.7553510756063133 0.3111938658773724 0.7025180951294487 0.31753366281627055
4 0.8046876841933681 0.32226562499999994 0.7636717690481873 0.32226562499999994 0.7636719646509391 0.205078125 0.8046874885898205 0.205078125
4 0.7957129607796105 0.3112746841162671 0.8281140545927883 0.23258935798269662 0.9214362164135537 0.2710167367291636 0.8890355420522837 0.34970170536370104
4 0.9037037060140847 0.4032944839275767 0.8578492499644881 0.4013008927765793 0.8611034344208974 0.326459381110088 0.9069575066976086 0.32845296387007156
4 0.92578125 0.2890625 1 0.2890625 1 0.380859375 0.92578125 0.380859375
4 0.6941697089540639 0.538609645658907 0.6105652673256827 0.5293208733163712 0.625238538546796 0.3972708228394371 0.7088413959876334 0.40655950572532
4 0.7743680857837489 0.3248162300729981 0.8057329863794394 0.32722881635688156 0.7999885136670173 0.40190714502952835 0.7686236142191092 0.39949456872420513
4 0.7583784141520482 0.5473107224089763 0.7576962080487419 0.4302404917964055 0.9998865368894485 0.42882846761173354 1.0005708279655892 0.5458965513429745
4 0.9587415836598439 0.37722288018164185 0.9992338653214574 0.3750918134181079 1.0019261495954197 0.42624533061593795 0.9614338684923496 0.42837639069914396
4 0.8964845401799266 0.452148458146465 0.8443208327410048 0.44562831479381565 0.8596306970483738 0.3231522878262289 0.9117936658068402 0.3296723849999348
4 0.8759691937867728 0.5467052940124527 0.9435215427527055 0.5437685469737923 0.9470518885341335 0.6249669478974761 0.8794995412473554 0.6279036736305826
4 0.94921875 0.51953125 0.9921875 0.51953125 0.9921875 0.6083984375 0.94921875 0.6083984375
4 0.750585734131846 0.6033204781993308 0.7966807423715636 0.626365068067404 0.763281838969192 0.6931627008599427 0.7171869418269807 0.6701182810044258
2 0.6617187546195282 0.05449218780411303 0.6319140590062489 0.05023437493452385 0.6386328164254564 0.0032031255030485484 0.6684374995721782 0.007460937459479859
2 0.6694931399923689 0.0556164173750464 0.665729808287324 0.08948647158124814 0.6282155093061874 0.08531821610012495 0.6319788528810477 0.051448174961076794
2 0.7890015155333003 -0.00005854773011095212 0.7896642139631922 0.032413582524928784 0.7354377531308955 0.033520242327636736 0.7347750593982028 0.0010481177678313182
2 0.8582383400727167 0.0705046071387524 0.8530033514689421 0.012919405590570818 0.914286633958568 0.007348235727573008 0.9195216413658045 0.06493341265426628
2 0.9990234374438387 -2.079570711009487e-9 1.0000000022589575 0.03613281243895208 0.9632869516258324 0.03712505526366017 0.9623103907736095 0.0009922445609790755
2 0.9862200429874974 0.28273626470374774 0.9540499581074755 0.2759124218277399 0.9721911495965969 0.19039029704663496 1.004361042657024 0.19721411915772896
2 0.7734374291973154 0.18945298643796482 0.773437609748612 0.2646484366086357 0.7128906411030584 0.2646484338933049 0.7128906163618467 0.18945313761260232
2 0.6127467066057761 0.28279778748560147 0.6165684931099804 0.19490342749153708 0.6989534360419611 0.19848562319994914 0.6951319271471448 0.2863797132035577
2 0.8109401180590794 0.27664245262979154 0.7820362650484185 0.25641010803989983 0.8115364616937768 0.21426713059561212 0.8404402372430013 0.23449943674940546
2 0.9023437685555109 0.2646484380622764 0.8843086887167146 0.2641019304483628 0.885285276771242 0.23187536805657935 0.9033203125 0.23242187499999936
2 0.9692949274348166 0.19179474106542047 1.0013812125985169 0.1934834664773259 0.9966764475897207 0.2828739948655536 0.9645901628224465 0.2811852749018892
2 0.8198864799740022 0.0769583438248392 0.8148529291964905 0.10548185498638234 0.766942367528145 0.09702706447321116 0.7719759326345184 0.06850357207680062
2 0.625 0.34375 0.689453125 0.34375 0.689453125 0.4091796875 0.625 0.4091796875
2 0.7016524888690583 0.35436590371530263 0.7636183029959511 0.36733489094996247 0.7512954159574292 0.4262109463902668 0.6893296159797728 0.41324200554672225
2 0.841205299934586 0.44002333007642 0.8068826263852316 0.42400690331310015 0.8282888297445652 0.37813676653395434 0.8626113176572971 0.3941531424754837
2 0.9589843626412176 0.41015607173000124 0.9589845249379323 0.44824212445105144 0.9082031320492661 0.44824219542659755 0.9082030961244527 0.4101562691968124
2 0.762803377852947 0.5246270653244204 0.7671619460860484 0.5921702338914246 0.6916820036781246 0.5970400059911434 0.6873238967167481 0.5294972720483246
2 0.8277839672487062 0.5979932806879663 0.7738440270363753 0.5909583396117706 0.7810541400709781 0.5356828084175718 0.8349935675488496 0.5427177156256632
2 0.8785017998175135 0.629758642543294 0.8502080853153302 0.6282696516520909 0.8547458204203622 0.542057020625486 0.883039096401717 0.54354599989411
2 0.923828125 0.5234375 0.951171875 0.5234375 0.951171875 0.5751953125 0.923828125 0.5751953125
2 0.6562500627778718 0.5927734544001474 0.6203174721575806 0.5831002042116504 0.6343573988352773 0.5309528437335891 0.6702896778332388 0.5406260498884918
2 0.765148293300399 0.620381357978845 0.6908133794541982 0.6234783392923483 0.6869737205835236 0.5313126127020867 0.7613074234888018 0.5282156567808258
2 0.6058789830799469 0.7302913124520876 0.6098956654066114 0.6732729687350956 0.6831734245049574 0.678434165238124 0.6791572180529784 0.735452064510718
2 0.7003344816788513 0.7208330201754324 0.6989867892244774 0.6817496313569607 0.7546181815869204 0.6798315916614213 0.7559660977432259 0.7189147469805354
2 0.8330077859699259 0.6816403487817088 0.8330081547915142 0.7353515475354574 0.7714843862413545 0.7353515718862924 0.7714843734542001 0.681640728295948
2 0.8467817683740577 0.6897386583656473 0.8975322603782843 0.6928453359516028 0.8941090502702309 0.7487579890988695 0.843358559840226 0.745651330612868
2 0.9683986759936261 0.7768747809778315 0.9139839108173646 0.7691025627917328 0.9210546266389201 0.7196101859864716 0.9754687811482654 0.7273823598794147
2 0.9702533559618587 0.9059965883174239 0.9271378901361231 0.9179703021907442 0.912055910989011 0.863674448454301 0.9551707596036749 0.8517008251982263
2 0.9304027435206308 0.9281051538022714 0.9070403907089712 0.9608043802874658 0.8660245806735247 0.9315077141507839 0.889386859238698 0.8988087220902147
2 0.8603515625 1.0000000000000044 0.8596770289747155 0.9709912382025243 0.905845590738636 0.9699179342493899 0.9065203203792862 0.9989264953999566
2 0.765911786103743 0.8714516397468425 0.738756080871326 0.8931715295480862 0.6965498122383451 0.8404137711740354 0.7237052121457737 0.8186940716124967
2 0.443359375 0.826171875 0.49609375 0.826171875 0.49609375 0.875 0.443359375 0.875
2 0.4442497990029324 0.7408912086494501 0.43970358612068594 0.67270459709324 0.5001120189670019 0.6686776618768783 0.5046586425563646 0.7368638259353385
2 0.29628904410151335 0.5265622077194712 0.34512869518277967 0.5228056643726106 0.3489889778802535 0.5729895499300096 0.3001493285404422 0.5767460774335105
2 0.2679195543827291 0.6973981482725989 0.2669659892646905 0.6506621081341786 0.32529610333176606 0.6494721278130091 0.32624994228626747 0.6962078875820344
2 0.41210955496057977 0.7392578125 0.37109373435134785 0.7392578125 0.3710939495196044 0.6855468750000001 0.41210929449187006 0.6855468750000001
2 0.310720082787725 0.8065609737182822 0.30966926479504764 0.7655718402475598 0.38659168528010923 0.7636000336275022 0.38764287086382865 0.8045887890155002
2 0.294833787684297 0.7911647486031177 0.2786072006440463 0.8112821400091278 0.2434857455650672 0.7829585904729314 0.25971227444881606 0.7628413078652444
2 0.2596819656506568 0.8417169728566054 0.2609953060324415 0.8889631085601997 0.1848275173855427 0.8910792743583833 0.18351466401031757 0.8438336120345699
2 0.10412066242383844 0.8400447321384137 0.10331664971579357 0.8151209747528163 0.13982087874978788 0.8139436152218427 0.14062500226600605 0.8388672577349574
2 0.11771590621970063 0.8808258820353706 0.1723805163690031 0.8850298055465431 0.16843981058934787 0.9362590095195052 0.11377520386122342 0.9320551158748295
2 0.054687484419787324 0.8808593279222271 0.054687543778754844 0.8994140573827355 0.03125000015745627 0.8994140649730886 0.031249999763531378 0.8808593944610803
2 0.08844679721869397 0.42539476403984505 0.06801217115332747 0.468305537507924 0.018050568828471114 0.4445144544256967 0.03848522989619596 0.40160383796614946
2 0.01520278934833641 0.4136665518445601 -0.004329078222554017 0.38632318918626246 0.025416782068532484 0.36507618400599046 0.04494863058187093 0.39241948698288237
2 0.111328125 0.37890625 0.134765625 0.37890625 0.134765625 0.4111328125 0.111328125 0.4111328125
2 0.11587216188797811 0.4149511005655798 0.09925247491753453 0.38669878615573017 0.1543919124749209 0.3542639940081195 0.1710115958227334 0.38251620052790963
2 0.22762590538263794 0.40216725206807846 0.21862524255425342 0.4360917238221962 0.16775707870340284 0.4225962340656659 0.1767578125 0.38867187499999245
2 0.2715911437669547 0.3976601888972287 0.2687580382453234 0.4269349871438736 0.23642465409614033 0.4238059885163923 0.2392578125 0.39453125000001316
2 0.385225261252117 0.4422678863193106 0.3729890829026772 0.39332482110307715 0.4501951982455239 0.37402355669087317 0.46243153653279023 0.42296637901775647
2 0.4726565017754183 0.4306640185752181 0.4519525459647866 0.3685548154977812 0.5017571161588421 0.351953405213266 0.5224611705862117 0.41406240998848726
2 0.35684562530616404 0.4406984491741647 0.3244089289750036 0.4497081802565213 0.30894912373651096 0.3940525948762923 0.34138559714801886 0.3850428963773953
2 0.2560466559800716 0.22638859507405487 0.309864616568575 0.22838181092144924 0.3076198652591984 0.28899021716194456 0.25380190484952436 0.2869970060427117
2 0.2441406925714773 0.279296875 0.20703120737766767 0.279296875 0.20703126679052275 0.23437499999999997 0.2441406202857479 0.23437499999999997
2 0.189453125 0.262695312499975 0.19304983745780646 0.23032584800722639 0.210627938527864 0.23227899763984977 0.20703124966416908 0.26464844052213626
2 0.12763430009385957 0.200468974402564 0.1831163472049866 0.20723496730047375 0.17719172142369644 0.2558169464324003 0.12170967651206865 0.2490509650658555
2 0.10156258784115835 0.232421875 0.05078120834446054 0.232421875 0.0507812887824457 0.17773437500000003 0.10156249502790615 0.17773437500000003
2 0.0450283108145868 0.23900702326007345 0.01122474286353281 0.24111971559228582 0.008781479846902585 0.20202682977928993 0.04258495886460878 0.19991414023954374
2 0.0009765611083594194 0.16210937497374345 0.02212174596911609 0.1625083360691822 0.021145184849956422 0.2142661479976908 0 0.21386718749999933
2 0.38836658370007626 0.3190272904478333 0.33961733019532403 0.32320570845819774 0.33178285614542347 0.2318013668852032 0.3805317384343425 0.22762296480925723
2 0.39428643735482183 0.2000621352130485 0.44883278034308205 0.1967563557704446 0.4531375095286876 0.2677845723339098 0.3985911672865541 0.2710903433654869
2 0.45400486943651686 0.16993146453710672 0.5170463364817124 0.16362740344218754 0.5240563045165345 0.23372726868209595 0.46101483951008504 0.24003131626618313
5 0.587694116987791 0.998931727235651 0.548729446046309 0.9993051640061005 0.5391540839812023 0.00006464273005931158 0.5781126759793551 -0.00030876441107672507
5 0.40480930770399937 0.4131200260011982 0.35249060763487705 0.36323614595251263 0.4564341172216473 0.25422365459745694 0.508752377980386 0.3041071363330689
5 0.6104612371956364 0.31415444787226965 0.6113735671290215 0.28466391583771117 0.719598078266813 0.28801164944762353 0.7186858993434271 0.3175020378701153
5 0.7646953998671506 0.32823117191062706 0.7375927504604078 0.3307879589843387 0.7316865720149508 0.2681817793684523 0.7587890625 0.26562500000000305
5 0.8675782719933522 0.3337888677586878 0.8572264897383093 0.36484359497764846 0.7874997884010781 0.34160152935135746 0.7978516309651695 0.31054691832197356
5 0.9226159181483808 0.35166338477147363 0.897191444752707 0.34149393953616025 0.9072265625 0.3164062499999855 0.9326509737212518 0.32657568126397646
5 0.05095197583727895 0.41121579279923964 0.005480334989329094 0.2795871260145966 0.19589554215133376 0.21380962838544448 0.24136774223870816 0.3454368838105766
5 0.5801496313730468 0.6533767240819481 0.5798333897986367 0.6099386840516893 0.7381700828134399 0.6087854754927485 0.7384869826727254 0.6522228402797784
5 0.9839013104971173 0.5895582269114514 1.0163851358277043 0.6623561707755246 0.9172485290343957 0.7065862233935648 0.884765625 0.6337890624999484
5 0.7703230418596831 0.6584457920042428 0.7694685547195377 0.623405597552991 0.8294080827253083 0.6219440090936761 0.8302627698544711 0.6569839990217583
5 0.37593800100319186 0.6252178423451211 0.4528097690466666 0.623509803780279 0.45404661483121345 0.6791680912273301 0.37717484726931616 0.6808761203434788
5 0.46656891170641757 0.6462137114146438 0.4686680900451847 0.6217282795255933 0.5432869064005672 0.628124550851167 0.541187919551021 0.6526098038977003
3 0.25390625 0.4921875 0.33984375 0.4921875 0.33984375 0.6103515625 0.25390625 0.6103515625
5 0.27744305308942785 0.8074871450090992 0.3814011677010285 0.7788159124557087 0.42755754280562996 0.9461363362666722 0.3235996984429903 0.9748069047214207
5 0.47970827427161566 0.9505310319921115 0.4813486241986311 0.9161035633614523 0.5563274459191234 0.9196748722976765 0.5546874804398385 0.954101973116648
5 0.9495061660580859 1.0000135096055296 0.9486731816309657 0.9575203899789325 0.9991667065157799 0.9565308573875628 1.0000000042937245 0.9990236564515734
3 0.783044237538661 0.89527604171856 0.8228504111300481 0.824671323596747 0.9096798047877428 0.8736136518712381 0.8698747311350417 0.9442174206985934
5 0.923828125 0.66796875 0.947265625 0.66796875 0.947265625 0.724609375 0.923828125 0.724609375
5 0.9818356218652298 0.6736329182324169 1.001759893707458 0.7134755324758095 0.9806661041778852 0.7240223346120345 0.9607419494710712 0.6841798203904265
2 0.5039318458860862 0.48941613980146315 0.5139888435913917 0.5497519158065588 0.45951243619572324 0.5588312265317223 0.44945573870347744 0.49849571797597725
2 0.45198254769570667 0.03849271049646503 0.48703496559926407 0.006036804682824224 0.5191663103598785 0.04073869137703121 0.4841139027460031 0.07319458708981315