5 0.7683051398877296 0.00004576380843485451 0.8123715864539918 -0.0008697823526905993 0.8331465954619262 0.9990002661737211 0.7890801502038585 0.9999157474349392
4 0 0 0.791015625 0 0.791015625 1 0 1
4 0.837890625 0.673828125 1 0.673828125 1 1 0.837890625 1
4 1.000000000510454 0.000976464991222332 0.9994483694026712 0.10636065493133441 0.8123112556218075 0.10538083311299264 0.8128630616521377 -0.000003211326535185065
4 0.9999999056633442 0.1289041346330203 1.0000040236975565 0.6660170559830663 0.8183577407338589 0.666014312578001 0.8183594430930725 0.12890678091465457
2 0.9677734375 0.673828125 1 0.673828125 1 0.7578125 0.9677734375 0.7578125
6 0.8088791969129261 0.13111477837798774 0.8077794678213195 0.11131899904161396 0.8860967604924781 0.10696816191887311 0.8871965161463322 0.1267639126029421
6 0.9931292438971013 0.11031401152039927 0.9918664531237482 0.14441083778772107 0.8897206656343997 0.14062771760575446 0.8909835201756096 0.10653095943079978
6 0.9063265510302472 0.09985600225571656 0.9059881580460569 0.07718141830038004 0.9879428331646523 0.07595830998339291 0.9882812508308234 0.09863286817061558
6 0.9089693335638458 0.09206730045158616 0.9146214028918394 0.10388521008795502 0.8845583119436924 0.11826321584772746 0.87890625 0.10644531249997509
6 0.9853515621534825 0.09570312498493609 0.9927255304387472 0.09602373110881487 0.9917489682788982 0.11848466850523622 0.984375 0.1181640625000011
2 -0.0034565297802373607 0.32283553375664426 0.0009765625 0.2851562500000186 0.03831594516748282 0.2895492248690141 0.033882925242323836 0.32722844305558596
2 0.05854098920713113 0.3430900911893854 0.042388073284428174 0.34039802586357265 0.047006969147560085 0.3126848101827048 0.06315984090986149 0.31537687176438356
2 0.07238496086972646 0.37132205492718934 0.07211036605326626 0.3820321920314349 0.025116002121421843 0.38082729562930784 0.025390625 0.37011718750001565
2 0.017352663722363104 0.36117788789638916 0.01953125 0.3720703125000231 0.004131700325729071 0.37515022749768895 0.001953125 0.3642578125000306
2 0.05662915076823083 0.3565946287198661 0.0401998987377965 0.35533088670981255 0.04125689528802923 0.3415900811411268 0.0576861233901127 0.3428538222279532