4 0.57421875 0 1 0 1 1 0.57421875 1
4 0.6347580683305978 -0.000004726734609812041 0.6348461992242846 0.0569710270292737 0.00008796707334113307 0.05795195939574165 -1.1368683772161603e-13 0.000976562500023694
4 0.0000067134201344742905 0.6416151607975898 -0.0009799436617186075 0.06919784222831236 0.6579445639301866 0.06805368529539566 0.6589495769861742 0.6404587106041402
4 0.5729116863412855 0.8094869231625496 0.569066990537749 1.0075953408265828 -0.0037175362377865895 0.9964497796167667 0.0001423666129767298 0.7983565170430613
4 0.5775351216625495 0.6262892859180398 0.5787532500570478 0.7788924091258602 0.0007369807921122629 0.7834872743485127 -0.0004716653351124478 0.6308942011678897
5 0.5720643727066772 0.7733333227648136 0.5727842203380078 0.8191134067676399 0.000656730952300677 0.8280849237813375 -0.0000598771571276302 0.7823079778763463
5 0.5657397845570813 0.7512861545361669 0.6171355899941773 0.7527683564470451 0.6099895532140636 1.0005055906752118 0.55859375 0.999023437500001
5 0.1895158422090617 0.0704289629799538 0.18491972520655509 0.08574935304780366 0.14101920501332188 0.07257920424690072 0.14561532633206298 0.05725882183782769
5 0.21688641301398093 0.07053364679540317 0.21671574959566442 0.06080527915335903 0.29879026561900446 0.059365428337695335 0.29896093682418723 0.06909378814389984
5 0.07825331588810513 0.05878509458551253 0.07798015697073879 0.07708794270874439 -0.0002731733948166948 0.07592002110115861 0 0.05761718750005286
5 0.3294111848108514 0.07143179828041879 0.3363904998192311 0.008621226558112705 0.6755193599932454 0.0463035872826372 0.6685402474387274 0.10911405215393534
5 0.6507789772831529 0.06576984538604815 0.7085970485965163 0.07014991369883325 0.6821858662052591 0.41877934454898835 0.6243677997537134 0.41439933361799924
5 0.6121138930634515 0.3513857156415163 0.6543582472845628 0.36586864090661453 0.5870844824097503 0.5620836395446661 0.5448402265084269 0.5476009227153457
2 0.16489128359694405 0.5912769937711223 0.22630526668353923 0.6086561856352404 0.20922370135076562 0.6690111657079064 0.1478097600277124 0.6516320782537872
2 0.13048391592872122 0.6699967533629789 0.09707026137755292 0.6658205801501087 0.10135219683343166 0.6315660286136775 0.134765625 0.6357421874999956
2 0.3318481020737636 0.6077912345065561 0.28490081641359666 0.6051833213011862 0.2874611303650454 0.5591017164155472 0.33440803137227704 0.5617096189029221
2 0.3300250969075478 0.6184804245704244 0.3884103656151865 0.5767817775532409 0.43406989597883694 0.640705702559996 0.37568489054103793 0.6824040366310073
2 0.0009765545231630313 0.9433593748600966 0.015911656016214692 0.9436213178870604 0.014935101439618848 0.9992853783706915 0 0.9990234374999997