2 0.0009765618406163412 0.042968749990444 0.013768259671792293 0.04315413650335789 0.012791697830039084 0.11053694886452474 0 0.11035156249999988
2 0.13924636887554698 0.14711623872095592 0.08823525775028429 0.1343635065675002 0.1050666538041014 0.06703816065152096 0.1560776559479109 0.0797908786623287
2 0.1796875 0.078125 0.23046875 0.078125 0.23046875 0.1748046875 0.1796875 0.1748046875
2 0.3624087526116 0.11569585984794731 0.4006492196971294 0.11836378258429775 0.3973663322952916 0.16541853503130777 0.3591258654947751 0.16275061498856297
2 0.41634750540606547 0.136741833260151 0.41586243673395984 0.041080793920537845 0.6266656340820873 0.04001166094710574 0.6271509639917667 0.13567246977505823
2 0.359408052385902 0.25888559290159036 0.3589727548674091 0.2061702640890659 0.49603694088364136 0.2050382685359628 0.49647249185170494 0.25775334161150876
2 0.5278469952594378 0.26957547615112865 0.5271605297660926 0.2015779689487442 0.6306260941485107 0.20053336428645735 0.6313128063937938 0.2685306265669937
2 0.52734375 0.337890625 0.630859375 0.337890625 0.630859375 0.427734375 0.52734375 0.427734375
2 0.4124769074427377 0.33778717557949794 0.4147403973350947 0.36721046848555056 0.36366040072505257 0.37113972078868157 0.3613969979750209 0.3417165099351198
2 0.15322451276892934 0.2388334529644721 0.18558173277585865 0.22325441520534073 0.21549631115556167 0.2853849527046902 0.18313911857035237 0.3009639475844985
2 0.10246085012443018 0.24841002753815666 0.05783019352315932 0.2327894811958502 0.08672703978879781 0.15022753018936774 0.13135747328976777 0.16584803322617736
2 0.2443737780356514 0.36438343648313826 0.20996986958778052 0.37470426193532663 0.19016091429034532 0.3086741993476393 0.2245645917435013 0.2983534112335129
2 0.2563317915797825 0.4416476977720807 0.23145132664171797 0.44535310735675243 0.22384645651789015 0.39429156808226934 0.24872675954736678 0.3905861708110776
2 0.03535424721758318 0.2800302963936195 0.07850386648203767 0.29351412496359097 0.057200267916414305 0.36168569878381956 0.01405066951781464 0.3482019173548713
2 0.14475013818082516 0.4065100374266673 0.09658646640491497 0.41806882976551885 0.08123344076682315 0.3540973971377865 0.1293967569610004 0.34253864962521735
2 0.03330364606483727 0.4545009073090422 -0.009640403593380142 0.447032757962963 0.003906278535396268 0.36914080991593695 0.04684991110207193 0.37660892212994485
2 -0.000025724215902300784 0.4649971299134978 0.020827940895401298 0.464345503237128 0.0228067809185859 0.5276686892209052 0.0019531159543930698 0.5283203127826511
2 0.05141187910567169 0.5391711347985586 0.0439982634803755 0.5034528230894305 0.10568395738869185 0.49065043201880076 0.1130977016275665 0.5263685676287273
2 0.23992558201859993 0.46759564114706414 0.2700298934133798 0.48502288269844074 0.21342228320645518 0.5828002538011189 0.18331808707966957 0.5653731703262286
2 0.11001898787412756 0.4139091867584594 0.1468275361603446 0.40809767062427305 0.15712099266875157 0.47328984674580965 0.1203124503364279 0.47910133692597795
2 0.386545209274459 0.49892676840232414 0.388955838668835 0.44590231583853446 0.4341394700595629 0.44795634579547655 0.43172902018977766 0.50098062706637
2 0.4843751106162699 0.501953125 0.4433593622763965 0.501953125 0.44335945388593245 0.46679687499999994 0.48437498994405814 0.46679687499999994
2 0.5226523365998901 0.4823789035430324 0.5235327452024876 0.44629122660660947 0.5664759300357218 0.44733879232293233 0.5655956333704353 0.4834263606351031
2 0.39453125 0.505859375 0.4453125 0.505859375 0.4453125 0.564453125 0.39453125 0.564453125
2 0.5156249156912054 0.5292968245814552 0.5156250083298346 0.5732421911123516 0.48828124265173756 0.5732421650271851 0.4882812507513563 0.5292968991191899
2 0.714855399208318 0.5036764399279995 0.7063290979282328 0.5706669263881946 0.641400416976694 0.5624034659157884 0.6499270211905923 0.49541333936346615
2 0.673828125 0.41796875 0.708984375 0.41796875 0.708984375 0.46484375 0.673828125 0.46484375
2 0.6720645942690453 0.4806483688581551 0.6714017230361833 0.4561201311874276 0.7184534559000895 0.45484862739384635 0.7191164070871991 0.4793767822507409
2 0.0076277015020878025 0.6131488133179324 0.06938889894558997 0.6028565723234609 0.0776500851388846 0.6524240347551771 0.01588890025834644 0.6627162258053706
2 0.11437088301966014 0.6321321353984916 0.10540776789207484 0.5975635000874471 0.16044667962046333 0.5832943403143301 0.1694099115429708 0.6178627921374098
2 0.18086888622201513 0.7001886957536826 0.18258345689912403 0.7652916111479745 0.008309934371595773 0.769878377524393 0.006596664597623203 0.7047767386350796
2 0.2521646775009003 0.7599602452676419 0.2505467207985248 0.7211278602436637 0.3051392413964322 0.7188535802029394 0.3067574266116253 0.757685726221564
2 0.26306922600497273 0.786674293397654 0.31412777665514113 0.7946696767784857 0.29963734957880206 0.8871861483798437 0.2485788208981603 0.8791908607870842
2 0.1582040800054756 0.88671875 0.013671080113454082 0.88671875 0.013672033976263265 0.8339843750000001 0.1582030275510533 0.8339843750000001
2 0.068359375 0.873046875 0.095703125 0.873046875 0.095703125 0.9033203125 0.068359375 0.9033203125
2 0.078125 0.90625 0.119140625 0.90625 0.119140625 0.951171875 0.078125 0.951171875
2 0.05726682587692267 1.000008982612271 0.05642376268122007 0.967127857836819 0.09556066346840453 0.9661246469391079 0.09640391414006899 0.9990055797318077
2 0.248046875 0.9140625 0.283203125 0.9140625 0.283203125 0.966796875 0.248046875 0.966796875
2 0.25956962672353256 0.9662109404392782 0.26228984438228053 0.9879657186370568 0.2368090333670807 0.9911508286421765 0.2340889075612722 0.9693961339677019
2 0.1897355542673722 1.0000154218386654 0.18922274502165237 0.9769364054266394 0.2338620439670649 0.9759447868831282 0.23437500467298378 0.9990236477443595
2 0.3943355559040356 0.9671863494367777 0.4242193219682804 0.9572280478530024 0.4375001527754421 0.9970708487124372 0.40761641607718957 1.0070290878097146
2 0.384765625 0.890625 0.4580078125 0.890625 0.4580078125 0.9365234375 0.384765625 0.9365234375
2 0.43539064674814654 0.8052835267717483 0.43820023218165716 0.847414238960879 0.38090299201292055 0.851234103087891 0.37809373067921115 0.8091036976459649
2 0.38521684429065317 0.7296337646856517 0.4295258707685434 0.7322397244233874 0.4270474341250292 0.7743733120006203 0.38273840867850595 0.7717673648532382
2 0.433890363983096 0.6878077667001712 0.39494806301934204 0.6967932392885922 0.385007008184175 0.6537148933537023 0.42394896839687135 0.644729461865181
2 0.392578125 0.58203125 0.447265625 0.58203125 0.447265625 0.630859375 0.392578125 0.630859375
2 0.44921875 0.609375 0.484375 0.609375 0.484375 0.6435546875 0.44921875 0.6435546875
2 0.6782186736029416 0.9242080384922625 0.676367098597666 0.874218520080947 0.7311239205605489 0.8721908948869213 0.7329758561700146 0.9221800360722857
2 0.7201092110786931 0.935866943028245 0.7258425224391658 0.9989113374818002 0.6788238252397605 1.0031855939221785 0.673090986848706 0.9401416362663546
2 0.6699739961642308 0.9543822344532494 0.6394100164169458 0.960040711759006 0.6338926476609004 0.9302463562152289 0.6644563679693647 0.9245879035639435
2 0.6020705521370928 1.000083498471757 0.6014001083068479 0.9806426955167883 0.6326802544522252 0.9795642376336793 0.6333507866512491 0.9990049490409304
2 0.7246095159603101 0.8769531250000001 0.6796874708734322 0.8769531250000001 0.6796877271858648 0.8339843750000001 0.7246092678705054 0.8339843750000001
2 0.7265625070724582 0.7861325366566747 0.7256694099424976 0.8209656037071831 0.6875833071345596 0.8199891536314831 0.6884765625 0.785156249999953
2 0.6892113381524041 0.6783213222445746 0.7321557477674787 0.6772990048343643 0.7343993311649228 0.7715304617145679 0.6914549219461605 0.7725527684937161
2 0.67578125 0.634765625 0.724609375 0.634765625 0.724609375 0.666015625 0.67578125 0.666015625
2 0.650390625 0.62109375 0.67578125 0.62109375 0.67578125 0.6435546875 0.650390625 0.6435546875
2 0.6416015625 0.724609374999968 0.6405401695607225 0.7001989226122243 0.6658829437236591 0.6990971507556941 0.6669444006595313 0.7235075362388425
2 0.818359375 0.93359375 0.853515625 0.93359375 0.853515625 0.9990234375 0.818359375 0.9990234375
2 0.8619410828321179 0.8929011576931103 0.860324518170728 0.9203797266738626 0.8162445766005249 0.9177869138457031 0.8178612978671254 0.8903085115958221
2 0.875 0.8984375 0.904296875 0.8984375 0.904296875 0.9296875 0.875 0.9296875
2 0.820792231390783 0.8663816061783977 0.8761226950709897 0.8691474500122028 0.8736362492549006 0.9188766491515543 0.8183057869197228 0.9161108240453594
2 1.0000001848831062 0.9570312499999999 0.9687499896174359 0.9570312499999999 0.9687501142075234 0.921875 0.9999999947176548 0.921875
2 0.9992248572651761 0.97655538401666 1 0.9990234375000566 0.9689890100636376 1.000092858737998 0.9682139757434243 0.977624910144412
2 1.0013003548614279 0.7295401993722677 0.9999384615564395 0.7663099062232167 0.9685867703523172 0.7651487748455964 0.9699487899686119 0.7283791997214883
2 1.0000003426432613 0.8740234375 0.9765622461904968 0.8740234375 0.9765625228426416 0.767578125 0.9999999968274551 0.767578125
2 0.9510225974638615 0.7646367905466741 0.929813812618022 0.7630056227826005 0.9320427459038001 0.7340303888006788 0.9532513906638087 0.735661551153748
2 0.8652343146188741 0.7363279410426297 0.8652345245163815 0.7734374932037319 0.8144531231570227 0.7734375004495353 0.8144531296359219 0.7363281638512129
2 0.8147828145457652 0.722794215414007 0.8137256569625606 0.6879066792555747 0.8564774645396938 0.686611399258873 0.8575347772866735 0.7214987750606413
2 0.8046875 0.630859375 0.853515625 0.630859375 0.853515625 0.6640625 0.8046875 0.6640625
2 0.833984375 0.58984375 0.8671875 0.58984375 0.8671875 0.6220703125 0.833984375 0.6220703125
2 0.9571043971516247 0.6406946652519222 0.9561047131569467 0.5997031641162905 1 0.5986328125000223 1.0009998498294408 0.639624142104164
2 1.0000000550346613 0.5849609375 0.984374992137873 0.5849609375 0.9843750484825478 0.54296875 0.9999999986896455 0.54296875
2 0.8437499828152113 0.5136717502533306 0.8437501850079343 0.5703125082783008 0.806640645611651 0.5703124984953407 0.8066406170540859 0.5136719142016625
2 0.8366409326284838 0.49174337722171496 0.8394400242716529 0.41618128425215534 0.8957139089516204 0.41826577455652164 0.8929151222999963 0.4938275736984384
2 0.897412339674247 0.3935988306135669 0.8963076206266578 0.4167977462202569 0.8728303432624216 0.4156797983962644 0.8739350942523743 0.39248091660403606
2 0.9179686524347517 0.41308593660350545 0.9179688071200189 0.3632811690176188 0.9550781315770109 0.3632812926169995 0.9550780858161261 0.4130859517393357
2 0.861328125 0.322265625 0.888671875 0.322265625 0.888671875 0.3583984375 0.861328125 0.3583984375
2 0.9429929580855969 0.2880061335253454 0.9831731822644088 0.2926421588894013 0.975012848627216 0.3633652179513984 0.9348326270888947 0.3587292089359941
2 0.7978677583188301 0.39874503431509034 0.7963462476621999 0.3698366043153746 0.8239219945404557 0.3683852996915802 0.8254435491816139 0.39729368310900043
2 1.0000000668123903 0.48339843519627484 0.97100697831263 0.4843981306766278 0.9700304667402406 0.45607781844533846 0.9990234375 0.455078124999999
2 0.8266258474355936 0.1165909856604672 0.8177575963745767 0.17275654564092197 0.7799461261212173 0.16678631008213796 0.7888144143462341 0.11062079576476798
4 0.251953125 0.361328125 0.296875 0.361328125 0.296875 0.421875 0.251953125 0.421875
4 0.30634322906587386 0.9637078833866982 0.13620449103189003 0.9603723618158347 0.14499066280575335 0.5128578073332276 0.3151116690427216 0.5161931510103079
4 0.008270631850678 0.7092782825015784 0.005885140438749659 0.641643635651241 0.21160211331380196 0.634387441958812 0.2139889793477323 0.7020206630515295
4 0 0.58203125 0.025390625 0.58203125 0.025390625 0.6923828125 0 0.6923828125
4 0.05234204204919024 0.9451182063018412 0.07003875777763824 0.9729192831013882 0.02403712045827433 1.0021927703083346 0.006340660237015072 0.974391917920101
4 0.1023164220862327 0.8774736142388108 0.1750624953924671 0.8731100512393176 0.18254362808977476 0.9977977409427601 0.1097975617483371 1.0021612261651869
4 0.008122950789584138 0.8224886890108781 0.007485200254222946 0.7758896534444355 0.1108473731644608 0.7744749468504166 0.11148570158786697 0.8210733969796019
4 0.2587890625 0.4218750000000016 0.3061496616021486 0.4193825149329631 0.3120359802265966 0.5312231815753639 0.2646753828888677 0.5337156462119704
4 0.04982697718514828 0.4024586682915451 0.08175988224093089 0.41132840267911563 0.06474701684260253 0.47257476632875534 0.03281412667740824 0.4637050695988386
4 0.08629927097206291 0.2761082764231282 0.1490067855744428 0.29983463054713866 0.11463926601709318 0.3906631533976879 0.05193180860726443 0.3669369148922933
4 0.2461630501588843 0.12904886128177342 0.2661856736262962 0.15539420274862198 0.2249342874733884 0.1867452367753888 0.2049116999629632 0.1603999280940833
4 0.27929903237293274 0.2119454302362332 0.23669646637836195 0.21469396847473812 0.22692082996707086 0.06316992487855544 0.2695231264552831 0.06042139534614114
4 0.21308882981770694 0.1581899665071345 0.30474495285659486 0.23814396583685496 0.24321442150358052 0.30867872228359006 0.15155855655962114 0.22872499415505645
4 0.18026193946991498 -0.008444395083111664 0.21329273762853518 0.01137407438877192 0.17296645412022826 0.07858454693394697 0.13993566104909405 0.05876608578720027
4 0.1456194701139566 0.004200638252495383 0.16290525040255943 0.0497722032755954 0.08936662928101669 0.07766614337036509 0.07208087490153048 0.03209460007532576
4 0.3330078124828333 -8.413446428493999e-10 0.3334192543416066 0.020160608290957113 0.2855676902712503 0.021137170185719704 0.28515625 0.0009765625000261664
4 0.3451286726295848 0.04428996995360719 0.3767233652552022 0.02533318207009441 0.4063648928008661 0.07473576523946103 0.3747702082275737 0.09369254299837526
4 0.7123828662196274 0.11000000168972028 0.6027342919012426 0.09433593794713627 0.6151172206831461 0.007656259259354702 0.7247656127713071 0.023320309014252458
4 0.341796875 0.2734375 0.41015625 0.2734375 0.41015625 0.341796875 0.341796875 0.341796875
4 0.4951980259111224 0.3114541904970994 0.4600412675872576 0.27043894682750635 0.5041128256879119 0.23266335512881342 0.5392695166966632 0.27367849791636795
4 0.6295932068876482 0.1728919834494672 0.6680630366399782 0.17515488619534925 0.6646012931670384 0.2340045710011942 0.626131463733941 0.23174167237494597
2 0.7062519336474224 0.2748487943517407 0.7094799403417937 0.34585815511400697 0.6490577510921867 0.3486046170173277 0.6458299575724595 0.27759546250144734
2 0.664169199116941 0.3946959402335641 0.6627751500163868 0.35426711922682685 0.6980913870567065 0.3530494207237743 0.6994855147487442 0.39347815984897744
4 0.7321970567035123 0.40009812943347156 0.6953392589592795 0.36523385273187287 0.7911057286198684 0.26399535804516605 0.8279632382018463 0.2988593808264025
4 0.546875 0.408203125 0.63671875 0.408203125 0.63671875 0.5810546875 0.546875 0.5810546875
4 0.630859375 0.388671875 0.671875 0.388671875 0.671875 0.4248046875 0.630859375 0.4248046875
4 0.7549860991424566 0.4642347238129385 0.7588698618583294 0.5147173471157666 0.6768728370273038 0.5210247675879823 0.6729894075979246 0.47054245947486467
4 0.7446319490894666 0.549844654706557 0.7502163773650636 0.6168441588129646 0.6254312041654657 0.6272426780492479 0.6198475797498304 0.5602439123320156
4 0.46935785991672674 0.7569949127466139 0.47475716215694774 0.8190683184380156 0.3842385454174746 0.8269395318084467 0.37883997493395327 0.7648668078133171
4 0.3753793533556973 0.8007349675331554 0.33490327090316896 0.7976219827305722 0.3407630240272965 0.7214501262248533 0.381238389192049 0.7245630832317013
4 0.5111865904135584 0.6941092694581463 0.524674636540567 0.7377389736173923 0.4509623295372194 0.7605228713611647 0.43747472150130307 0.7168935411435925
4 0.6415408923851373 0.7737873668753424 0.639039010470583 0.8288514583226655 0.468226383025808 0.8210892893472913 0.47072935277640227 0.7660263229495754
4 0.43336139524751616 0.8687492269722267 0.4343645583584248 0.815628060331858 0.5202341532796027 0.8172491374869036 0.5192315866921717 0.8703697182622588
4 0.3521575078478918 0.8667110527824301 0.3550405532974992 0.8407724831029852 0.44314535226476437 0.8505627288433658 0.44026263551927514 0.8765009974864285
4 0.494177132708046 0.9356115893289838 0.49359125146429506 0.8562154789283942 0.6559069539525808 0.8550170467391606 0.6564945796453685 0.9344114019589606
4 0.6027951186711107 0.7940579637258862 0.6513992100647101 0.798475583577 0.6459241195788081 0.8587019104407715 0.5973200329378869 0.8542843243253909
4 0.7001955390256853 0.8320314242258625 0.6535282029044538 0.8362730612524127 0.6485016229918301 0.7809775101911997 0.6951683260465416 0.7767359021268311
4 0.6103547053684224 0.9785180733172262 0.5869137769640247 1.0019526016283347 0.5400368768811177 0.9550760259994127 0.5634775771230807 0.9316417259882039
4 0.43817453496524195 1.0003821573788483 0.4369852282280817 0.9325570412765077 0.5284451093131111 0.9309536183787543 0.5296353105529761 0.998777822182815
4 0.3496610358217822 1.0000162209789292 0.3489834335886144 0.961376512961009 0.4055720825882645 0.9603843763217962 0.4062500056118097 0.9990237573530809
4 0.9077071644251191 0.9385374703315297 0.9550631684659265 0.9444552507356261 0.947431099366213 1.0055121967780098 0.9000751052540181 0.9995944702380193
4 0.8276006130490714 0.8572115747594209 0.8294048802538327 0.7940932330697071 0.8744571640989989 0.7953808378622551 0.8726532647198155 0.8584988226688396
4 0.9155247263074671 0.7494537596482586 0.7976338879324203 0.7040214283213897 0.8975687434679003 0.44474406267834576 1.0154540797140044 0.4901751937331292
4 0.7810384239654695 0.41718787289382797 0.8391533117344352 0.4155736790144878 0.8418443075761388 0.5124499448687564 0.7837294202548719 0.5140641276083815
4 0.8613282825285751 0.413085950626901 0.8052394773626474 0.40841205475536757 0.8143926745151475 0.2985790747400875 0.8704808394518295 0.30325294450072515
4 0.7812501143725967 0.395507693107567 0.761718430489509 0.3759767732506309 0.795898334071012 0.3417969964740965 0.815429965957037 0.3613278640584228
4 0.9218749958896524 0.0009765194790526367 0.9272588065493892 0.057326731637287485 0.7663322181647345 0.07270187553964823 0.7609484631979058 0.016351713322463313
4 0.8687338813892893 0.04097282578044523 0.9331923676618317 0.047757875149258396 0.9132866010685348 0.2368631971142427 0.8488281174981012 0.23007817617910595
4 0.7527007017845335 0.16294551446625075 0.8177064655665163 0.14734434743997374 0.8425089932062519 0.2506885195982818 0.7775032496202812 0.2662896342456123
4 0.81640625 0.126953125 0.853515625 0.126953125 0.853515625 0.1787109375 0.81640625 0.1787109375
4 0.7654521573185775 0.09018079196389804 0.7852858856555258 0.08885855011557041 0.7899699241335156 0.15911919294309895 0.7701361959899486 0.16044143302614025
5 0.13476562506093615 0.0009765541591775448 0.13451652217236187 0.03510453801426552 -0.0000138399350362306 0.03412255979463005 0.00023527512666987604 -0.000005410724042700067
5 0.05845636880349048 0.019169459240884333 0.09981157917525252 0.031106959167390754 0.014443161570397933 0.3268475075762377 -0.026912004906535003 0.3149100997193548
5 0.027235875436986134 0.22149339697471887 0.19641703009483535 0.21105074854562422 0.21887039781290696 0.5748027570909441 0.04968926810681751 0.5852451706467575
5 0.13273793473911155 0.2636855913356901 0.10218488560383321 0.2426381420796782 0.17122809868112654 0.14241469446316055 0.20178098146175216 0.16346206323291584
5 0.04669450583855905 0.5517046802208423 0.0625 0.5810546875000154 0.03012208248378556 0.5984888849299218 0.014316698095285574 0.5691389720030668
5 0.203125 0 0.359375 0 0.359375 0.9990234375 0.203125 0.9990234375
5 0.7477869445299348 0.359510272086867 0.7853338426689334 0.35926570784556344 0.7895012179010337 0.998995138034639 0.751954319866627 0.9992396869322453
5 0.7936919180382347 0.34658586823182974 0.7676454069156762 0.2714651107080694 0.9910782696122169 0.19399591966957888 1.0171251073461463 0.2691158774582612
5 0.772023401981528 0.26034078553087103 0.7015043502990466 0.2617511539706044 0.6962862163242107 0.0008203665696479733 0.7668044236877449 -0.0005899926776790055
5 0.9082031227377456 -2.0448590752311445e-9 0.9082031262789769 0.024414061969326318 0.7636718721105353 0.024414059663640054 0.7636718751515446 3.07407289438881e-10
5 0.6299124989068332 0.10910973425788723 0.6387575982693079 0.17544426825837883 0.4237003667138879 0.20411913751099256 0.41485563685034776 0.1377849097742111
5 0.91015625 0 1 0 1 0.1259765625 0.91015625 0.1259765625
3 0.6308930622187745 0.09220096464609374 0.7038774704031994 0.09042087855125583 0.7080263910106623 0.2605273705369222 0.6350419833660226 0.2623074485301383
3 0.498574351139041 0.04002479189015524 0.497833031758546 0.012595493414824958 0.6229527832689428 0.009213909395373174 0.6236941153445059 0.03664319740833554
5 0.5126950462640707 0.3066403356256185 0.537803775508678 0.3339312126950364 0.4626575943740363 0.40306594985126204 0.4375490191097242 0.3757752224674139
5 0.33794917171917405 0.42806171603928106 0.3337373138451767 0.3967067505279468 0.42290496970429103 0.3847294434047149 0.42711697417212235 0.4160842347552957
5 0.47685615968782713 0.36426246675756974 0.4633469256252738 0.2741985595652729 0.6330631505152269 0.24874216225099446 0.6465729833299747 0.3388053450601098
5 0.7819221562164103 0.27009132551891674 0.7877179000396382 0.33384027110316083 0.7079439239084877 0.3410924557167695 0.7021484375 0.2773437500000008
5 0.009977857694707382 0.8359480764009131 0.009631627770772866 0.812033839039617 0.1520664371556677 0.8099710287864624 0.15241308814040622 0.8338848389247369
5 0.03808597351201115 0.7802734374999999 0.009765595052613207 0.7802734374999999 0.00976564371751465 0.767578125 0.0380859375 0.767578125
5 0.15575585924125335 0.7588857184764882 0.15895755485644258 0.7962240365238211 0.04616990594161052 0.8058925053187067 0.04296875 0.7685546875000253