2 0.42968735066017416 0.6484345119048648 0.4296956086255932 0.9990264854811968 0.24414093330165088 0.9990234005263658 0.24414059858588644 0.6484388345984936
2 0.7968750115445573 0.6943350941176396 0.7955784100054188 0.7890580102825918 0.7213995370290149 0.7880419712134726 0.7226969177962701 0.6933198339849101
2 0.775390625 0.892578125 0.8046875 0.892578125 0.8046875 0.9658203125 0.775390625 0.9658203125
2 0.71484375 0.92578125 0.736328125 0.92578125 0.736328125 0.98046875 0.71484375 0.98046875
2 0.6545810027504331 0.9710251597144529 0.6313189798756866 0.9722936587580773 0.6280592251994221 0.9125283373881938 0.6513208468574021 0.9112598493562213
2 0.630859375 0.9990234374999828 0.6308594988496452 0.9765624738588597 0.654296919621288 0.9765625996032908 0.6542968749998863 0.9990234840542154
2 0.7168051496410044 0.9797091023400735 0.6932549152102183 0.9805810951355687 0.691229677209094 0.9258962661702977 0.714779537726713 0.9250242803075159
2 0.7342689586771485 0.8692514594537554 0.7791686673514278 0.8682539487118434 0.7812943272746224 0.9639098616049309 0.7363946191098876 0.9649073590482198
2 0.14243312400469677 0.9550317783905544 0.14296265941561614 0.9872980055996304 0.08012695315437668 0.9883284952215493 0.07959772277240518 0.9560625683336641
2 0.080078125 0.9140625 0.140625 0.9140625 0.140625 0.94921875 0.080078125 0.94921875
2 0.08012824100615035 0.9133885884107977 0.07934756025611023 0.8782492362522373 0.1405584744046564 0.8768895241486773 0.1413394420419536 0.9120285834923006
2 0.15810539137157775 0.7831074099977807 0.1585637641055655 0.8156167985230287 0.08026142686549065 0.8167201659296323 0.07980336908076424 0.7842110900172065
2 0.833984375 0.609375 0.953125 0.609375 0.953125 0.9990234375 0.833984375 0.9990234375
2 0.833984375 0.61328125 1 0.61328125 1 0.9990234375 0.833984375 0.9990234375
2 0.35156241615015915 0.6054684815952988 0.35156266908029465 0.6435546794593874 0.29687504770879514 0.6435547891123128 0.29687499273381945 0.6054687886745735
2 0.1309166880345174 0.3289373789467211 0.21939496385448365 0.33018348407081877 0.21689101300910352 0.5079650500776116 0.12841273748881576 0.50671895908758
2 0.12890569423336729 0.32910156037322613 0.12890662583163248 0.1679682255301208 0.2207033648127208 0.16796879402563178 0.2207029756615384 0.32910161682269273
2 0.2421875 0.279296875 0.30859375 0.279296875 0.30859375 0.38671875 0.2421875 0.38671875
2 0.244140625 0.384765625 0.30859375 0.384765625 0.30859375 0.509765625 0.244140625 0.509765625
2 0.12890757169020617 0.5087890624999999 0 0.5087890624999999 0.000002555181254138006 0.24609375 0.12890623509395027 0.24609375
2 0.3276023131937791 0.021444360671561195 0.3281776339925955 0.08490734727049401 0.000575145874449845 0.08787676977204864 0 0.02441406249999695
2 0.00006193710260049556 0.021487137117755434 -1.1368683772161603e-13 0.0009765624999960366 0.32807481525992443 -0.000014263816636714462 0.3281367638644497 0.020496320469683502
2 1.000063852563926 0.2954462656134842 0.9150727390233442 0.29602442918571775 0.9140295241833201 0.14261156548958454 0.9990197301726766 0.142033405089776
2 0.9140625 0.287109375 1 0.287109375 1 0.4169921875 0.9140625 0.4169921875
2 0.8985614562179762 0.48382305208850734 0.7213973895753725 0.48458667999007227 0.719312540556075 0.00006913411623542719 0.8964687216563334 -0.0006944745494857947
2 0.3444990523943261 0.0010208208703492679 0.6957005504422114 -0.003902408094348114 0.702833665221533 0.504937334053797 0.3516321837985288 0.5098604742749749
5 0.9994068524197246 0.48976094175257606 1.0030238728393215 0.6415088861984292 0.0021659180514461696 0.6653229482334179 -0.0014374535336401095 0.5135902196268125
5 1.000000726719236 0.5517578125000001 0.9316401085170583 0.5517578125 0.9316406618912652 0.41992187499999994 0.9999999834838036 0.41992187499999994
5 0.21875095330517524 0.9990234375 0.1757806321654698 0.9990234375 0.17578282820784352 0.6171875 0.21874917837965313 0.6171875
5 0.059867223280321014 0.867728181097353 0.0198562074020856 0.8666371468996367 0.02652261164985248 0.6222522134979572 0.06653131448717886 0.6233432152839498
5 0.0234375 0.9990234420385995 0.023438015822534908 0.9355467412400896 0.058593937664340956 0.9355470632253482 0.05859375 0.9990234375000044
5 0.5253879370463892 0.6699210026010068 0.5253909600203315 1.0000015564964364 0.44531221353918227 0.999999938546827 0.4453125099976205 0.6699226119747356
5 0.6501957036238082 0.6427075296763151 0.688351481785503 0.6422560816432841 0.692580021362005 0.9995817265587327 0.6544242435834349 1.0000331547616514
5 0.5041866066188732 0.6305712059784009 0.5036308809038701 0.5866203658398289 0.6851678855643968 0.5843241548809682 0.6857243405412419 0.6282742517380978
5 0.5070793064035115 0.7192880324915141 0.4604854841742281 0.6839941362525624 0.5259792166318675 0.5975437205911455 0.5725723668169849 0.6328372368223526
5 0.6037523566142227 0.6175990196829957 0.6491393461423058 0.5843194653862498 0.7040910194732533 0.6592542737849415 0.658704286840134 0.692533527917662
5 0.3515635164080777 0.509765625 0.25390486645687815 0.5097656250000001 0.25390700905097674 0.12109374999999994 0.35156233010445703 0.12109375000000006
5 0.33681878356651396 0.12390432605805222 0.33122145291520155 0.1742806824835846 0.21503424506170177 0.16137096774657586 0.22063168508918807 0.11099473898662679