7 0.9392534984181111 -0.0001938073143916634 0.9397269143423728 0.3816218151398217 0.00046238818970323337 0.3827711185827138 0 0.0009765625000350247
7 0.9524844062415241 0.40281591335390016 0.8422460945641888 0.3991001023203487 0.8498911778636966 0.17233442261513623 0.9601272895180273 0.17605019640456923
4 0.9133587767761355 0.0001775898410239753 0.9924266843023588 -0.008179118636778063 1.024497663581542 0.295262414555053 0.9454297701208816 0.3036190657454789
4 0.0002717251701369605 0.5804014797873973 -0.0035925042737972035 0.478589324155014 0.23634363522103286 0.46948207128884856 0.2402097479458689 0.571292265146234
4 0.0748907155592633 0.6653114962700251 0.01964797603147872 0.6582600006101755 0.03375306503573938 0.5477764257123281 0.08899468002641697 0.554827848622787
4 0.16996800051833816 0.3772653731116421 0.16467734376703902 0.2756521834043385 0.457867337525272 0.26038554176107054 0.46315936418307047 0.36199734111595616
4 0.25723916397112134 0.5249556821041175 0.22250151485332026 0.5239632420901126 0.22688131386860277 0.37068435439835873 0.26161823931659 0.37167678409214844
4 0.3518291435117362 0.5104676674328115 0.31109307542726583 0.5110943422954214 0.3087077410511938 0.3560228614542631 0.34944296337982905 0.35539619316052024
4 0.3586689856491603 0.5080986141580884 0.35695202812246407 0.5682063441379901 0.2399157148250879 0.564862831526672 0.2416332310016287 0.5047556887993148
4 0.4487961820856299 0.3240643808929079 0.5112517222700035 0.306716482309386 0.5472500134766278 0.436311655524537 0.4847945284504931 0.453659418866466
4 0.7254597202703508 0.3355735996685753 0.7199779378249787 0.42603304595941177 0.5104013217384136 0.4133316791822699 0.5158841163995476 0.3228733301141191
4 0.9410027972234047 0.41825983648447246 0.9484642918953341 0.6493776464770514 0.4898269457122524 0.6641696140933689 0.48237447218821217 0.43306044292611906
4 1.0000855537296047 0.5945446700781559 0.8971149241482408 0.5951073111106404 0.8960560405940896 0.400953256834192 0.9990234375 0.4003906250000003
4 0.3283271875086484 0.6781729610053747 0.3275542516735186 0.5906338637014974 0.5423453111261551 0.5887364149077288 0.5431200456816896 0.6762736821735718
4 0.8439416832319466 1.0000061677867214 0.8436513785734405 0.9630217713116708 0.9684590270348963 0.9620416689876161 0.9687500152376742 0.9990253741055286
4 0.5292299273220351 0.8536334468212453 0.5742658093728323 0.8525614332035131 0.5766731621516783 0.9536712143534967 0.5316372806206573 0.9547432130559905
4 0.46867038579569 0.9688460692786889 0.46535571477795656 0.9323929923077453 0.5137833944625072 0.9279906320714923 0.5170982949131258 0.9644434530031046
4 0.9140625 0.892578125 0.953125 0.892578125 0.953125 0.9716796875 0.9140625 0.9716796875
2 0 0.373046875 0.046875 0.373046875 0.046875 0.4287109375 0 0.4287109375
2 0.0009793459723823617 0.3708175944046222 0.06731964217374298 0.37148766009333783 0.06632614842794737 0.4698441171348919 -0.000014147664501251711 0.46917405568978165
2 0.1300385001087534 0.4195416037706333 0.08337053344951073 0.41643053804896035 0.08864252732632849 0.33735483456131954 0.13531006960795366 0.3404658860972628
2 0.47609433770958276 0.36427562782309764 0.4790030105613141 0.4369724381647252 0.35264211428670933 0.4420272349105236 0.349734026298961 0.36933098810121473
2 0.259765625 0.37109375 0.31640625 0.37109375 0.31640625 0.4228515625 0.259765625 0.4228515625
2 0.458037828865713 0.43866978064428824 0.45942824226960965 0.4699450325527935 0.35169824427600815 0.47473356381647336 0.3503080757935777 0.4434585462483273
2 0.4853063335267507 0.4770365629553846 0.4871419557076706 0.5375875397265228 0.35971368860077746 0.54144928266077 0.3578786825374891 0.48089890141959307
2 0.34911358104841383 0.5575569972022991 0.4825272558666711 0.5408819801181123 0.4878156996828693 0.5831898020165749 0.3544020377240713 0.5998647571294361
2 0.35146075881118577 0.5702138720452539 0.35243728641319194 0.618026003325127 0.24418292116172324 0.6202359382553531 0.24320687230044769 0.5724242727138338
2 0.16217905727205562 0.6192083922426986 0.1615778473883438 0.5764955162677893 0.24381256310311983 0.5753379885633824 0.24441408836560186 0.6180505445733311
2 0.15234355238942499 0.6054685139452661 0.1523438759390956 0.6611327705160895 0.09179687474590992 0.6611328198812527 0.091796877113552 0.605468891462597
2 0 0.58984375 0.037109375 0.58984375 0.037109375 0.6669921875 0 0.6669921875
2 0.6655673668016107 0.628858118850494 0.6607965490049992 0.5763793333117506 0.7580044471166048 0.5675429883981272 0.7627756849851721 0.6200213048700428
2 0.7823305879094278 0.47549668631099534 0.7740876754025976 0.42721836676073055 0.8493516450579364 0.41436874734286727 0.8575947541100959 0.4626468122524399
2 0.9259855845174343 0.38304713389356854 0.9437400317699485 0.43157283632690707 0.8753833561876263 0.45658133311319465 0.8576291747391451 0.4080558558033128
2 0.6449365376748801 1.0001180224636514 0.6441055005662975 0.8857415800763776 0.8416296964358025 0.8843052992569933 0.8424639486740944 0.9986785274432154
2 0.4238281249998863 0.9990234430862297 0.42382981767354977 0.884764669647068 0.48632879705053256 0.8847656724270567 0.486328125 0.9990234374999498
2 0.06241578232629763 0.8417149336348482 0.06302882550244249 0.8778544947055152 0.0006127425840531942 0.8789127009307678 0 0.8427734375000562
2 0.13873256009799206 0.39261353411059235 0.13818430478318078 0.34818043388526754 0.23599421088010786 0.3469735041782114 0.23654270857855408 0.3914063562043454
5 0.9999964636812138 0.6825483124944114 1.0054931032306058 0.7895951643332985 0.0007148998304273846 0.8411030032610278 -0.004768717359638686 0.7340675374707931
5 0.9374980521099587 0.9990243491119307 0.9375002050059038 0.7734368070253046 1.0000002727754236 0.7734377158768595 1 0.9990234375000445
5 0.07618646436537801 1.0000088144435566 0.07564083365627994 0.8171671922198934 0.4218001783304999 0.8161280445711486 0.422354432675661 0.9989613488828227
5 0.670737914635879 0.8545800538425655 0.6662255142316553 0.9944940358883089 0.5699278966357042 0.9913873613740828 0.5744421184435851 0.8514752423326087
5 0.6171875 0.81640625 0.962890625 0.81640625 0.962890625 0.9521484375 0.6171875 0.9521484375
5 0.3434115170315408 0.6165350423592256 0.34711343997935273 0.7201296978582502 0.15065560421794544 0.7271459315266859 0.14695583550440006 0.6235533488000684
5 0.9765620804924993 0.5917955631885429 0.9765633012837043 0.7050785575031083 0.689453033423888 0.7050777294971317 0.689455029283863 0.5917981686787482