4 0.21875050594951517 0.32226562499999994 0.052733756639213425 0.3222656249999999 0.05273516392912825 -1.4908850069360235e-16 0.2187489741849049 -7.454425034680117e-17
4 0.0009765613211811797 -7.60524047717342e-12 0.04148646810472201 0.0002613535042686537 0.04044121481865659 0.16227577920198588 -0.00006869195692615904 0.16201442624104576
4 0.0009784260854530658 0.27130318249430374 0.05725063566501376 0.2718832889364726 0.056253529200944286 0.3686030318432152 -0.000018680324501474388 0.3680229281457939
4 0.02660582988767146 0.4019941258150161 0.05765457650522876 0.45787862531199475 0.012216458874604541 0.4831217837892551 -0.018832059241049137 0.42723748150533103
4 0.06323950696867087 0.4700398984210672 0.040550691324028776 0.3405781749423641 0.21548898264609306 0.309920374098236 0.23817886680706124 0.4393807582071077
4 0.1556397111928618 0.6096365253817148 0.11034212488618778 0.6642206178307686 0.03670810002927283 0.6031203477862682 0.08200540710618043 0.5485367296027243
4 0.14316397165521266 0.6765620999122853 0.1677737916749038 0.6683601130003117 0.19042993919742912 0.7363291565594096 0.16582014915491072 0.7445310801043652
4 0.14993349355449936 0.5168915824226941 0.18253660717255116 0.5183733819008804 0.17585777311569473 0.665308843283708 0.14325466083118954 0.6638270634330988
4 0.2949221411226972 0.5029296875 0.24804665387011937 0.5029296875 0.2480469018939857 0.421875 0.2949218650204557 0.421875
4 0.193359375 0.478515625 0.21875 0.478515625 0.21875 0.5712890625 0.193359375 0.5712890625
4 0.2949217585188535 0.5390619365255862 0.29492204671282707 0.5703122629058042 0.19335937777998424 0.5703126393220264 0.19335935784431513 0.5390625815640843
4 0 0.8515625 0.03125 0.8515625 0.03125 0.9990234375 0 0.9990234375
4 0.23242193405530998 0.9521481422914819 0.22175239249258993 1.0054832187581728 0.17292438924778253 0.9957177210095491 0.1835942227697842 0.9423830352862754
4 0.2520421612161954 1.0000161320305117 0.25131179770960443 0.9598300292306442 0.30640696406806 0.9588289189405655 0.3071376519601472 0.9990146915353602
4 0.31567278966269896 0.8329576239977797 0.38137527972696716 0.7749979151625916 0.44378744526215996 0.8457331961819281 0.3780856073931318 0.903692210614367
4 0.19120823076707438 0.6876303004940151 0.21809840702599104 0.6865100536428562 0.2204611001301373 0.7432149890494703 0.1935709242984558 0.7443352289702169
4 0.1560969463669153 0.8279259782307334 0.13103625770952476 0.8062108335561526 0.16783420959279738 0.7637520297614816 0.19289469685713811 0.7854670273683776
4 0.4647031468905425 0.39714812055570947 0.41615202972195675 0.40425294894497293 0.39174904388255527 0.23749740275306525 0.44029937696325305 0.23039263293056483
4 0.45075356951610956 0.5523227929115558 0.352560494844397 0.5474135007955534 0.3588665212447495 0.4213127540366675 0.4570577620180529 0.4262220002363873
4 0.41839538698081924 0.6896267167626524 0.4421524695375183 0.729903476032525 0.371219160390865 0.771735859091155 0.34746250112402777 0.7314594673472727
4 0.75 0.8984375 0.859375 0.8984375 0.859375 0.984375 0.75 0.984375
2 0.24079010182299498 0.06133999530837549 0.19433593225141976 0.01953125091984645 0.222499784166871 -0.01176190941930395 0.26895394519169713 0.03004682813174149
2 0.20594757863113955 0.21311218564237835 0.20464009760667068 0.1202606391066691 0.2928982544806331 0.11901785869917811 0.29420593881081913 0.21186919723148667
2 0.2949219246611392 0.24414062499999997 0.23437499359181402 0.24414062499999997 0.23437506194545676 0.21289062499999997 0.2949218610948492 0.21289062499999997
2 0.21484375 0.248046875 0.294921875 0.248046875 0.294921875 0.3544921875 0.21484375 0.3544921875
2 0.078125 0.3310546875000373 0.08295808705690888 0.28997569130570333 0.12318700774812896 0.29470862637569434 0.11835400755944647 0.3357875436141182
2 0.05814502129067023 0.3381279296789551 0.09900233002099412 0.33131865032930863 0.10684122417569597 0.3783521307362181 0.06598391981208351 0.38516139233480756
2 0 0.390625 0.013671875 0.390625 0.013671875 0.4287109375 0 0.4287109375
2 0.13555194430659867 0.5427303288208818 0.08431759420773233 0.5370380400519096 0.09351192079486736 0.45429230613358224 0.14474563127009787 0.4599845591247568
2 0.10151638395154805 0.44688647602902865 0.10375691265937803 0.41776194411677187 0.13138789262256978 0.41988746503593855 0.12914742094903886 0.4490119432456502
2 0.24804678763564425 0.4335936599469379 0.24804688569759037 0.4697265595351732 0.21484375475790785 0.46972657553873176 0.21484373927546585 0.43359375880782763
2 0.2147208447789808 0.4814185562636517 0.2574647528387004 0.4800829208170473 0.25961127551602203 0.5487720051629261 0.2168673677743982 0.5501076333898214
2 0.19546277235042453 0.45680595636280447 0.18043867809240055 0.45981059150632914 0.17735874975585375 0.4444108818927785 0.1923828125 0.44140624999999467
2 0.21822736175795399 0.45860427654758046 0.22110976730061793 0.47685807820009923 0.20014799953310103 0.48016783652183026 0.197265625 0.46191406250004563
2 0.18164064297957339 0.5126953139981879 0.17016430572402896 0.5117390245801184 0.17213766292275068 0.4880590142788349 0.18361395898671162 0.4890153019762167
2 0.0009765598739477355 0.5039062499249756 0.009842093406291497 0.5041595295780451 0.008865533503467304 0.5383392164653918 0 0.5380859375000008
2 0 0.578125 0.013671875 0.578125 0.013671875 0.6083984375 0 0.6083984375
2 0.13964843749897682 0.6328123271522129 0.1396486654390401 0.671874936905445 0.08984376253249593 0.6718750038048895 0.08984372798454388 0.6328125872789547
2 0.14648449231970062 0.59765625 0.10156239987384197 0.59765625 0.10156251854198217 0.5664062499999999 0.14648436286347533 0.5664062499999999
2 0.23828125 0.5703125 0.2890625 0.5703125 0.2890625 0.607421875 0.23828125 0.607421875
2 0.27526364109610313 0.6190235625129404 0.2764047065692239 0.6464012875892762 0.22473633291588158 0.6485542885275194 0.22359540945240042 0.6211767000695884
2 0.234375 0.646484375 0.275390625 0.646484375 0.275390625 0.6845703125 0.234375 0.6845703125
2 0.27893553742046606 0.7324541027700884 0.23823786894729437 0.7303124436849038 0.24074697924584143 0.682644305085497 0.2814442294560422 0.6847859531339784
2 0.109375 0.6904296875 0.14453125 0.6904296875 0.14453125 0.7275390625 0.109375 0.7275390625
2 0.029296863354943525 0.6640624060606701 0.029296921699256018 0.6787109019156143 1.908233571157325e-9 0.6787109551858681 -1.2549435268738307e-8 0.664062503249943
2 0.369140625 0.548828125 0.435546875 0.548828125 0.435546875 0.65625 0.369140625 0.65625
2 0.35546875 0.685546875 0.384765625 0.685546875 0.384765625 0.724609375 0.35546875 0.724609375
2 0.4186322715517008 0.6755468756599786 0.42207034367527285 0.699609361454967 0.3966406486010783 0.7032421875180319 0.3932026487706253 0.6791797667699586
2 0.4277344840338628 0.4335937500000001 0.3769530400753638 0.4335937500000001 0.37695317847078513 0.39062499999999994 0.42773434696277945 0.39062499999999994
2 0.407226560247409 0.4355468186911473 0.4080503470243002 0.45613890449624156 0.38121820492381175 0.4572122131054227 0.3803944571585589 0.4366201648273644
2 0.373046875 0.462890625 0.40234375 0.462890625 0.40234375 0.494140625 0.373046875 0.494140625
2 0.39843749352849045 0.24804682483353654 0.3984375825683628 0.31250001954908174 0.36328124467627276 0.31249999076164514 0.3632812522532731 0.24804689221229984
2 0.349609375 0.322265625 0.3984375 0.322265625 0.3984375 0.3896484375 0.349609375 0.3896484375
2 0.4531249917347395 0.1308591722217517 0.4531251233011062 0.1757812134495624 0.3554687714870397 0.17578133134424326 0.355468742092512 0.13085939098276647
2 0.4687811471973191 0.2090148792408129 0.4681953954648179 0.1533463574902018 0.5663545411515543 0.15231346652822034 0.5669404417345731 0.2079818376420645
2 0.5664063067927145 0.23925781249999997 0.4960937074221192 0.23925781249999997 0.4960937899128339 0.20898437499999997 0.5664062439151394 0.20898437499999997
2 0.4768461799653778 0.2695596934852113 0.4765126233586443 0.23852320876991248 0.5702517751792584 0.23751565236175598 0.5705854424999188 0.2685520271581589
2 0.5702799350609666 0.26949900082877287 0.5707270578574253 0.3101666245510475 0.47896258118419155 0.31117526868558987 0.478515625 0.27050781250002526
2 0.46875 0.314453125 0.5703125 0.314453125 0.5703125 0.359375 0.46875 0.359375
2 0.4843165695585867 0.3749639861238378 0.4845162589805341 0.3583997290342001 0.570347090438986 0.3594342709162188 0.5701474814330822 0.3759984479259823
2 0.5682713453802535 0.4078295970471677 0.5169448225769884 0.40605979781259216 0.5180258428187017 0.3747123800060048 0.5693521753555615 0.37648217597472955
2 0.48069410117193456 0.40640023575360984 0.47968712629381116 0.3751827077709189 0.5185830863086949 0.3739281101815131 0.5195901310429463 0.4051455653194088
2 0.529296875 0.41015625 0.5703125 0.41015625 0.5703125 0.435546875 0.529296875 0.435546875
2 0.5703629719629362 0.43755201633804003 0.5698330635594857 0.46776488679424505 0.5094417160574949 0.4667055418808717 0.5099717476094838 0.43649279635709226
2 0.50390625 0.50390625 0.578125 0.50390625 0.578125 0.53515625 0.50390625 0.53515625
2 0.5486104739467237 0.5623105702056685 0.5507206127474547 0.5925504975067782 0.5041175683946904 0.5958019658701507 0.5020075620032003 0.5655621633924661
2 0.5042497977602807 0.623063982188126 0.5034700425711662 0.5942104014143751 0.5465656230328477 0.5930458561943681 0.547345490192015 0.6218993220205482
2 0.498046875 0.623046875 0.57421875 0.623046875 0.57421875 0.728515625 0.498046875 0.728515625
2 0.5764800057983166 0.8494240211704716 0.4727463354211068 0.8531280540020229 0.4703660897919235 0.7864581201238088 0.5740980376604057 0.7827541180729808
2 0.5761736825273829 0.9990234375 0.4707007862185719 0.9990234375 0.47070327117080524 0.8496093749999999 0.5761718388502004 0.849609375
2 0.220703125 0.79296875 0.283203125 0.79296875 0.283203125 0.9453125 0.220703125 0.9453125
2 0.2341930730902959 0.9080412448419247 0.23626150626876097 0.9431909008605106 0.19561566112179207 0.9455818983994129 0.19354744074416885 0.9104324439266387
2 0.37109375 0.869140625 0.435546875 0.869140625 0.435546875 0.9990234375 0.37109375 0.9990234375
2 0.10027532088338376 0.8829485215851669 0.09889673193765702 0.8402131818107977 0.1459117261731535 0.8386968945161918 0.14729056996532108 0.8814319694314056
2 0.13671892601348645 0.9277343749999999 0.10156238558988662 0.9277343749999999 0.10156260446080978 0.884765625 0.13671872743429958 0.884765625
2 0.10411460478508161 1.0000121790789522 0.10336943162826628 0.9769136727432911 0.13446101973238456 0.9759109051281613 0.13520629733284295 0.9990093035468008
2 0.14327201833737035 0.8383548644682653 0.10480193472938026 0.8351496682629996 0.10880271022801935 0.7871434384105606 0.14727233755490943 0.790348615512654
2 0.692366554362593 0.9066910785641613 0.7382071913606296 0.9061983075542139 0.7392049652131618 0.9989925128748471 0.6933643282941375 0.9994852772658503
2 0.7500731209256628 0.8574915226867097 0.7492107291961929 0.8221171851684832 0.8357157189786903 0.8200084303710303 0.8365784924134232 0.855382376769899
2 0.7500430341580113 0.857463695859375 0.7489851908917444 0.7844196623982407 0.8377905474508225 0.7831338781890842 0.8388491913057123 0.8561770904450584
2 1.000000778861363 0.8330077993015121 0.9088579367794409 0.834552294348659 0.9078818809040285 0.7769351091643121 0.9990234375 0.7753906249999997
2 0.919921875 0.9990234375000003 0.9199221330804903 0.9765623051552372 0.970703211418936 0.9765627885622595 0.9707031249988631 0.9990237491491043
2 1.0000000259102535 0.9697261738797752 0.9977787819344712 1.0030418278526858 0.9149436914839271 0.9975198378909855 0.9171653194151759 0.964204596255094
2 0.9871221302094 0.5897889602779153 1.030538751473614 0.6306080227194677 0.9622627701666033 0.703219120696381 0.9188465346556995 0.6624004568381043
2 0.748046875 0.662109375 0.8515625 0.662109375 0.8515625 0.724609375 0.748046875 0.724609375
2 0.6835935538849753 0.7236328134098347 0.6835937711600764 0.6738281097015085 0.7128906872649168 0.6738282635149752 0.712890625 0.7236328124999862
2 0.6330987639602199 0.6719602659074364 0.6325607465238363 0.6552814421900705 0.6678063136589572 0.6541446228492609 0.668344388476271 0.6708233872375454
2 0.6634122218367793 0.6561936231613824 0.66796875 0.6826171874999587 0.6338275515289524 0.6885036326432391 0.6292711292377362 0.6620801621309172
2 0.6679687358114279 0.68554672715784 0.6679689359366421 0.7265624858376123 0.6328125308863264 0.7265625031495442 0.6328124857229795 0.6855468990108865
2 0.6328612782418759 0.658250340701795 0.6322654404888226 0.6218867993889216 0.7069441482516368 0.6206631319758601 0.707540246163262 0.6570264096561348
2 0.6328473354386688 0.5781590411134899 0.6322626769394901 0.5284178218228978 0.7265276413311312 0.5273097211611902 0.7271126905309302 0.5770505471007992
2 0.6328500196107143 0.6055053424443599 0.6325163971170014 0.5791293775747519 0.7167590204714998 0.5780637117284081 0.7170928406941357 0.6044394761816969
2 0.6290124627790874 0.2957436599769126 0.735894505242868 0.29716868293174553 0.7327825697417438 0.5305646231773815 0.6259005273093408 0.5291396213419717
2 0.6289056811931459 0.2978515598969493 0.6289063167979521 0.16796849303589312 0.7324219362807298 0.16796895029988093 0.7324217650301534 0.297851585208638
2 0.746015501388456 0.10674899664257641 0.8456876378518245 0.10534517993954265 0.8477375979894077 0.25089289163274914 0.7480654614083733 0.2522967028773011
2 0.8476558289905824 0.39843687831229707 0.8476562667575536 0.4501952463192637 0.755859497987899 0.4501955829781163 0.7558593672863481 0.39843752084864115
2 0.8223982896909092 0.3966059825596988 0.8214180432247531 0.3740602419039211 0.8492187374382638 0.37285157216660875 0.8501990190011384 0.3953972759156333
2 0.755859375 0.451171875 0.83203125 0.451171875 0.83203125 0.478515625 0.755859375 0.478515625
2 0.8256255355669282 -0.0000072962363936360505 0.8262055305467584 0.034212222999873705 0.767628607471238 0.03520504987030583 0.7670486184662195 0.00098553726101854
2 0.7343750013762929 0.02734375 0.7099609356836254 0.027343750000000014 0.7099609375 -1.5530052155583578e-17 0.7343749999490683 -9.318031293350147e-18
2 1.0000059942753978 0.44907920575749904 0.9688102710156272 0.44929141325261374 0.9678282316735931 0.3048997057347449 0.9990234375 0.30468749999999994
2 0.999108075635263 0.47655876637533257 1 0.497070312500049 0.9749115847332632 0.49816113303882925 0.9740197001615343 0.4776496250972741
2 0.364082700498102 0.19839036753800904 0.41111934500315783 0.20231002938713316 0.4076576022877134 0.243850965079561 0.36062095848490117 0.23993130873958357
5 0.021280104310676506 0.00007345154553859223 0.0594061403703563 -0.000820120136678991 0.06659657368356875 0.3059724171429347 0.02847053788298126 0.30686598248797126
5 0.08014375695302078 0.998951075208659 0.004811264164459317 1.0004758313290998 -0.008292911686794469 0.35281756461202934 0.06702907431088079 0.351292917961882
5 0.296875 0.064453125 0.353515625 0.064453125 0.353515625 1 0.296875 1
5 0.5565547968685678 0.0011143722198053733 0.6366172234612577 -0.0013489821319665376 0.6592467320137985 0.7341176295171636 0.5791843141939808 0.7365808864706995
5 0.6386730075712421 0.9990234192372986 0.5837146008179843 0.9999096229785908 0.5804131922246825 0.7951526843323656 0.6353685986155142 0.7942665043862508
5 0.3007810399791424 0.7441395883009798 0.30078190670735694 0.7880854512334132 0.07226536811492679 0.7880864847217659 0.07226567039583642 0.744141796607371
5 0.171875 0.458984375 0.203125 0.458984375 0.203125 0.7470703125 0.171875 0.7470703125
5 0.4588965270610288 0.7616345994231182 0.4595984758083205 0.7857165671589627 0.35617039596195355 0.7887301083277718 0.35546875 0.7646484374999526
5 0.8925771990586782 0.7910153235865695 0.8925781250025011 0.9990239833804485 0.8593749960772357 0.9990234374999971 0.8593749975776745 0.7910156774942397
5 0.953125 0.728515625 1 0.728515625 1 0.7734375 0.953125 0.7734375
5 0.46901916456010895 0.6263191747735493 0.5751825214684914 0.6293519323722239 0.5706821135888731 0.7868683469085513 0.46451875781485796 0.7838356409097846
5 0.6254109659906817 0.7384400250940643 0.6233606113665928 0.7814973558995835 0.5676831969065006 0.7788461686959913 0.5697338144289006 0.7357891137378044
5 0.914064209307071 0.7919921875000002 0.6230451701067068 0.7919921875000002 0.6230472500739097 0.7324218749999997 0.914062278424808 0.7324218749999999
5 0.5605468672977167 -9.20222909888411e-10 0.5605469918285735 0.10937498846033122 0.24999985492513588 0.10937482604025944 0.25000000039960923 1.2238299806559707e-7
5 0.6408422269661287 0.11526114297018743 0.6405692757448378 0.04774011956327259 0.9999778625308409 0.04628674233374691 1.0002511139858825 0.11380739007692435
5 0.8964843749179181 -3.784455975878486e-9 0.8964843785447556 0.04785156285092246 0.8496093706103238 0.04785155847571226 0.8496093751017497 4.157464629863694e-10
5 0.630656309539404 0.05522957682637341 0.62890625 0.0009765624999955722 0.725139292225208 -0.0021276659587969996 0.7268893736892323 0.052125321819495106
5 1.0000006332576277 0.31445312499999994 0.9082030263914476 0.31445312499999994 0.9082035753973514 0.11328124999999997 0.9999999842474381 0.11328124999999993
5 0.849609375 0.11328125 0.90625 0.11328125 0.90625 0.7158203125 0.849609375 0.7158203125
5 0.900390625 0.82421875 1 0.82421875 1 0.96875 0.900390625 0.96875
4 0.03410449281102501 0.5452843264249432 0.060117729597777725 0.5634128956187285 0.02474637568968774 0.6141630833459091 -0.0012667790829254955 0.5960346130988081
4 0.896484375 0.439453125 1 0.439453125 1 0.517578125 0.896484375 0.517578125
4 0.896484375 0.607421875 0.9140625 0.607421875 0.9140625 0.6708984375 0.896484375 0.6708984375
4 0.9046455609109216 0.597497877786189 0.8778521251605298 0.5819873736982785 0.904462843422607 0.5360237678524333 0.9312560883220158 0.5515342020325498
2 0.916015625 0.326171875 0.96875 0.326171875 0.96875 0.4248046875 0.916015625 0.4248046875
2 0.7855426082948043 1.0000137231544763 0.7849725649308539 0.9754990662453662 0.8280088505157437 0.974498559828432 0.8285790486734186 0.9990130583490979
5 0.42959385711276354 0.18008882120257216 0.45473298511058147 0.17915775594243746 0.4583261987527294 0.2761745539534229 0.43318707091907527 0.27710561608763873
5 0.4589845274797426 0.658203125 0.4335937361664719 0.658203125 0.433594023901378 0.556640625 0.45898433642105374 0.556640625
5 0.4589843556655069 0.6601561319364092 0.45898455860481135 0.7304688233611684 0.42578121533642843 0.7304687370733435 0.4257812598111741 0.6601562930440409