2 0.4496462668978438 0.21897182422589295 0.5053103709234392 0.22776069353040365 0.4916279737220748 0.3144160490349898 0.4359638774249106 0.30562721131110315
2 0.6396196305712465 0.8414851921909844 0.6973128115774898 0.830321410578878 0.7106832188003409 0.8994026710718239 0.6529900670567486 0.9105663485935213
2 0.6613361637043909 0.8357867047038132 0.6556331879975232 0.8034747496392733 0.7137941872198326 0.7932114837353996 0.7194973468239141 0.8255232012183865
2 0.659179836431349 0.804687455448025 0.6551978307843456 0.7847806100303264 0.6965143046259072 0.7765175182356059 0.7004963851139792 0.7964242625147262
2 0.7786198459423304 0.7729868444298894 0.7839544799089708 0.7996544123640088 0.7554089392957621 0.8053635379667569 0.7500744119942055 0.7786960636201027
2 0.22057361691963706 0.7032917358721876 0.2924607791607059 0.7289612239475152 0.258127092371069 0.8250953317249965 0.1862400787547358 0.7994261481782797
2 0.27832030813431174 0.7031249989926839 0.2954377201350553 0.7070745593569571 0.29178378241715563 0.7229082917792524 0.27466637276484107 0.7189587383898091
2 0.3451531903270961 0.7356693172775607 0.3463992513403582 0.6995455652497204 0.3968509377889404 0.7012855571367772 0.3956050830144022 0.7374091091768095
2 0.1691731064306623 0.9611023475101552 0.16752571070753675 1.0022867483406699 0.1103515625 1.0000000000000424 0.11199929480335413 0.9588159503315237
2 0.32421875 0.494140625 0.400390625 0.494140625 0.400390625 0.5947265625 0.32421875 0.5947265625
5 0.012147160961148984 0.2665536576885764 -0.031441247677207684 0.23168293700491668 0.17654372068057 -0.02829632002320873 0.22013175813776797 0.006574164988160276
5 0.4511720555665306 0.3486328486125516 0.38544149531765015 0.3354870049874757 0.4129360086235465 0.19801705271655257 0.4786658457383055 0.21116282318208235
5 0.5068366430936067 0.771483663005245 0.48730376309606527 0.7519539096291021 0.5546870571831732 0.6845709547308757 0.5742197319513025 0.7041005023624926
5 0.8816386168207373 0.39210843233503817 0.9364341095543978 0.49197472256845204 0.5885721840681981 0.6828198173458168 0.5337804357236564 0.582956751017837
5 0.36952343737118554 0.8610950349272226 0.40159617684696514 0.882189598205675 0.31829077006830175 1.0088156089839464 0.2862183924181636 0.9877215008523071
5 0.4726561850569624 0.8945311096629539 0.4726564440121592 0.8749997258935118 0.5742187471768148 0.8750004608589942 0.5742187558067826 0.894531577798385
5 0.6172412881388709 0.7873071140179271 0.6369353423799566 0.7900418049930444 0.6240168960781602 0.8830554526077085 0.6043228484893461 0.8803207943965455
5 0.6334297046875008 0.7975911406250412 0.6296973346634331 0.7421030377969836 0.7068557958741621 0.7369138173874478 0.7105886309866492 0.7924014198048591
5 0.920932172189282 0.3548961582081574 0.9061152712997682 0.3489696010818927 0.9254444926293672 0.30064661400907244 0.9402613242546067 0.30657315549928915
5 0.9461179131943709 0.27386754027008736 0.9289491475401519 0.2593921213155491 0.9954196503312005 0.1805553024296455 1.012588333384997 0.19503066438632125
5 0.4955026287545934 0.4561930298182303 0.5259564730228021 0.46344335689995797 0.5023388180848087 0.562637976096479 0.4718849933681213 0.5553877063506056
4 0.9980658344319409 1.0004143282801783 0.6620905274281768 0.9999938657258909 0.663096599127698 0.2183295676595454 0.9990234375 0.21874999999999997
4 0.32227976621334165 1.000002815524003 0.32193564109741146 0.8811473798712198 0.6775452003181499 0.8801127236107793 0.6778953481452845 0.9989620621821246
4 0.5550550282154063 0.9476017186449944 0.4139108398858298 0.8669629248183139 0.5521928872478838 0.6249802317245855 0.6933295567587265 0.7056163107437589
4 0.8053709880567794 0.7263996220238302 0.666351757850066 0.7340746682810992 0.6549139670757995 0.5268836241697297 0.7939275000426278 0.5192087393264887
4 0.7265971088063452 0.8323384132437304 0.6800133437051272 0.7450078625493578 0.8197081144252252 0.6705049372032766 0.8662920173219391 0.7578338835494423
4 0 0.0009765624999996908 0.1806571970449795 -0.0007277425004305386 0.18261031479562462 0.20630351283183912 0.0019531199740185912 0.20800781254741438
4 1.000000001282956 0.0009755551757871083 0.9996838692744632 0.2504143998367272 0.21653568760564212 0.24941336371149836 0.21685564210963548 -0.000023498453777329397
4 0 0.146484375 0.220703125 0.146484375 0.220703125 0.9052734375 0 0.9052734375
4 0.45430665052583663 0.4982252365102346 0.12820187183444887 0.5194919444657656 0.10246169824551998 0.12470761976500702 0.4285533544518785 0.10344136105355718
4 0.13140088802731498 0.17105062318007994 0.10192573244523828 0.08683557594153923 0.2578277317471702 0.03227024987563922 0.28730297555159723 0.11648503632899797
4 0.629429109637158 0.627491513125565 0.41389407020653834 0.39019458509114385 0.8241124668543307 0.017615186233427033 1.039641356576226 0.25490462448066725
4 0.4074796978308086 0.5956604808245426 0.40025447357447774 0.7221182356725516 0.21275191419067596 0.7114039776573242 0.21997935411241087 0.5849486276453655
4 0.15168346931602628 0.6824485588266563 0.11539585253501627 0.5823898586965351 0.29204862476751714 0.5183309821444677 0.3283370199166029 0.6183879496516475
4 0.524243582285294 0.7312919110931876 0.4219908139228892 0.7156549598855 0.45781988991518574 0.48140602687467005 0.560068216496802 0.49704263032888935
4 0.5024353928287155 0.49135319335604477 0.6108084695850948 0.4958682441294257 0.602224261800302 0.7018908368620372 0.4938511881782688 0.6973758713733743
4 0.4275505429606028 0.6433521619635221 0.5307184044012274 0.8101130333751497 0.1914662635433615 1.0199379426206465 0.0883079225657184 0.8531853862794649
4 0.4921877663482519 0.5400390625 0.4492185671988409 0.5400390625 0.44921888709973246 0.42382812500000006 0.49218734930423125 0.42382812500000006
4 0.0009765427103047841 0.8515624998689781 0.03548455821692187 0.8517909674063641 0.034508015468531994 0.9992519002673134 0 0.9990234375