2 0.064453125 0.078125 0.091796875 0.078125 0.091796875 0.119140625 0.064453125 0.119140625
2 0.08920620807259638 0.11717274773343032 0.08984375 0.13183593749994882 0.0670437852975283 0.13282724589558675 0.06640625 0.1181640625000224
2 0.14810398523445656 0.13002704066756754 0.11738279523535766 0.12832031343108455 0.12018330261571464 0.07791165969071182 0.15090444272664172 0.07961838552193345
2 0.06695204441143687 0.17391641640464486 0.066050412401637 0.14957188843435446 0.0966796875 0.14843750000002134 0.09758133708464811 0.1727820095424505
2 0.1582031570764002 0.208984375 0.11914059576497493 0.208984375 0.11914064152438186 0.17382812499999997 0.1582031220840463 0.173828125
2 0.0703125 0.201171875 0.12109375 0.201171875 0.12109375 0.25390625 0.0703125 0.25390625
2 0.07421875 0.2578125 0.12109375 0.2578125 0.12109375 0.2958984375 0.07421875 0.2958984375
2 0.07421875 0.296875 0.109375 0.296875 0.109375 0.35546875 0.07421875 0.35546875
2 0.10998038034108504 0.31837705012492323 0.10924243485135321 0.3028801926784164 0.1317917493911409 0.3018064444482832 0.13252971054350837 0.31730328534260877
2 0.076171875 0.361328125 0.107421875 0.361328125 0.107421875 0.4033203125 0.076171875 0.4033203125
2 0.07430143007911738 0.35559848032424735 0.07273905750525955 0.29778586722144357 0.12406334897355009 0.2963988971054359 0.12562586501485384 0.35421136194789743
2 0.07630729749530474 0.47278455385972723 0.07496874771493367 0.423253383118658 0.1288249862734574 0.42179802727860405 0.13016371256003367 0.47132901655126447
2 0.07610218394859203 0.5135987132560638 0.07691408389871413 0.4803200945657163 0.12380871363347978 0.481464082476818 0.12299693489933361 0.5147425824616139
2 0.1352166118782634 0.5592700249921094 0.10862323443427613 0.5769973619516191 0.08022809921988028 0.5344046034782889 0.10682131031308018 0.5166773423357801
2 0.15039062757443844 0.518554633437301 0.1492770520500244 0.5419391437417644 0.1242222323688793 0.5407460782656748 0.12533585281857995 0.5173616151739616
2 0.14453126870000688 0.5732421903766457 0.13234957177110118 0.5713682598239854 0.13625585535135087 0.5459776360334706 0.1484375 0.5478515625000038
2 0.0920501636062454 0.6192170884337481 0.0912759599268611 0.5921186294903344 0.12813195884336892 0.5910657600127049 0.12890625183320026 0.6181641266562994
2 0.12890635982671483 0.6669921875 0.0839842983913286 0.6669921875 0.08398444681915862 0.63671875 0.12890623823295755 0.63671875
2 0.0607087488488105 0.664208170891873 0.05999650323633432 0.6506765682258238 0.0813189783358439 0.6495543870509685 0.08203125122338406 0.6630859607422331
2 0.0791015625 0.9999999999999524 0.07847663243137504 0.9756267039788484 0.1181640625 0.9746093749999801 0.1187891342160583 0.9989825255207769
2 0.1601563229136218 0.9990234375 0.134765625 0.9990234375 0.1347657443124035 0.970703125 0.1601562268002681 0.970703125
2 0.078125 0.931640625 0.119140625 0.931640625 0.119140625 0.970703125 0.078125 0.970703125
2 0.12109372742656888 0.8925778813061035 0.12109401483610327 0.9296874380783914 0.07812500856664428 0.9296875077157118 0.07812494226629951 0.8925781713459476
2 0.126953125 0.890625 0.15625 0.890625 0.15625 0.9296875 0.126953125 0.9296875
2 0.15834720533291602 0.9543661731718759 0.1280084239538155 0.955412070029946 0.12580737085556848 0.8915734875730492 0.15614560578421788 0.8905276001657587
2 0.07630147079339622 0.8888438162324697 0.0751671802678402 0.8446018160637376 0.1264153591920376 0.8432881736885924 0.12754994113481644 0.8875298744647362
2 0.28515620454231794 0.9687496975371757 0.2851564965358193 0.9999998729081658 0.2382812611861027 1.0000000083520586 0.23828118871438164 0.9687500518674057
2 0.2636718185103746 0.9296871797749932 0.26367211822048375 0.965820298112422 0.21679692265456652 0.9658204112884551 0.21679686732284154 0.9296875374268176
2 0.2643172242770788 0.9656517782421136 0.21461603369652948 0.9674920877089431 0.2118714240098143 0.8933752241251367 0.26157157673981146 0.891534933832884
2 0.23058380564668823 0.8908015760786971 0.22943592346416608 0.8598110466799155 0.26858927384989784 0.8583611392581468 0.2697373114998527 0.8893515066377063
2 0.20881901642155754 0.7542524450998844 0.24776144093277708 0.7591193533674346 0.24130112443810958 0.8108018689195848 0.20235870545729995 0.8059349908463126
2 0.1298828191670509 0.7402340882717177 0.12918085087403597 0.7704232237126817 0.08382916790947093 0.7693686890483112 0.084531290041582 0.7391797115099976
2 0.15224623001586224 0.7362362201084699 0.15332486527347555 0.7696568477033762 0.08428087601532752 0.7718843934810546 0.08320251397310585 0.7384640303589859
2 0.1413270649044307 0.7900670368040045 0.14045962574880377 0.8117511873969707 0.1149535269161106 0.8107309884539042 0.11582103068678862 0.7890469054121589
2 0.131510108155112 0.8080579686691277 0.1284773114929294 0.8393926989448081 0.08615664077910878 0.835297261528883 0.08918958587310044 0.8039626980893007
2 0.1162109375 0.7890624999999554 0.11523421166805292 0.778320308279704 0.1259765625 0.777343750000023 0.12695330072767774 0.7880859278984761
2 0.0943219804076989 0.8048115870805407 0.09350717768666073 0.7893322551813315 0.11698244258877821 0.7880967839565564 0.11779728693272773 0.8035760717866618
2 0.14453125 0.849609375 0.1640625 0.849609375 0.1640625 0.880859375 0.14453125 0.880859375
2 0.17847696020169224 0.6816499837808654 0.17755340791256913 0.6585618942691267 0.20875347258379406 0.6573140029828679 0.20967709527758416 0.6804020191326645
2 0.23197188197389096 0.6632819175269483 0.2297716515964794 0.6801485238665568 0.20580754698846704 0.6770228146956567 0.2080078125 0.6601562499999523
2 0.2067218109212945 0.6597352471415305 0.2096393431014576 0.6237596000546344 0.25248471220618285 0.6272337882492324 0.2495673420831963 0.6632092846088726
2 0.24609361784496286 0.5859373600053867 0.24609376835928742 0.6181640569498602 0.20703126040496045 0.618164111390705 0.20703122538679963 0.5859375299267692
2 0.220703125 0.490234375 0.25390625 0.490234375 0.25390625 0.5361328125 0.220703125 0.5361328125
2 0.2539061887994194 0.4140624417714699 0.25390629167281986 0.45800781816759184 0.20312496512383404 0.4580077915209178 0.20312501059947863 0.4140625644652867
2 0.212890625 0.333984375 0.26171875 0.333984375 0.26171875 0.4150390625 0.212890625 0.4150390625
2 0.2122733447868086 0.2890299703772361 0.21299391173715776 0.25372896519775207 0.2696507858422592 0.2548853871206691 0.2689303031932013 0.2901863106465026
2 0.21693161518805937 0.25717262393866047 0.212177510713218 0.2866478310886563 0.1726316253012783 0.2802695007945032 0.17738576855526844 0.250794342210696
2 0.18708375203607375 0.20868023657796292 0.2237128580964054 0.21201009983025995 0.21982262398080366 0.2548027151635672 0.18319351863056 0.2514728569534211
2 0.22265625 0.2109375 0.263671875 0.2109375 0.263671875 0.2529296875 0.22265625 0.2529296875
2 0.22460336429560357 0.17103132504953011 0.1951010761794123 0.16969032022570169 0.19726363687277626 0.1221146160958466 0.22676586344118732 0.1234556195355227
2 0.234375 0.0703125 0.271484375 0.0703125 0.271484375 0.140625 0.234375 0.140625
2 0.2216796875 0.20312499999995484 0.2223067876176401 0.177416188914207 0.26391689516731276 0.1784311367808366 0.26328982681684465 0.2041399170712353
2 0.17279849817657578 0.11851350080751001 0.17539752280720222 0.05353931101677313 0.22016961350357178 0.05533023865691042 0.21757062932852023 0.1203043886743242
2 0.23828125 0.0712890625000133 0.24070816496191583 0.047020028644646425 0.26391360394177354 0.049340581084551825 0.26148669462907037 0.07360960979289263
2 0.33379225095131915 0.06558977621130366 0.3363217241704888 0.0377657466218598 0.3775294623762875 0.041511924782456536 0.3749999993545998 0.0693359445996673
2 0.4335628028627525 0.09603011912954625 0.4311810690767288 0.04601331500198255 0.4626387536330867 0.04451534693351938 0.46502050349442925 0.09453213413937948
2 0.5195312660775926 0.09472656250000001 0.4785156240612878 0.09472656249999997 0.47851564706002137 0.04687500000000002 0.5195312463824848 0.046875
2 0.5249128607512148 0.027533050856155192 0.5662349768982722 0.025237379898233055 0.5688882211454711 0.07299579358626676 0.5275661050550298 0.07529146370579201
2 0.5648652633320808 0.09383121056829674 0.5640145927676485 0.06745994467981108 0.5995119223846359 0.06631488920874815 0.6003626039288292 0.09268614398072636
2 0.49408207505837254 0.14642338819561249 0.4948180152166515 0.11036531703723934 0.5470522669908178 0.11143139967214022 0.546316364723225 0.14748943330936232
2 0.4630447175201198 0.22871810336193865 0.46129952662863616 0.1711241343804378 0.5066531710175468 0.1697498676619442 0.5083984386620841 0.22734375766350967
2 0.572265625 0.171875 0.607421875 0.171875 0.607421875 0.2119140625 0.572265625 0.2119140625
2 0.5820312631069555 0.23339831429399685 0.5759113939600411 0.29092555382253976 0.5254928544659379 0.2855619152858797 0.5316128245847267 0.22803478769660507
2 0.39067952145330764 0.25607248016901696 0.38844384693857137 0.2873720954285951 0.3533272488514285 0.2848637859960354 0.3555629651856407 0.2535642157394493
2 0.5221650169256691 0.34230823552648365 0.5280801703394218 0.29301801065672733 0.5864582491716419 0.30002355574550127 0.5805432517961435 0.34931363779552255
2 0.388671875 0.251953125 0.4140625 0.251953125 0.4140625 0.298828125 0.388671875 0.298828125
2 0.35927778501240937 0.23135691950636697 0.3935193385112825 0.22972639926876506 0.39469916605264643 0.2545027999929545 0.3604576126488155 0.2561333187335619
2 0.378906280705678 0.3623046844295459 0.34893251851508467 0.36530194898076146 0.3464089707132416 0.3400660559403312 0.37638265249540837 0.3370687954287929
2 0.34765625 0.36328125 0.396484375 0.36328125 0.396484375 0.41015625 0.34765625 0.41015625
2 0.4942235633625387 0.47196596062378077 0.49270926218150635 0.4310786304468753 0.5343187759908687 0.4295376874327515 0.5358331899860787 0.4704248995258527
2 0.5175782545562697 0.4257812499999999 0.480468608901333 0.4257812499999999 0.4804687920818651 0.353515625 0.5175781195258651 0.353515625
2 0.6039477647473177 0.3514343640223778 0.60546875 0.3681640624999771 0.5718334517308676 0.3712218549217945 0.5703125 0.35449218749995504
2 0.5703125 0.3671875 0.609375 0.3671875 0.609375 0.419921875 0.5703125 0.419921875
2 0.5703125 0.49609375 0.607421875 0.49609375 0.607421875 0.5576171875 0.5703125 0.5576171875
2 0.34765625 0.447265625 0.39453125 0.447265625 0.39453125 0.4951171875 0.34765625 0.4951171875
2 0.3524276532411932 0.5211992879538708 0.3901277968654995 0.5132631417844664 0.40040623372897244 0.5620859403957429 0.36270610019892047 0.5700220538256452
2 0.40598558797444184 0.5486878032999554 0.4067464431391272 0.5631420407222391 0.38552645288302756 0.5642588989165772 0.384765625 0.5498046874999851
2 0.3883241908220043 0.6292805780577239 0.35538305036448037 0.6258134732757975 0.3599101437689569 0.5828074872883959 0.39285102330359223 0.5862745782207786
2 0.40358895639019465 0.5698858928071943 0.42674505495733683 0.5667987422339644 0.4318538643219654 0.6051149434069519 0.4086977678339281 0.6082020832998816
2 0.3944675703771736 0.7001605119007464 0.35726903303088875 0.698920726308271 0.3592862971792101 0.6384086595789957 0.396484375 0.6396484374999989
2 0.5376105924678996 0.5676769247738378 0.5871301156644222 0.5709778740496725 0.5841831518686149 0.61518242008898 0.5346636299469765 0.6118814839657367
2 0.5465985802781006 0.7004372689507041 0.5200236619426732 0.6986658434408547 0.5243276759016453 0.6341089072460889 0.5509022449618897 0.635880321054845
2 0.5936624145019778 0.7499676007206821 0.5402073356500523 0.7483480110939857 0.5413633085255469 0.7102083302435037 0.5948179329886898 0.7118279129713238
2 0.39257806374041593 0.7031249494349332 0.392578125 0.7216796874999997 0.3691406353568709 0.7216797043895024 0.36914062125356395 0.7031250133520345
2 0.3925781064201601 0.7187498672592016 0.3925782789006007 0.7636718899327773 0.35937500376041953 0.7636718674405819 0.35937499962915354 0.7187500129537754
2 0.392578125 0.701171875 0.412109375 0.701171875 0.412109375 0.73046875 0.392578125 0.73046875
2 0.4196596798927885 0.7155314097586577 0.44677545785577877 0.7138369547348368 0.4492795520351365 0.7539026167797946 0.4221637747709792 0.7555970641916349
2 0.5131175279799436 0.8221972973075933 0.5139362839488513 0.7804697492876838 0.5707082107925316 0.7815834327906229 0.5698897497554753 0.8233106913533237
2 0.49502017310987867 0.7872172750409613 0.4939949327545037 0.7677399773696421 0.5188027537875541 0.7664343810880665 0.5198280481367874 0.7859116215232579
2 0.35742191252961675 0.9482421875000001 0.3339843070129973 0.9482421875000001 0.3339843851980504 0.9257812500000001 0.3574218405993861 0.9257812500000001
2 0.36289735662410294 0.9123854338024378 0.39764958385353566 0.9094901787586698 0.4005118645868606 0.9438376866448448 0.3657596391557263 0.9467329275679872
2 0.4620001738607016 0.906569921853415 0.4900041300875273 0.9310667978299034 0.44832161627039113 0.9787036896094471 0.42031786939105586 0.9542070359886874
2 0.5451942522581703 1.0001988774565111 0.5443215658865483 0.9714017901828798 0.5831115289042827 0.9702266070594111 0.5839843776902853 0.99902352625701
2 0.5513970552850651 0.9112806862611972 0.5882764546807948 0.920059166765983 0.5790346032940761 0.9588749257881154 0.5421552212204688 0.9500964952297688
2 0.5109571958207653 0.8820957418885655 0.5096222775382557 0.8380428960318644 0.5559219669565891 0.836640216766348 0.5572571441746277 0.8806927946016115
2 0.48046875 0.849609375 0.49609375 0.849609375 0.49609375 0.8759765625 0.48046875 0.8759765625
2 0.4555626816658105 0.8004953999370724 0.44031250174555225 0.8198087075691705 0.4062420738345054 0.7929111209626819 0.4214922031928836 0.773597915380391
2 0.3849764918600158 0.8629905025768586 0.41417012225747385 0.8421427522228084 0.4296102649459499 0.8637591622616854 0.4004166962453155 0.8846068395911011
2 0.42394051221413065 1.0001043386611417 0.4227872061939024 0.9689693587270184 0.4519715648912097 0.9678886478560307 0.45312500198178896 0.9990234909941049
2 0.6796875 0.13671875 0.734375 0.13671875 0.734375 0.1669921875 0.6796875 0.1669921875
2 0.7113544676457195 0.12547181479486422 0.7074043149318641 0.14258909318426397 0.6870062299965412 0.13788184694883318 0.6909563876980656 0.12076457574320436
2 0.8164777363201665 0.14224467129768603 0.7740329461319106 0.14696073811542593 0.769626537088584 0.10730276652546548 0.8120712627409148 0.102586703351278
2 0.86328125 0.10546875 0.90625 0.10546875 0.90625 0.1552734375 0.86328125 0.1552734375
2 0.908203125 0.142578125 0.93359375 0.142578125 0.93359375 0.1728515625 0.908203125 0.1728515625
2 0.8252191304535472 0.1291206034301777 0.8528725242468909 0.1260480239373858 0.8563738572937609 0.15756004127712325 0.8287204638968433 0.16063261864253853
2 0.886934598795392 0.22773330382772405 0.8599738766048404 0.22915227160853643 0.8576431141210605 0.18486704246216226 0.8846037616225431 0.1834480766454614
2 0.849609375 0.24609375 0.888671875 0.24609375 0.888671875 0.2763671875 0.849609375 0.2763671875
2 0.78125 0.228515625 0.806640625 0.228515625 0.806640625 0.255859375 0.78125 0.255859375
2 0.7382812430697641 0.2402343342388196 0.7382813098137149 0.286132814747564 0.6992187457479986 0.28613280421743553 0.6992187505499032 0.24023439511403263
2 0.7205056052688406 0.3537473803926003 0.6832973505785276 0.35142194179847547 0.6861739164594383 0.3053981151976865 0.7233819988804271 0.3077235483833421
2 0.8780492273998561 0.29038926356005185 0.8828155064985594 0.32102815770616355 0.829377531035675 0.32934078144951817 0.824611339584294 0.29870196578374386
2 0.8125 0.326171875 0.837890625 0.326171875 0.837890625 0.361328125 0.8125 0.361328125
2 0.8264416173717564 0.4416490260660248 0.8242405063974729 0.3998239415996919 0.9083002495107166 0.3954002596532624 0.9105015723540646 0.4372251212442488
2 0.837890625 0.501953125 0.869140625 0.501953125 0.869140625 0.529296875 0.837890625 0.529296875
2 0.923828185229695 0.5458984375 0.8925780475618694 0.5458984375 0.8925781332968654 0.515625 0.9238281185469077 0.515625
2 0.7637632567318633 0.558679754945908 0.7628763162599626 0.5294097469354321 0.7979411036902775 0.5283473130991241 0.7988281264571242 0.5576172355817661
2 0.7324219948039854 0.5117187500000001 0.6835937189200649 0.5117187500000001 0.6835938915857014 0.46289062500000006 0.7324218132830538 0.46289062500000006
2 0.695012307221873 0.3960600330048144 0.7294921875 0.38867187500000533 0.7372237300880897 0.42475249649395264 0.7027438551893965 0.4321406373721813
2 0.9238282068844228 0.4853515625 0.8906249224253315 0.4853515625 0.8906250218177547 0.44531250000000006 0.923828118535539 0.44531250000000006
2 0.8856132179948872 0.47952897964487845 0.8845813662514956 0.5032613434624054 0.8566110961837694 0.5020452689057622 0.8576429952940998 0.47831295473535423
2 0.8696049669543982 0.6271773325107521 0.8421330420242157 0.6296744970670524 0.8394275561521454 0.5999132962634048 0.8668993292254754 0.5974161386319329
2 0.88671875 0.56640625 0.9296875 0.56640625 0.9296875 0.6083984375 0.88671875 0.6083984375
2 0.716796875 0.62890625 0.748046875 0.62890625 0.748046875 0.677734375 0.716796875 0.677734375
2 0.884765625 0.6953125 0.9296875 0.6953125 0.9296875 0.7529296875 0.884765625 0.7529296875
2 0.9281753772626189 0.6818573025978075 0.8801447753568254 0.6848588210535433 0.8766605553976206 0.6291076156872717 0.9246906227708678 0.6261061139918302
2 0.772924845386683 0.7556171238516595 0.7774899649567715 0.8012548638824497 0.7065195265865896 0.8083521176255981 0.7019548269456664 0.7627147628896213
2 0.8783123410421467 0.828689516782849 0.8766400762776811 0.7835401833248657 0.9225837829420698 0.7818388537866675 0.9242562927013296 0.8269879312617037
2 0.8561681312920655 1.0000637165228083 0.8553875003422036 0.972742256128711 0.8921319720134306 0.9716926666781409 0.8929127492272073 0.9990139764523931
2 0.85546875 0.90234375 0.896484375 0.90234375 0.896484375 0.9365234375 0.85546875 0.9365234375
2 0.9172968113355182 0.9517187574444057 0.8697853978388821 0.9735426625701529 0.8428312463734073 0.9148773476061332 0.8903419109562947 0.8930536428461996
2 0.8435739739902601 0.942366558319347 0.8257876254710936 0.9407500412832468 0.8279168943963668 0.9173288008601723 0.845703125 0.9189453125000027
2 0.8060346456769594 0.888233993775587 0.7745486733842881 0.8863822947800154 0.7773775574925139 0.8382950666082275 0.8088631323561231 0.8401467538945262
2 0.8460575008145952 0.8754321168616791 0.8434212974228785 0.835894190791772 0.917441450852607 0.8309598218587645 0.9200780075459534 0.8704973657047017
2 0.8045946919903599 1.0012571648804516 0.7687678365824695 0.9997648081350943 0.7708295360362172 0.9502903446418657 0.8066558623885385 0.9517826903212707
2 0.804584984681469 0.9498835548150274 0.7890206235580308 0.9489110377582336 0.7912170189501921 0.9137699867125143 0.8067812250413908 0.9147424989133855
2 0.7575932127235774 0.9769034238229569 0.7466390566993368 0.9913127630450118 0.7204911865867416 0.9714405186946188 0.7314453125 0.9570312500000433
4 0 0.005859375 0.033203125 0.005859375 0.033203125 0.1396484375 0 0.1396484375
4 0.201171875 0.0009765597084144507 0.20117187613050191 0.020507812160174548 0.12109374864894562 0.02050781086777167 0.12109375 0.0009765624999986037
4 0.12397840677408567 0.1681340150713913 0.09455525679084076 0.16976862854622077 0.08701625041612715 0.034065502054509464 0.11643928514422441 0.03243089164711857
4 0.26931000118122483 0.13846921965740921 0.2889335530284143 0.17379125973749743 0.2426666491224978 0.19949507215380338 0.22304315294115895 0.16417307997057265
4 0.3027348667953902 0.859375 0.24023398677877594 0.859375 0.24023517620901202 0.71875 0.3027338966866182 0.71875
4 0.272242614280799 0.8680724059696913 0.29808134824179433 0.8700595211658226 0.294921875 0.9111328124999976 0.26908314229331154 0.9091457083738309
4 0.11547223552634023 0.7596630838079445 0.19328622601403822 0.7215272249376279 0.2666034878368464 0.8710983904903136 0.1887900080283771 0.9092334600281561
4 0.27293694884792785 0.7781904237209455 0.2061604137403492 0.7923527539571048 0.1924770162245295 0.7278431257415042 0.25925257650146705 0.7136809021971576
4 0.25351521168784075 0.6970706119600053 0.2682593109266236 0.7144927298361753 0.24724622199755686 0.7322729967328032 0.23250217826864628 0.714850931067814
4 0.16827481441805503 0.7076835814965784 0.17193549495777916 0.7387906046697159 0.05294773073478609 0.7527897719849829 0.049287504865333176 0.7216831622083676
4 0.053139720256922374 0.7709501353452413 0.09501031797367432 0.7727702321589579 0.09160526014409243 0.8510868074755985 0.049734663498952614 0.8492667283374267
4 0.24023446725652775 0.9990234375 0.21875 0.9990234375 0.21875009654672795 0.9697265625000001 0.240234375 0.9697265625000001
4 0.1581733026035863 0.8072347634918354 0.1671410277956511 0.8392552112316871 0.13280166920344527 0.8488702137999756 0.12383411234475261 0.816849910388734
4 0.06224514501172962 0.536659437742274 0.11049722743064194 0.5500614474852616 0.08907725847336678 0.6271732729667606 0.04082521396651373 0.6137713581028725
4 0.09799980038951617 0.591813982045125 0.09733835535291746 0.5673384698364686 0.14423184712779857 0.5660712786578486 0.14489339056262907 0.5905466892434661
4 0.1328125 0.626953125 0.177734375 0.626953125 0.177734375 0.703125 0.1328125 0.703125
4 0.1328125 0.5859375 0.16015625 0.5859375 0.16015625 0.6162109375 0.1328125 0.6162109375
4 0.13667919819897634 0.6198431240036809 0.13953137514113223 0.6398043427028046 0.05503927818062948 0.6518751512526224 0.05218728494355673 0.6319140976946033
4 0.241390951113317 0.5327618821595388 0.28800468895121867 0.534093574920638 0.28595757112600495 0.6057427328326755 0.23934383369009993 0.6044110483512992
4 0.2520343791838968 0.6621863546191744 0.25078847749023225 0.6160838609153507 0.29377844065379577 0.6149222332986092 0.2950245301525456 0.6610245332998448
4 0.2176522722744494 0.6137592967135899 0.21383332382777098 0.6595837483815605 0.17132245115385558 0.6560412018942573 0.17514157108087147 0.6102169388565986
4 0.29492183358956936 0.6699217265518085 0.294921988572014 0.6953125223980506 0.1796874362624976 0.6953124975571551 0.1796875856648512 0.6699220089492157
4 0.15742595994197472 0.39215069115364687 0.18736471440968216 0.4061213313200236 0.16151791805009452 0.46150734698876983 0.13157919792047323 0.44753676222165795
4 0.16566754178234078 0.45962832760755146 0.15198438442064344 0.5040961146498122 0.11177108938011315 0.4917228533808556 0.1254543221118638 0.447255202365694
4 0.07266155520494522 0.4712573687420422 0.06867589040803068 0.49516993765018635 0.0477721802827773 0.4916859896374235 0.051757874490363065 0.4677734577279284
4 0.0525887530543514 0.5431306081375236 0.05044133118155969 0.5023307792744066 0.09093354535048093 0.5001997376659724 0.09308109138123655 0.5409994340785519
4 0.039193939042888815 0.4187601767027881 0.05701026420490507 0.3938186902179368 0.07585532691837216 0.4072795159722421 0.05803904223364498 0.43222096608501753
4 0.16173386807076895 0.3848406758997117 0.10908946019947052 0.3782603861535197 0.11449825374859302 0.3349911735068058 0.16714241113049866 0.3415714473384779
4 0.15234373420389602 0.4013667611171905 0.1529458980196523 0.41762088621180415 0.06842628306185361 0.4207516100429071 0.0678242083532723 0.404497570312644
4 0.17815519982548267 0.28399639755406514 0.29768430537740187 0.29028721217136944 0.2936701489264806 0.3665561959850095 0.17414104590375246 0.3602654049981282
4 0.1766278862443187 0.37904542554774406 0.17541939969464693 0.3439981812246967 0.21194651610414894 0.3427387195879638 0.2131550705715881 0.37778589304478316
4 0.16633293385325487 0.2547895734362768 0.11261561744504434 0.27058850101942344 0.10459167519775292 0.24330694923004162 0.15830888321511338 0.22750803861617852
4 0.046875 0.09765625 0.06640625 0.09765625 0.06640625 0.1474609375 0.046875 0.1474609375
4 0.4157565497362157 -0.0003576618159321234 0.41647698023405155 0.05223308696112516 0.3190797832679664 0.053567283318671416 0.318359375 0.0009765624999529951
4 0.41015625 0.0009765625 0.466796875 0.0009765625 0.466796875 0.01171875 0.41015625 0.01171875
4 0.5546875 0.0009765616710173926 0.5546875004891945 0.011718749465527417 0.4882812498082103 0.011718749931935968 0.48828125 0.0009765624999461082
4 0.4380484812694476 0.04183165643145701 0.41792861548026394 0.03428670823237628 0.428042059809286 0.007317530478083047 0.4481619216984427 0.014862477863792677
4 0.5867186865474423 0.10019534340091522 0.6269060430191757 0.1341998255635542 0.589567674963746 0.1783269504808119 0.5493803557909587 0.14432250948191372
4 0.5287304224391391 0.2831258315710936 0.4795733061841929 0.2764227046681944 0.49262934521107127 0.1806799928803038 0.5417861295863986 0.18738309676530218
4 0.4880545104040266 0.4596438919161726 0.3900343227552412 0.4511207673480249 0.40537469600326403 0.2747202353546152 0.5033929565547623 0.2832432756742678
4 0.3206241246856507 -0.0008280351968712451 0.483914244989478 0.0011878820703245063 0.4803148643690065 0.292737771240404 0.3170247436316913 0.2907218673074545
4 0.597566917956101 0.02555101655149781 0.6306725898684817 0.024483093030579467 0.6328794982943009 0.09289728594968887 0.5997738264148893 0.09396520881671724
4 0.40368762537571 0.30719512267151267 0.38683266867360544 0.36498267666649614 0.3106325480468968 0.34275778278390034 0.3274876388793473 0.2849704534911885
4 0.3139250994846634 0.4431218070466602 0.31589706592740185 0.38200835954833595 0.41930476548122897 0.38534479084059714 0.4173332130537801 0.4464578321447083
4 0.6480942399522291 0.24110508054728494 0.6689198140104509 0.3660525026808204 0.579920112874106 0.38088557577615023 0.5590951388137455 0.25593868761328287
4 0.6328124661264383 0.3925780681922236 0.6328126165515187 0.463867217301916 0.5761718325670699 0.46386712757313436 0.5761719464652515 0.39257824602236985
4 0.5410212436231632 0.48477043702713746 0.5340606419100595 0.3989218086592838 0.6314985361096888 0.3910219762267373 0.6384596502103932 0.4768700398480165
4 0.4930470529345712 0.4555941250715546 0.5213137803507379 0.5686461517469518 0.36828078146163534 0.6069043439146518 0.3400157186786146 0.4938537472216438
4 0.38540541095869685 0.6668872656769623 0.42906143485254233 0.5429254045908022 0.5448707762128606 0.5837058541236271 0.5012164657358653 0.7076662583555305
4 0.5689441942863596 0.5856275562294934 0.6195521434085549 0.5821378085487073 0.6291281507873236 0.7209909918027528 0.5785202070422883 0.7244806912001609
4 0.5645756706626344 0.563218220432928 0.6092506316563231 0.5218572034940132 0.6697254247342244 0.5871711311645341 0.6250507784636739 0.6285318229224819
4 0.6032824675442043 0.5023104004540474 0.6306470419914376 0.4965499307555088 0.6406457951710536 0.5440442447347154 0.6132812275828883 0.5498046922189763
4 0.3952464658373174 0.9158912119153165 0.3156038285053455 0.9217893424362824 0.30527728397066767 0.7823630855208628 0.384917017095745 0.7764650638677068
4 0.3818389670344686 0.8576060536817214 0.38070513560194286 0.7974856571230512 0.46454902526136266 0.7959044821862788 0.46568347760478446 0.8560242520912763
4 0.4637000088421246 0.8357351751951982 0.50069031231601 0.8805017205965154 0.41356841535287003 0.9524715216214007 0.3765788497016729 0.9077056665031367
4 0.3785355451433361 0.794917126809693 0.3857415664513155 0.7252816869623541 0.4898256603541995 0.7360503289557347 0.4826205633619338 0.8056849236043253
4 0.560903081616857 0.7033772424275246 0.5557558352004435 0.7702894150163336 0.47405723232861874 0.7640051214867044 0.47920503893908517 0.6970935638640201
4 0.5452829918006046 1.0097801289133175 0.458286544249745 0.9968951472499651 0.4772842669183319 0.8686699149216355 0.564277586314688 0.8815546635153819
4 0.6408452997592349 0.9981781067881053 0.578520495484895 1.0047368444122986 0.56770698439027 0.9019998320998879 0.6300299318777434 0.8954411932683897
4 0.4951171654720383 0.7890624779763323 0.5214870451735578 0.8154271064001779 0.500001541607844 0.8369124714818978 0.4736317613769643 0.8105479423965378
4 0.6152066028334957 0.736487420594332 0.6315725681671438 0.7593957644641972 0.6040446604937415 0.7790584586184678 0.5876787948142237 0.7561502042733332
4 0.5812880110820515 0.7867028835797292 0.6240666740342249 0.7838515465676212 0.6271519132363892 0.8301303697547405 0.5843732518547995 0.832981690467139
4 0.7819908588501221 0.07236664887033759 0.7131802153729723 0.0683189656912547 0.7171942494065888 0.00008081992168169532 0.7860048439612228 0.0041285017130758845
4 0.8772437640102453 0.11175550200571716 0.8310226159578633 0.10295148668444024 0.8483571843856907 0.011945270622161747 0.8945782470215136 0.020749277158288726
4 0.8000686217272914 -0.00256017690479889 0.8371252110207479 0.0036159195283687637 0.827993032797508 0.05840899304625195 0.7909364440055242 0.0522328981314914
4 0.8882421856617384 0.021562502589266983 0.9218749994093969 0.026367186663409887 0.9139843753974901 0.0816015572783931 0.8803515620439839 0.07679687533360813
4 0.9609375668192115 0.15136718807110286 0.9249324612912915 0.15105945276607666 0.9259090888999708 0.03680164029874403 0.9619140625 0.037109374999999716
4 0.9605619048141989 0.04792668270758089 0.9267578117156745 0.05468749912327758 0.920147239949415 0.021634613551739863 0.9539513211395843 0.014873798373852313
4 0.8278735545850395 0.11714201452507104 0.7647367104838168 0.11480361741130714 0.7675728136331372 0.03823041752507733 0.8307095306537349 0.04056881212783902
4 0.6580925529603974 0.13612914336818874 0.6975604506263835 0.14740558975768422 0.682525072435169 0.20002941919263542 0.6430571811933987 0.18875298860016043
4 0.7963903926237208 0.2386375897305379 0.7233117948999279 0.2120638287150051 0.7562728171229764 0.12142166180830112 0.8293510660004131 0.14799535285841375
4 0.7128906373395694 0.19042968750000003 0.685546875 0.19042968750000003 0.6855468943737151 0.166015625 0.7128906202012786 0.166015625
4 0.8258740777765752 0.1646036161845832 0.8530257782575745 0.17648234930826906 0.8357454417754298 0.21598028088315221 0.80859375 0.204101562500011
4 0.9727663620967633 0.14960371151140187 0.9691072757436814 0.2081521086075335 0.8346227325397422 0.19974702652927484 0.8382820147252232 0.14119884930079263
4 0.9462523139578707 0.31579369166864046 0.8726876537253929 0.29315884068554443 0.9082454885526658 0.17759743240324324 0.9818095057818255 0.20023217514547026
4 0.8047858067935749 0.22223663087092077 0.8677380847107088 0.21112763968726117 0.8806758730132742 0.2844420284017543 0.8177236043029552 0.29555098755948556
4 0.7668312800617514 0.27727223324048933 0.8094172238868396 0.3059919993021335 0.7584619545165197 0.3815463819994507 0.7158761168968795 0.35282674725624563
4 0.8379214224073621 0.36151144853837314 0.8374600167710469 0.3148728726301757 0.9569946956844433 0.3136901617143206 0.9574563855211409 0.36032844544430964
4 0.8085935222558192 0.4228515755181747 0.8085937959669991 0.3613281180522409 0.9570312459080696 0.3613285081712637 0.9570315194215482 0.4228514069761472
4 0.6830769396909773 0.3416816886970598 0.6595243306044267 0.3275505856410818 0.6748620762642759 0.30198770465827013 0.698414631983951 0.31611878705802976
4 0.6640278279137419 0.34617693904406127 0.72127174573302 0.3422292576987445 0.7253652049121229 0.40158463379022946 0.6681212885678178 0.40553230174242094
4 0.6705378249932892 0.39058003484629866 0.706355168019968 0.3950569524126823 0.6970102326109782 0.4698165250114986 0.6611928935874403 0.4653396296092832
4 0.7807016589753175 0.3222181120413182 0.8485013211164869 0.357285111193699 0.7835590143959053 0.4828404155265717 0.7157595563428458 0.44777372027929263
4 0.8359383032008054 0.5498046875 0.703123880234557 0.5498046875 0.7031252025091135 0.44140625000000006 0.8359374621134066 0.4414062500000001
4 0.8912353762272005 0.5601872888471217 0.8964166386741681 0.6206252452408294 0.8283339447193612 0.626460882498499 0.82315308419345 0.5660233023767783
4 0.838133668407977 0.5627209376700362 0.836967057863717 0.5382228587081436 0.8668472230529005 0.5368000757414971 0.8680138918701914 0.5612980932408166
4 0.9684228409597608 0.5317032180595511 0.9632733950055581 0.6055180469222572 0.8349007596929141 0.5965623150164068 0.8400509571359862 0.5227482986233266
4 0.6883129292270951 0.6242295409874778 0.6503616701370447 0.6104305025203302 0.6759094350179566 0.5401751025134338 0.7138602367418798 0.553974049288084
4 0.668869334782471 0.7521270349279711 0.659299709600532 0.6983939966633098 0.7897673613243796 0.675161328996485 0.7993375864591599 0.7288935914097728
4 0.798828125 0.646484375 0.849609375 0.646484375 0.849609375 0.703125 0.798828125 0.703125
4 0.9627943598567299 0.6810260901457103 0.9276175841558825 0.6795605797148585 0.9297536465076064 0.628298729554325 0.9649300622020291 0.6297642324694419
4 0.818359375 0.697265625 0.88671875 0.697265625 0.88671875 0.75 0.818359375 0.75
4 0.8220901823610802 0.8258239823482094 0.8230686762909727 0.7896381016305372 0.8854172850946043 0.791323649705282 0.8844390766179231 0.8275092514753283
4 0.7050781121333785 0.7890623852185794 0.7050782847524033 0.8281250016570484 0.6757812760724846 0.82812499900544 0.6757812442747309 0.7890625230820028
4 0.8094603765297279 0.7464693616638295 0.8633934456654515 0.7838006929148466 0.8368854893767548 0.8220897226572366 0.7829525909248787 0.7847585987332066
4 0.7967204124876162 0.9032244472394978 0.790193816729925 0.9815394595796403 0.6624984808054251 0.9708988117666892 0.669026371848986 0.8925852414291991
4 0.669921875 0.94921875 0.73046875 0.94921875 0.73046875 0.9931640625 0.669921875 0.9931640625
4 0.699287647319693 1.0000127757823887 0.6989899909838186 0.9788624073258415 0.7692333818425823 0.9778739197119193 0.7695312588206207 0.9990240637804862
4 0.8173828125 0.999999999999968 0.8163912324546345 0.9593418984007402 0.8564300608722988 0.958365675076455 0.8574218773777602 0.9990235349702022
4 0.8891006832291168 1.0002001941387502 0.8883158089842027 0.9444224405399074 0.9802866843265292 0.9431283418730132 0.9810723057680661 0.9989053395643473
4 0.869140625 0.865234375 0.96484375 0.865234375 0.96484375 0.9443359375 0.869140625 0.9443359375
4 0.8158529901799056 0.8803667714002985 0.8185155456681059 0.8404399935802204 0.8475529666208104 0.8423759719980054 0.8448905727590272 0.8823025973240572
4 0.9246007704366548 0.7721597128883709 0.961735645083877 0.7710989224581946 0.9629989555864995 0.8153150080659862 0.9258640811525538 0.8163757928215105
4 0.9296875 0.712890625 0.962890625 0.712890625 0.962890625 0.7490234375 0.9296875 0.7490234375
4 0.6661697043773529 0.8142506901931686 0.7226401157226974 0.8159615278702881 0.7203357967580359 0.8920046353601195 0.6638653861085686 0.8902938146650344
4 0.734375 0.8349609375000443 0.7379244243938956 0.7994759639521082 0.7833679057063136 0.8040205632201446 0.77981870095266 0.8395053341396972
5 0.3318971660588659 0.9996447608605696 0.29537220554482246 1.0000490641753002 0.2843049485185247 0.00010671967310405995 0.3208241206294815 -0.00029755076189703027
5 0.2907599161055714 -0.0002313590937936506 0.2923039115789834 0.030648475890722934 0.18427320039097594 0.03605000618250091 0.18272921447737644 0.005170183074237991
5 0.028841094775430065 0.043863249918274436 0.029425739435168907 -0.0011277266178567555 0.20124350913829403 0.00110496870034472 0.20065889134195913 0.04609591150287557
5 0.05300305207481415 0.9998829630843022 0.012644347789773747 1.000012723111122 0.009764573513507457 0.10361296959083338 0.0501179921362791 0.1034832172098517
5 0 0.689453125 0.021484375 0.689453125 0.021484375 0.7197265625 0 0.7197265625
5 0.2984259287742361 0.7184274284444992 0.2644511184529392 0.7265154538292357 0.25556593538101424 0.6891972210139771 0.28954047700369756 0.6811092290439213
5 0.2539068674547025 0.7226562500000001 0.048827414255015356 0.7226562500000002 0.048828377198788075 0.6816406249999999 0.2539060309039769 0.6816406249999999
5 0.04100315171126567 0.10089793813804754 0.023843092507831898 0.10021153671329219 0.026145670625965067 0.04264738956795095 0.04330570952765811 0.04333379060322361
5 0.1816409012639042 0.9970703125 0.1523436139810883 0.9970703125 0.1523442114844329 0.8769531249999999 0.1816404967366907 0.8769531249999999
5 0.5060212359863954 0.0157706749657264 0.5057244908157372 0.010132510024861402 0.5310449759397216 0.008799854182723223 0.531341721365493 0.014438018818533916
5 0.4455404644571672 0.0289179549303214 0.4423797325715668 0.0025784925944757242 0.5018360621143074 -0.004556259852593688 0.504996796379487 0.0217831986015918
5 0.6289062500086402 0.0009765618013395112 0.6286124802251152 0.02477212432994486 0.5213275164126117 0.02344761733413283 0.5216212907090494 -0.0003479413180874058
5 0.7343749997367013 -4.3006426349756945e-9 0.7343750058255409 0.04199218926271941 0.6328124956963848 0.0419921820525603 0.6328125024002702 6.475067053098551e-10
5 0.8776582433896465 0.030323355264917994 0.8766473652531204 0.005051289660942615 0.9469255447584146 0.002240172138208809 0.9479364269760708 0.027512232571192174
5 0.8346966876951001 0.03562729780912415 0.83203125 0.0009765624999708421 0.875942096217841 -0.002401189351540085 0.8786075375513747 0.03224954068360103
5 0.958984375 0.00390625 1 0.00390625 1 1 0.958984375 1
5 0.6228635804759506 0.1664279104489825 0.6568725414518894 0.16018149260981654 0.6838203429427949 0.3068980951210935 0.6498113916068178 0.3131444792163957
5 0.630859375 0 0.666015625 0 0.666015625 0.1552734375 0.630859375 0.1552734375
5 0.6637223257342839 0.5811359035204497 0.6286753640931693 0.5807549813116638 0.631107129298698 0.35709552343447226 0.6661529994805733 0.3574764398148039
5 0.6681177739453688 0.9989954755334944 0.6349958443818196 0.9992238581954473 0.6321622392633799 0.5880634574242382 0.6652808047730332 0.5878350865265942
5 0.32274998930256515 0.9875457403470201 0.3291168134817326 0.9325866792066366 0.4340002162108476 0.9447330474845785 0.42763432430615467 0.9996912656491583
3 0.6660485832533141 0.1261000411393049 0.6645865935216761 0.03398527173877915 0.7545935784085032 0.0325567540130757 0.7560556685875781 0.1246714129162521