5 0.13351741866142675 0.05082388183877466 0.11187649664657329 0.09312209961970162 -0.014154091480463649 0.028641379756219196 0.007486827491675285 -0.013656789482469981
5 0.39257806119553607 0.04296839001402076 0.3925781759526217 0.08496076680614739 0.16210938292056198 0.0849610575295553 0.16210936321306235 0.042968759080310115
5 0.9999999883324335 -3.201355984921086e-8 1.0000000055208602 0.041015620857006926 0.7128906108837327 0.04101559486323933 0.7128906323129058 3.130069783594803e-9
5 0.7133054146368067 0.9989870510719341 0.6563661898139799 0.999466522465564 0.6479534264485665 0.00011098826351664948 0.704885795958262 -0.00036845932621663917
5 0.388671875 0 0.435546875 0 0.435546875 1 0.388671875 1
5 0.43001957278181635 0.4154920424474034 0.4294897563900122 0.3804915152563442 0.657923204372878 0.377032491203205 0.6584534959274606 0.41203253359852504
5 0.6467743766243075 0.04502762237252652 0.6464152406874746 0.08238722912670039 0.4274225560563991 0.08028179366460308 0.4277817695264048 0.04292226410807008
5 0.38867254763363235 0.4345703125 0.16796818869897834 0.43457031250000006 0.16796891583817342 0.37890625 0.3886717808318281 0.3789062500000001
5 0.7070705938961055 0.2941575881578295 0.7061772429690336 0.24499029413954226 0.9999361407718652 0.23965168810945955 1.000830070580946 0.28881836271344447
5 0.9999988795111676 0.5078117393124079 1.000000058392743 0.5683592409112062 0.7089841337420921 0.5683605183485675 0.7089844028989774 0.5078144504463147
5 0.43006497324245174 0.7583538002561169 0.42942992572932326 0.7163699910902074 0.6620051836474659 0.7128500522883101 0.6626413075404116 0.754832771679913
5 0.11914110244993026 0.7646484375 0 0.7646484375 7.843739240342984e-7 0.712890625 0.11914049995425557 0.712890625
5 0.1693965684445402 0.7573070780129942 0.16788652585898944 0.7216936052034921 0.39006017480562605 0.7122725878194324 0.3915710639198551 0.7478851694329538
5 0.17093902646013248 0.9990163083063855 0.12286145628206668 0.9993532829905674 0.11586039661995073 0.00011198069131585204 0.16393079454610415 -0.00022496917862244785
5 0.12695309236630692 0.5097649445013761 0.12695360957638968 0.5556637402306752 4.236790118739009e-8 0.5556642683953357 -3.3417109079891816e-9 0.5097659432765367
5 -1.1368683772161603e-13 0.2958984408152758 1.2602322385646403e-7 0.2558593166262828 0.12499998244493327 0.255859466058487 0.12500006625668902 0.2958983823999283
5 0.9991825862751966 0.7773351042857092 1.0004181452771945 0.8408206660375016 0.7119949653559843 0.8464267926265084 0.7107617141982701 0.7829435074586719
2 0.05265738736898129 0.11319998715055582 0.05351565630257937 0.08144529394869184 0.09640027287264274 0.0826043768278343 0.09554202491892738 0.114359049571597
2 0.0937500326076588 0.15234375 0.042968741159143065 0.15234375 0.04296877848707936 0.115234375 0.09374999263695827 0.115234375
2 0.001135639254130183 0.15095624812848504 0.03528439617832646 0.15258236494978092 0.032284005912970315 0.2155905250506852 -0.001864750781010116 0.21396441108771005
2 0.033203125 0.1640625 0.052734375 0.1640625 0.052734375 0.2119140625 0.033203125 0.2119140625
2 0.09530153037337641 0.1555113403972348 0.09828087059599966 0.19722100879450666 0.05330941218994667 0.20043325563668837 0.05033012633191447 0.15872363855886912
2 0.05252757114112683 0.2150849823578228 0.08926930337020167 0.2122587418384436 0.09173942956783776 0.24437041754016317 0.05499769773666685 0.247196654871716
2 0.05499169447045915 0.24455687194985204 0.037029316916687094 0.24618978922500315 0.03456391223232913 0.21907017927992375 0.05252625539549172 0.21743726357965606
2 0.27319002689193894 -0.00003232100769184941 0.2735316139205679 0.02831918095283774 0.1875830562679539 0.029354703031742837 0.18724147525767876 0.0010032091926629161
2 0.3600023545465092 0.0010598024404139563 0.3590887315889404 0.029382147481774437 0.326171875 0.02832031249996734 0.32708550000859304 -0.000002030237503635364
2 0.3066406249516831 -1.4868794182337947e-9 0.3066406265591013 0.03710937612564138 0.27636718596033916 0.03710937455837055 0.2763671875 1.8580154398940193e-14
2 0.193359375 0.13671875 0.2578125 0.13671875 0.2578125 0.16796875 0.193359375 0.16796875
2 0.197265625 0.08984375 0.2265625 0.08984375 0.2265625 0.1337890625 0.197265625 0.1337890625
2 0.3085937648706931 0.13574219127349837 0.28137167900001714 0.13683106983509377 0.2803951271149572 0.11241700304615691 0.3076171875 0.11132812500000157
2 0.3691405808156105 0.09570308649003899 0.3691406414653784 0.16992188843695036 0.32617187287132765 0.16992187085402258 0.3261718769077788 0.09570313285534943
2 0.3777458600752652 0.17817091835783164 0.3753561715448086 0.209237127093287 0.32233453529033795 0.2051585587497339 0.32472426795607134 0.17409239868033663
2 0.314453125 0.2421875 0.373046875 0.2421875 0.373046875 0.27734375 0.314453125 0.27734375
2 0.193359375 0.212890625 0.244140625 0.212890625 0.244140625 0.2490234375 0.193359375 0.2490234375
2 0.24218753781201485 0.2080078125 0.19921873894384134 0.20800781250000003 0.19921879284243005 0.169921875 0.2421874968490556 0.169921875
2 0.22010205911453795 0.30265924721235293 0.22081007946462705 0.2693880603155686 0.27401905301928764 0.2705203252546147 0.2733111117648832 0.30379143369997236
2 0.3076171875 0.3691406249999863 0.3082750354851669 0.31982629524787737 0.3830010437840201 0.320823022580153 0.38234339062887557 0.3701371623909086
2 0.27148436772779405 0.3281249644756897 0.2714844162605914 0.3603515627939368 0.24414062679204562 0.3603515601279152 0.24414062434584594 0.3281250078143311
2 0.21875007314281447 0.3681640625 0.18164058881257006 0.3681640625 0.181640683302021 0.32226562499999994 0.21874998720011263 0.32226562499999994
2 0.3710936810958856 0.2792967656304046 0.3710937743242084 0.30957030616380987 0.30859375687225565 0.3095703709118093 0.30859374843282694 0.2792969153223661
2 0.10546880787057944 0.36328124999999994 0.06249999415376806 0.36328124999999994 0.062500118873686 0.30078125000000006 0.10546865972219166 0.30078125000000006
2 0.021484375 0.298828125 0.056640625 0.298828125 0.056640625 0.3310546875 0.021484375 0.3310546875
2 0.0009765588788468449 0.3378906249475211 0.01840949171696593 0.3381432649356959 0.017432932819815505 0.4055260765180781 0 0.40527343750000017
2 0 0.439453125 0.017578125 0.439453125 0.017578125 0.4970703125 0 0.4970703125
2 0.030697531871510364 0.4260654004730648 0.0709774979507074 0.4245162743208312 0.07390717125520041 0.5006880862885323 0.0336272056223379 0.5022372041100299
2 0.01984081202078869 0.6487212771187338 0.01698843305621267 0.5831182416443914 0.05250199445470116 0.5815743563285131 0.05535458210340494 0.6471771732171316
2 0.0703125 0.564453125 0.111328125 0.564453125 0.111328125 0.611328125 0.0703125 0.611328125
2 0.0009765595909811964 0.6308593749061739 0.01778115373770106 0.6314013889260969 0.01680459406566115 0.6616748249051185 0 0.6611328124999996
2 0.0009765578423639454 0.6640624999009151 0.018505193158375732 0.664435394806131 0.0174932836238213 0.7119953567147226 -0.00003535163000378816 0.7116224636736816
2 0.10445228687979125 0.6602939152929759 0.1032967015628401 0.6926539812921633 0.038089588989805634 0.6903254129224604 0.03924538326293714 0.6579655637710785
2 0.0190325597732226 0.7089515883955799 0.020172696003328383 0.6576746678606662 0.10363806860095792 0.6595300806000949 0.10249838788968191 0.7108065566598603
2 0.04481929320093059 0.8007167227840312 0.04566471060115873 0.7610070489875065 0.10394084033873696 0.7622474537947751 0.10309570437868842 0.8019568518196608
2 0.015625 0.8046875 0.083984375 0.8046875 0.083984375 0.8515625 0.015625 0.8515625
2 0.054321850445717246 0.9705430582593234 0.055022278794922386 0.9390480744379767 0.1137605496563765 0.9403538988888193 0.11306039644159682 0.9718486134140893
2 0.04296850176535827 0.8886718713636993 0.042968799396021495 0.8593749338224739 0.10937501705234354 0.8593754367866812 0.1093749784853344 0.8886721154613423
2 0.07832066904700241 1.0000173493490234 0.0778155869204511 0.9772852539836825 0.12254164810337898 0.9762917097695232 0.12304687976984496 0.9990236521067883
2 0.1798831652690751 1.000017350560145 0.17902628386548258 0.9614511172030425 0.22644198411455818 0.9603978633160002 0.22729913216312525 0.9989638244755276
2 0.23855714160720254 1.000017962890743 0.23806951586311698 0.9809998734864014 0.27685602014923916 0.9800056230672962 0.27734375419822754 0.9990236011963972
2 0.33203125 0.9375 0.37109375 0.9375 0.37109375 0.9755859375 0.33203125 0.9755859375
2 0.31796628985239295 0.9360771194088988 0.3162913439419981 0.9009075726926947 0.37048379267730525 0.8983272647677258 0.37215899167472344 0.933496544351778
2 0.37695307921489984 0.986328085205451 0.376953125 0.9990234374999436 0.345703125 0.9990234624447863 0.34570313920357876 0.9863281702676162
2 0.37109405540672924 0.8945312500000001 0.30078093202700984 0.8945312500000001 0.30078127725471404 0.857421875 0.3710937037265012 0.857421875
2 0.3334523122800874 0.8246698917248424 0.37046746202429404 0.8215859639562378 0.37330281690822176 0.8556103661588611 0.33628766886226913 0.858694280450704
2 0.19762259072649613 0.855648119752145 0.1971003881883462 0.8310994041617268 0.25184617801699005 0.8299350049187358 0.252368549289713 0.8544835477125785
2 0.20156137778371885 0.9142123912580621 0.2008974218157391 0.8856574285874641 0.2555552786809585 0.8843867416079154 0.25621944343038194 0.9129414904574491
2 0.23056508136755838 0.7995823626901796 0.19064891854043253 0.8017995196580026 0.18817618070818298 0.757286398179216 0.22809192090085162 0.7550692530056934
2 0.27906802286895527 0.8076035450755225 0.24826899750939901 0.8057921771207596 0.25076782586904756 0.7633149922588336 0.281566536861078 0.7651263509138272
2 0.2578125 0.8046875 0.28515625 0.8046875 0.28515625 0.8232421875 0.2578125 0.8232421875
2 0.25184076407276734 0.87292518663659 0.25264602031973027 0.8528010666764533 0.28376799000375286 0.8540460965614611 0.2829628193312601 0.8741701339996225
2 0.2472249294772837 0.9199007316206516 0.250448490720828 0.9437474458411763 0.21208672917316562 0.9489315796687738 0.20886331361850807 0.9250849970516926
2 0.3320310027547748 0.8232421868897244 0.3320313725470214 0.7675780236227677 0.3750000333635626 0.7675783224284328 0.37499995278699316 0.8232421974066005
2 0.466796875 0.89453125 0.50390625 0.89453125 0.50390625 0.9306640625 0.466796875 0.9306640625
2 0.5048425947051101 0.8872107158727736 0.4668573326856631 0.890375432104299 0.4632207263056216 0.8467333297619096 0.5012055506351771 0.8435686318733452
2 0.4997063235107362 0.8393683404941495 0.4634090276516645 0.8369490121389915 0.46618334915990545 0.7953370067145389 0.5024802696613051 0.7977563225257256
2 0.5175782814587819 0.7949218750000001 0.46484369290169525 0.7949218750000001 0.46484395935954126 0.7539062500000001 0.5175780380789092 0.7539062500000001
2 0.5885314106275246 0.8132600637511533 0.5862290065625757 0.7649134500335574 0.6351320757618168 0.762584966080391 0.637434749200338 0.8109312964817048
2 0.6338843631016289 0.8135565142478497 0.6373112490109634 0.8512423018878064 0.5980405524533126 0.8548123615143862 0.5946138704416626 0.8171267632303655
2 0.6386718063135959 0.8652341350851634 0.638672069764425 0.9062499704681617 0.5976562695065013 0.9062500157842549 0.597656233034968 0.8652344076306819
2 0.5997007649061743 0.9512578773536182 0.5985789996101403 0.9142416436035311 0.6336436832874597 0.9131793387665436 0.6347656272590712 0.9501953870331133
2 0.591796875 0.955078125 0.615234375 0.955078125 0.615234375 0.9990234375 0.591796875 0.9990234375
2 0.63671875 0.955078125 0.654296875 0.955078125 0.654296875 0.9990234375 0.63671875 0.9990234375
2 0.5374365892522519 1.0000667191080126 0.5369592347883554 0.9814488974656541 0.5799497744391147 0.9803468737091018 0.5804272464115456 0.9989645747749929
2 0.5589838797667426 0.9607421671198069 0.5612892925175856 0.9768749604855237 0.5394147291099216 0.9799999281324621 0.537109375 0.9638671875000067
2 0.5587756313003638 0.9806303832892054 0.5574687775496159 0.9584185635676992 0.5838024832795554 0.9568696257838081 0.5851094179789698 0.9790813590704449
2 0.46321910367475994 0.4708198966062326 0.4622221185835542 0.4319331627351346 0.5186252357992771 0.4304871495427202 0.5196223673808618 0.46937373252389014
2 0.5468748685648279 0.4316403255464674 0.546875074648483 0.46972651271167765 0.4628906140762865 0.46972662763500334 0.4628906275219151 0.43164066070552637
2 0.5096641431396165 0.5206889063102027 0.4660500375873653 0.5186121975942297 0.4683214660331032 0.47091535584165806 0.5119352577414702 0.4729920570761888
2 0.46875 0.5234375 0.505859375 0.5234375 0.505859375 0.564453125 0.46875 0.564453125
2 0.5078125909216169 0.609375 0.4667968188140321 0.609375 0.4667969311858542 0.576171875 0.5078124565160351 0.576171875
2 0.46712016249739463 0.5650659994551867 0.465032260772432 0.5295728983752316 0.5056775166989382 0.5271821212000645 0.5077655312068146 0.5626751020165679
2 0.462890625 0.66796875 0.51171875 0.66796875 0.51171875 0.705078125 0.462890625 0.705078125
2 0.5140450236053766 0.624988734329996 0.5765235827182096 0.6105726267362841 0.5968994759059569 0.6988691942033987 0.5344209623920051 0.7132851691298855
2 0.6015625 0.6640625 0.642578125 0.6640625 0.642578125 0.697265625 0.6015625 0.697265625
2 0.6257068923547422 0.6126075767209777 0.6275661328922979 0.6442079594529333 0.5797079204679676 0.6470232068782291 0.5778488329234506 0.615422968960188
2 0.636903961223652 0.6121001357189055 0.6054394169187844 0.6136731990858687 0.603118686649168 0.5672560900007385 0.6345829697451109 0.5656830331592398
2 0.6505369505173348 0.5429615135899823 0.5978363065826215 0.5455963315340581 0.5954669085009527 0.498205006349278 0.6481671566559726 0.49557019831806093
2 0.5975936178333541 0.446425847232559 0.6344571162863986 0.44515477575329465 0.6355032650054682 0.47549315879433535 0.5986397666750918 0.47676422756680664
2 0.552734375 0.4375 0.583984375 0.4375 0.583984375 0.484375 0.552734375 0.484375
2 0.4995736173430032 0.36159675089162846 0.46080951219551025 0.35642838474816924 0.4660037197638758 0.31747246458704587 0.5047676688251386 0.3226408201599108
2 0.5102937958715756 0.31869762017022557 0.5465292106738389 0.32096225119030375 0.5432081429232767 0.3740993934075141 0.5069727286870602 0.371834768741615
2 0.5835332725895341 0.32473923378599684 0.6257287141237384 0.32172538369210363 0.6287922407442466 0.36461482794835687 0.5865967999800432 0.36762867124029586
2 0.595703125 0.267578125 0.62890625 0.267578125 0.62890625 0.3125 0.595703125 0.3125
2 0.5758607389084318 0.2556433163190552 0.5782720488817858 0.2194758290558156 0.6327174907571589 0.22310566246167438 0.6303062570406155 0.25927307788498416
2 0.5162306532861294 0.24477607663832587 0.4660804090842703 0.251462681481448 0.4584982691312689 0.19459600088465984 0.5086483237774928 0.18790940882820117
2 0.455673598063413 0.26805449576896573 0.4540062722039693 0.25304876613734645 0.4814453125 0.2499999999999919 0.48311265258337244 0.26500571317745997
2 0.46739901972318876 0.30509309863105666 0.4655489049158632 0.2588389257007276 0.5146109762729338 0.25687655065850806 0.5164611845513036 0.3031306249356172
2 0.4493457853071732 0.18366561096161546 0.44842702175253635 0.14783171892754218 0.5038292549364769 0.14641123354861232 0.5047480672354823 0.1822450750334046
2 0.4957882676250165 0.10675391703743607 0.49317198449159605 0.13727745394221436 0.45084899104813303 0.13364978389365753 0.45346529570520033 0.10312627048216748
2 0.6226908585550746 0.09607330505637923 0.6203325462146267 0.13734486299300563 0.5409043841275434 0.1328061649804948 0.5432627501356819 0.09153466371249852
2 0.6132812973074806 0.216796875 0.5761718440930963 0.216796875 0.576171883972961 0.177734375 0.6132812487869614 0.177734375
2 0.587737192004397 0.15415800965840018 0.5890791020605093 0.1809952463818189 0.5472403173258726 0.18308720759160232 0.5458984375 0.15625000000001718
2 0.5250371176283579 -0.000013257404027320886 0.5254719317834997 0.02042297084167421 0.47882582654062844 0.021415440424533968 0.47839101397630657 0.0009792138038638792
2 0.5800781181541197 0.034179687195630123 0.5800781255350103 -4.960976203608838e-10 0.6250000026104772 8.622809378687203e-9 0.6249999991246113 0.03417969239409567
2 0.20417461024396744 0.4768751588984992 0.2026661754646284 0.43011178009446593 0.24338736303820951 0.42879833981387 0.2448959246821687 0.4755615869752897
2 0.248046875 0.4482421874999884 0.24988241183257287 0.4188768736289673 0.2811323452525585 0.4208300964549571 0.27929687267715053 0.450195349662495
2 0.3141476467017128 0.4763883088338687 0.3152987050750653 0.42920784151327074 0.36990593752568657 0.4305399825980656 0.36875506141882397 0.4777202726000119
2 0.25529199677657743 0.5257479867798581 0.21350595577507647 0.5239313422577363 0.21507224167987715 0.4879090788507157 0.2568580510932179 0.48972571834231043
2 0.17578116443644376 0.586914068658375 0.17578125664454092 0.5468749923261509 0.21874994912479906 0.5468751068504308 0.21875000569389158 0.5869140334501921
2 0.24823935936080943 0.6489693938829098 0.20377998958974786 0.6514390654857112 0.20110290252034702 0.6032479968190065 0.24556186333211372 0.600778336612828
2 0.20411143842898127 0.6945573930480591 0.2071746386382074 0.6629106278522082 0.24687310206195434 0.6667526297393228 0.2438100435714432 0.6983992640383416
2 0.318359375 0.662109375 0.3671875 0.662109375 0.3671875 0.693359375 0.318359375 0.693359375
2 0.3673353105006072 0.614675636929321 0.3697867356847837 0.6538902694252055 0.31932466610794563 0.6570441756665891 0.31687344359295366 0.6178297343215294
2 0.3677059251265291 0.5484601939997035 0.3692794661060361 0.5799246931206385 0.3196965232034472 0.5824039259781507 0.3181231230043977 0.5509395615880972
2 0.32198016318045575 0.4967397315059624 0.36524945633061634 0.49133150981083884 0.3695613384202261 0.5258266902252242 0.3262920480899538 0.5312348972674802
2 0.7092055839250406 0.06708607025657558 0.7364737999470208 0.06852123575429674 0.7342994659659325 0.10983360220598994 0.70703125 0.10839843750000101
2 0.7695312592243226 0.08105468750000001 0.7343749930820422 0.08105468749999997 0.7343750065340373 0.04687499999999998 0.7695312491351842 0.04687499999999999
2 0.773543918371729 0.1315851466616305 0.7348765750850816 0.13400184650758235 0.7326232859442143 0.09794883053696439 0.7712905804817183 0.09553213221977486
2 0.726562444035153 0.2197265620910429 0.7265625286194108 0.16601560046971706 0.7636718886784593 0.16601566357540332 0.7636718622295575 0.21972656780993582
2 0.7841796781088988 0.18164062353918606 0.8143947410446799 0.18634068044066082 0.8069325661721223 0.23431184796772536 0.7767175048978743 0.229611798315324
2 0.8411227868350579 0.17836521893134394 0.8842903083348119 0.17548742064796014 0.8877817330646849 0.227858845232723 0.8446142120325248 0.23073663884781065
2 0.8919577233970131 0.05345817794409295 0.9306410891855421 0.05048254252273741 0.9359030334726413 0.11888787205699833 0.897219667983677 0.12186350472193098
2 0.8847656457492121 0.10644531250000001 0.8437499847210574 0.10644531250000001 0.8437500157883733 0.046875 0.8847656204351324 0.046875
2 0.8006102566644131 0.05488129220585695 0.8359944989321093 0.05266978097573372 0.838331408154545 0.09006034332060502 0.8029471659563114 0.09227185363604858
2 0.9417279377407795 0.03976333292269891 0.9977366705314807 0.044071688905720836 0.9926240808828197 0.11053538292188764 0.9366153485510722 0.10622703023269783
2 0.923828125 0.029296875 0.96484375 0.029296875 0.96484375 0.064453125 0.923828125 0.064453125
2 0.957031286834308 0.22363281250000003 0.9003905493337925 0.22363281249999994 0.9003906349560111 0.18164062499999997 0.9570312259162392 0.18164062499999997
2 0.9609375 0.181640625 1 0.181640625 1 0.22265625 0.9609375 0.22265625
2 0.7499503271715184 0.3796228249601711 0.7187845122200542 0.37870621497491275 0.7207917538822812 0.3104633170331874 0.7519573457141178 0.3113799237393311
2 0.765625 0.318359375 0.798828125 0.318359375 0.798828125 0.3740234375 0.765625 0.3740234375
2 0.755859375 0.359375 0.78125 0.359375 0.78125 0.404296875 0.755859375 0.404296875
2 0.7308973792005418 0.4045089768559053 0.7297307993676441 0.38001091607766746 0.7557135485127446 0.3787736903687279 0.7568801644031282 0.4032717132372971
2 0.8024746288485858 0.3175277452484153 0.837558394793632 0.3159330875981217 0.8400148977542585 0.3699762849035767 0.8049311321441337 0.37157093803378305
2 0.8735256479808413 0.36109267282324503 0.8752194156124915 0.31536540123527024 0.9083770416228845 0.316593549891774 0.9066833548765771 0.36232074339962195
2 0.9556240239704721 0.36163047112954855 0.9183111374669579 0.365558008748966 0.9132009982148475 0.31701089533525567 0.950513697643828 0.3130833676559274
2 0.9199219059643156 0.40234375 0.9003906214595645 0.40234375 0.9003906592236035 0.3710937500000001 0.9199218717967597 0.3710937500000001
2 0.962890625 0.314453125 0.998046875 0.314453125 0.998046875 0.375 0.962890625 0.375
2 0.9461609755932159 0.40212140268820623 0.9477034405351787 0.428340491122518 0.9075162461200534 0.43070448415376167 0.9059738516509697 0.40448546251032313
2 0.7519530199241444 0.43749991570884994 0.7519531439866114 0.4960937761199614 0.7207031192070872 0.4960937393688176 0.720703125319119 0.4375000088554351
2 0.806640625 0.435546875 0.83984375 0.435546875 0.83984375 0.49609375 0.806640625 0.49609375
2 0.845703125 0.44140625 0.87890625 0.44140625 0.87890625 0.501953125 0.845703125 0.501953125
2 0.8825619089603833 0.43466605539041797 0.9155328756310155 0.43323262977629845 0.9180645608549867 0.491461578117794 0.8850935945622496 0.4928949978635842
2 0.9252175452733127 0.49048953348361024 0.9235590524729105 0.4423919920307868 0.9607588816332964 0.4411093682258508 0.9624174966269265 0.48920678296012005
2 0.96484375 0.435546875 0.99609375 0.435546875 0.99609375 0.4912109375 0.96484375 0.4912109375
2 0.800781098301286 0.41406240803144273 0.800781304118459 0.5097657112799721 0.7597655882558456 0.509765618094359 0.7597656593642341 0.41406259417535196
2 0.7578124622964424 0.5800780456227845 0.757812615082571 0.6386719034267203 0.7304687523478606 0.6386718611720673 0.7304687482351255 0.5800781517330064
2 0.7612873037998042 0.5685426042572986 0.7947873559232903 0.5673875625956935 0.7976033642473794 0.6490522450358085 0.7641033125487411 0.6502072779349044
2 0.80078125 0.572265625 0.83203125 0.572265625 0.83203125 0.625 0.80078125 0.625
2 0.8789060354455387 0.5839842222068774 0.8789062708083293 0.6513671993773827 0.8437500019588242 0.6513671442078249 0.8437499892763753 0.5839843890582944
2 0.888671875 0.580078125 0.919921875 0.580078125 0.919921875 0.6416015625 0.888671875 0.6416015625
2 0.9109670175340625 0.6563421255754485 0.9097950891637083 0.6293889694388857 0.9353920857079174 0.6282761369971603 0.9365640784437801 0.6552292259498249
2 0.9611318429291487 0.6277138905585004 0.930070542350677 0.6293485158143911 0.9277614566454986 0.5854733344078298 0.9588225071086072 0.583838715719426
2 1.0000001577715238 0.6210937499999999 0.9687499054297177 0.6210937499999999 0.9687500153951305 0.572265625 0.9999999899296199 0.572265625
2 0.98828125 0.62109375 1 0.62109375 1 0.6552734375 0.98828125 0.6552734375
2 0.7281973822741747 0.711770400319344 0.7636874939440759 0.7103510375582419 0.7661803664876743 0.7726732333072815 0.730690255421905 0.7740925860606048
2 0.775390625 0.724609375 0.810546875 0.724609375 0.810546875 0.7724609375 0.775390625 0.7724609375
2 0.814453125 0.712890625 0.845703125 0.712890625 0.845703125 0.76953125 0.814453125 0.76953125
2 0.8611808710506921 0.7161924292329924 0.896357452311463 0.7147269880076893 0.8986338364372841 0.7693605113959773 0.863457255729486 0.7708259435574022
2 0.9019066120954449 0.7651394193797639 0.904497047596351 0.7159335532242715 0.9358656153527818 0.7175847044751172 0.9332753629522585 0.7667903960764177
2 0.9687501048667855 0.763671875 0.939453044912625 0.763671875 0.9394531981228056 0.720703125 0.9687499730343916 0.720703125
2 1.000000167729695 0.7636718749999999 0.9707029960212594 0.7636718749999999 0.9707031658954293 0.7109375 0.9999999901335741 0.7109375
2 0.7470777925292396 0.8907945074759093 0.7456330567697478 0.8575692649247839 0.7801294836649504 0.856069603513884 0.7815743651143521 0.8892946931685096
2 0.7470703074939138 0.9082031248647365 0.7821481544769995 0.909150923652513 0.7810946116624109 0.948132179095052 0.7460167648862353 0.9471843855415578
2 0.8535157709216037 0.8994140625000001 0.8164060489814347 0.8994140624999999 0.8164064332815997 0.8359374999999999 0.8535155337998503 0.8359374999999999
2 0.859375 0.8515625 0.890625 0.8515625 0.890625 0.8984375 0.859375 0.8984375
2 0.9289121918396859 0.8530104113520869 0.9324423144107641 0.8953596337391964 0.8973668553925336 0.898282563925425 0.8938369460039439 0.8559335402028756
2 0.939453125 0.849609375 0.970703125 0.849609375 0.970703125 0.904296875 0.939453125 0.904296875
2 1.0000001006092134 0.9257812500000001 0.9804687303691253 0.9257812500000001 0.9804688481543735 0.884765625 0.9999999975461833 0.884765625
2 0.763671875 0.970703125 0.783203125 0.970703125 0.783203125 0.9990234375 0.763671875 0.9990234375
2 0.8475405573889248 0.9508484479736459 0.9234145616169371 0.9491628524825707 0.9245193319997043 0.9988779126552487 0.8486453282042703 1.0005634957163514
4 0.12207031241075583 -7.581902768946879e-9 0.12254819147881335 0.04061937907869237 0.03954036821812679 0.04159593452955296 0.0390625 0.0009765624999467053
4 0 0.009765625 0.046875 0.009765625 0.046875 0.1513671875 0 0.1513671875
4 0.15213113124582378 0.33478694875251136 0.09508426697311734 0.3404914682211589 0.0882485290137538 0.2721320591359741 0.14529503053165627 0.2664275580352464
4 0.000980095969453032 0.20686510458652185 0.016390340798693614 0.20719297658794386 0.015410244810595941 0.2532575589719939 0 0.252929687500001
4 0.11441723315078889 0.6089986253786559 0.1176059643374856 0.6600080232470673 0.0728587412535262 0.6628047287593739 0.06967024427933666 0.6117955525220385
4 0.0600924472139468 0.9291310207829517 0.06667742702950363 0.8852453839055457 0.12751484632599386 0.8943716229587052 0.12093028540073192 0.9382568844908635
4 0.08691503933823697 0.8886727234465487 0.06835811982148243 0.9072252809063659 0.04784994986698621 0.8867171395156331 0.0664067966707762 0.8681646547590076
4 0.06462710401046934 0.8614904898124993 0.0632352691259257 0.8211288480215723 0.10023312364137382 0.8198533137898776 0.10162514334149364 0.8602147631071912
4 0.02372184020964596 1.0001021686830107 0.023038455188043372 0.9693445720007787 0.07158202539471858 0.9682662495687511 0.07226562911648671 0.9990236227115001
4 0.2538112066249596 0.08338260715412041 0.28470231100470755 0.10584877207637787 0.2515519754995239 0.15143046665672527 0.22066089041038595 0.1289643242203958
4 0.3377431076742141 0.23723025488785637 0.27070734315952905 0.2752771154081854 0.2235280796794541 0.19215168478878358 0.29056350692417254 0.15410494584545686
4 0.16273571889917093 0.17705415654187612 0.18956761809272393 0.17929012144437922 0.18646955977146717 0.21646684314770676 0.1596376608825949 0.21423088074633634
4 0.277497748183805 0.2588076238185122 0.31346422663466456 0.2631234800981138 0.3046104962879781 0.33690473022601225 0.26864402055957726 0.332588888551023
4 0.22054619777179596 0.5681257919716478 0.21374069468890866 0.498709895152286 0.32029136192181795 0.48826443305332295 0.3270973959023422 0.557679730855208
4 0.20837835435474972 0.5073748198761279 0.17427256300686622 0.5102167690892041 0.1695784551793622 0.45388598962196275 0.20368396700405356 0.45104405208135884
4 0.2564624378372855 0.49112276688779444 0.25512873600871444 0.45244289409456817 0.31943794578842244 0.4502255715733924 0.32077182009447824 0.48890526525720657
4 0.38631808423826897 0.5069456209152609 0.3987809624265992 0.5339460449642206 0.3499817821856368 0.556468714767508 0.33751904209930217 0.5294684080426167
4 0.2653244664172689 0.5454474863575531 0.2957333425529214 0.5371549700416984 0.31250015229784367 0.5986333735190705 0.28209129480637785 0.6069258436198972
4 0.29926378466473125 0.5814756255618803 0.3206580541634594 0.5841496217810443 0.3182091526872455 0.6037408563843031 0.29681488407379675 0.6010668649283395
4 0.33046725621409223 0.6055903647740841 0.33002461890373525 0.5821243604303618 0.3882291202064607 0.5810264898917012 0.3886718784547156 0.6044923705989624
4 0.32547757889381046 0.5791514066440646 0.34548074263022954 0.5964855765591066 0.32511635870991995 0.6199829099525777 0.30511324107988 0.6026487892306697
4 0.1653894350996552 0.6565853989572752 0.2043826890451328 0.6536974352902065 0.2092188415098235 0.7189859289790815 0.17022558974258573 0.7218738728156503
4 0.28320296096558195 0.6894529755773254 0.28320317405280093 0.72363280394593 0.21289059103185082 0.7236328384834215 0.21289063619201443 0.6894532680441853
4 0.23888825298706706 0.6452435167569831 0.28544672253985937 0.6374848395935917 0.2934967131355961 0.6857850618195648 0.24693825296367322 0.6935437004326904
4 0.32044495700608877 0.732237081868763 0.3137401579605239 0.6920131612621498 0.3983051963438129 0.6779192538951704 0.40501028904566283 0.7181428016810042
4 0.40451896521346953 0.6496847190694229 0.40848390295514037 0.6893274037633159 0.36864769695137056 0.6933109982753681 0.36468293551013176 0.6536684766237122
4 0.2005863152751317 0.811719327866461 0.16835894029838983 0.8224597396206422 0.15507789613889145 0.7826162783321413 0.1873049690464086 0.7718759210946831
4 0.171875 0.845703125 0.2109375 0.845703125 0.2109375 0.896484375 0.171875 0.896484375
4 0.29863263052232014 0.7574222509141093 0.34668047264426605 0.7734351893377798 0.33164120071205616 0.8185529526843589 0.2835934007692913 0.80254010540668
4 0.310546875 0.740234375 0.341796875 0.740234375 0.341796875 0.7685546875 0.310546875 0.7685546875
4 0.39057851201550875 0.8000991387001154 0.40368202831029976 0.8179639139225274 0.38522355875579706 0.8315000965934117 0.37212009864254014 0.8136353721501587
4 0.404297079947014 0.923828125 0.36718736032707966 0.923828125 0.3671876707098818 0.8652343749999998 0.4042967939750497 0.8652343749999998
4 0.371330412584598 0.9691058525047191 0.3766113408988758 0.9924851388288195 0.330931175792216 1.0028000909992512 0.32565043680961026 0.979420969033402
4 0.20152442320318187 0.8340093327222953 0.20039501412395566 0.8057730476819849 0.2555411013996718 0.8035676403660894 0.2566706966875927 0.8318037310202169
4 0.30425314636477196 0.8400964492471267 0.285511418662054 0.8632432051155237 0.26107017202741645 0.8434575388680011 0.27981184918337476 0.8203108763635891
4 0.25843441229733344 0.8939781735136473 0.29057610171003034 0.8679653472061336 0.32305036600996573 0.9080811612139257 0.2909088433331135 0.9340938032161664
4 0.3333463230349025 0.955822135741914 0.3344029382883491 0.9885509301810896 0.23338659229875702 0.9918101678468197 0.23233048301165127 0.9590818638727938
4 0.3298060863593264 0.9668603676970813 0.30162965851161516 0.964299578722301 0.3045434852145945 0.9322493450337601 0.3327196519783229 0.934810122057261
4 0.49779766016115445 0.833922839176289 0.5875068815553277 0.8264488624815587 0.598147941702905 0.9541422081075963 0.5084387365244538 0.9616160540139393
4 0.421875 0.833984375 0.466796875 0.833984375 0.466796875 0.9140625 0.421875 0.9140625
4 0.4232750239566485 0.9223674676847239 0.45257194431076186 0.9204148740639054 0.4558127211400915 0.9690267440475674 0.4265158021900106 0.9709793239446343
4 0.5173936065862108 0.9249204359021641 0.5207499797128321 0.9584718430462791 0.4683443648254979 0.9637125193875993 0.464988267172771 0.9301613651274527
4 0.5869915708991584 0.742734295153623 0.5956262706504276 0.8031640496503375 0.5228911436918224 0.8135544999787634 0.5142570287180206 0.7531252702183573
4 0.5951863073483992 0.8389818990457011 0.5409574545368514 0.825427455023206 0.548540459217179 0.7950964139266586 0.602768908031635 0.8086508049585095
4 0.5778089866981873 0.652023348264599 0.4970068543675552 0.6464126189006191 0.5085951859130091 0.4795603326875145 0.5893949924138724 0.4851709808825884
4 0.4585825140787847 0.6588345424525492 0.4144642231419766 0.6478062731551114 0.43112356621543313 0.581170315376207 0.47524130860153946 0.5921985126688382
4 0.5025979734339217 0.12443833714101923 0.5840398285002948 0.1300549453879088 0.5749167940816733 0.26233929940563616 0.49347494169273887 0.25672271322590795
4 0.5078124215666548 0.33789050138059223 0.5078125478208904 0.3798828319978534 0.4374999982446752 0.3798828094840358 0.4375000334218839 0.3378906388310624
4 0.6484375333873231 0.23046875 0.6132812279251993 0.23046875 0.6132813006421429 0.17578125 0.6484374877851451 0.17578125
4 0.4259357335131426 0.04114318230243696 0.4254476194596464 0.0006275798392098546 0.5192781176378958 -0.0005028535066272977 0.5197662435487018 0.04001273458033661
4 0.5413804382440048 0.04108890665881955 0.5404022917542761 0.00685345214707669 0.5798232325047366 0.0057271500913875836 0.5808013836659711 0.03996259977581289
4 0.9346467345508245 0.8934799588458705 0.9331064095248394 0.9535876950384661 0.7821634176802945 0.9497182598250561 0.7837049813737167 0.8896117894205139
4 0.8489732807852306 0.9215704082797983 0.8011560695089202 0.9540781679060332 0.7625770585432292 0.8973444002195191 0.8103936143388637 0.8648369495243645
4 0.9990234256720214 0.8339842212801207 1.002746939723579 0.8823758499843234 0.9721285597745464 0.8847310865097021 0.9684052533782506 0.8363396518392311
4 0.8095246207699347 0.6966685293063569 0.7526192865922212 0.7010452593064839 0.7485409929249727 0.648023685629115 0.8054457088319396 0.6436469795429854
4 0.9936259620994861 0.6269565728435982 1.011275664368327 0.7107735849248672 0.854569011474041 0.7437650913204441 0.8369209128417197 0.6599494757577073
4 0.9414061335606903 0.42968751808671807 0.9414063135872084 0.3671874147742291 0.9999999971996658 0.36718760710889453 1.0000000393132495 0.4296874866326948
4 0.7606469118742325 0.2862518746748517 0.7891577846097562 0.28308408912185334 0.7928020236427074 0.31588228479489566 0.7642911517301627 0.31905006553801496
4 0.7803045996294031 0.4031237397913253 0.7788912876858376 0.36778962137947385 0.8389513884682174 0.36538737816125655 0.8403648198741394 0.4007213713492408
4 0.7645590476392954 0.17759703838558688 0.7817993292109122 0.09632271191498779 0.8494240819525203 0.11066752533588575 0.8321839425461803 0.19194172685689992
4 0.7734375 0.22265625 0.85546875 0.22265625 0.85546875 0.26953125 0.7734375 0.26953125
4 0.8411297467876011 0.2263981100225256 0.8150235573812097 0.22378752152331643 0.8211730571238149 0.16229310435338173 0.8472791504865427 0.1649036879722934
4 0.8816106419055814 0.14175179430538914 0.8550180221486698 0.15948014036693156 0.8182091138864962 0.10426679978873228 0.8448016830237748 0.08653847703502657
4 0.8946670965682415 0.18173369780636509 0.8939548363626955 0.14540414364612933 0.9999572162987533 0.14332586621888077 1.0006695703212927 0.1796553200600969
4 0.9368109537979308 0.09289240496642176 0.9751199654928087 0.09015605836923804 0.9784412676949614 0.13665431676522072 0.9401322562141559 0.13939066113533397
4 0.8801924497491882 0.08510385215409244 0.9121331915060864 0.0886528081129358 0.904844702721789 0.15424922720878112 0.8729039615675447 0.15070027557293605
4 0.0703125 0.412109375 0.123046875 0.412109375 0.123046875 0.509765625 0.0703125 0.509765625
4 0.10546875 0.905273437682042 0.10546877840715752 0.8886718684319329 0.11328126068485744 0.8886718859633838 0.11328125 0.9052734374999709
4 0.07812500000022737 0.9306640624999567 0.07940344590792847 0.9234217617385854 0.11260650621898094 0.9292813162344031 0.11132809941523192 0.9365235824395772
4 0.014882259218211402 0.9107540829643761 0.005429766587553786 0.8526996936600718 0.05109410189868413 0.8452663184560348 0.06054688100334715 0.9033203493694603
5 0.9189453125 1.0000000000000417 0.9183872345302007 0.9536252401538744 0.9997707186010985 0.9526459881257243 1.0003293509190598 0.9990201850525771
5 0.778043367854707 0.9515361951056174 0.776123428984306 1.001455259279667 0.712890625 0.999023437499989 0.7148110132534384 0.9491048416797047
5 0.9990232760910658 0.7773381636186145 1.0007694995571228 0.837773755160034 0.7122735468461769 0.8461015156496885 0.7105295385348427 0.7856680735334259