2 0.7619177887065689 0.046121986829807775 0.9054672891735436 0.04760186091577085 0.9009707229640753 0.483766814172583 0.7574212222845063 0.4822869656272099
2 0.9700465446749149 0.18358834668406074 0.9708311862846131 0.2314431503275749 0.9082519293320956 0.23246910545953872 0.90746738512496 0.18461439958840287
2 0.9430868071572149 0.3228294551339376 0.9124888922256105 0.3241597693912522 0.9087080259370168 0.2371978004796296 0.9393057148676007 0.23586749113039765
2 0.8624093934924986 0.24351438461278407 0.9178700957918409 0.2409935045833707 0.9211380476731392 0.31288862741263407 0.8656773460351133 0.3154094998145109
2 0.8945313401740123 0.3828125 0.8652343659172175 0.3828125 0.8652345039747615 0.30859375000000006 0.8945312462942638 0.30859375000000006
2 0.9140625 0.326171875 0.9453125 0.326171875 0.9453125 0.4013671875 0.9140625 0.4013671875
2 0.984085542949515 0.3983971221841176 0.9425241230252368 0.4008418148614347 0.9381735447934716 0.32687901265194946 0.9797346221148473 0.3244343301404638
2 0.9610812886654685 0.6234227832873667 0.9586563833213404 0.5676517152757098 0.9940005769576601 0.5661151510716468 0.9964256523976474 0.6218860410817969
2 0.8969757202133906 0.5721783537005136 0.9180186633165022 0.5659899232373341 0.9317651056469458 0.6127280242310621 0.9107221741592184 0.6189164274761303
2 0.8585617757048567 0.6217945583053082 0.8818577429188963 0.6248327849581284 0.877599344520263 0.6574805318874438 0.8543033792087726 0.6544423149862509
2 0.8506843877901247 0.5991287279827124 0.8526901697166522 0.6158412384446839 0.8242713581715861 0.6192515285552297 0.822265625 0.6025390625000305
2 0.8568934295386725 0.608823388354145 0.8441750297388353 0.605997382488476 0.8486328125 0.5859375000000111 0.861351166414579 0.5887635005748189
2 0.765625 0.59765625 0.796875 0.59765625 0.796875 0.6474609375 0.765625 0.6474609375
2 0.6963808139491903 0.5945082316544827 0.699931557428954 0.5483569224115391 0.7608688917714517 0.5530447834329294 0.7573184119512462 0.5991958448039686
2 0.7333984375 0.6171874999999982 0.7568753773817889 0.6163780499831987 0.7580073495169017 0.6492053224793529 0.7345304097626695 0.650014769929856
2 0.8121101662610499 0.629388862924339 0.8231654806324968 0.6484819128642935 0.7988364166670863 0.6625671508015447 0.7877811634092495 0.6434741538207848
2 0.997905558799971 0.7006463582945881 0.9705414775023655 0.6990369322451874 0.9726361217412887 0.663429642451718 1 0.6650390625000027
2 0.962890625 0.69921875 0.994140625 0.69921875 0.994140625 0.7578125 0.962890625 0.7578125
2 0.904296875 0.697265625 0.93359375 0.697265625 0.93359375 0.75390625 0.904296875 0.75390625
2 0.9236040760188189 0.6987542781473265 0.9005346549045044 0.6966573561380377 0.9028080250321864 0.671650902827332 0.9258773259583677 0.6737478193403003
2 0.8833684603732763 0.6742637710050775 0.8800026773182026 0.7011868483225348 0.8566853307705742 0.6982721940627199 0.8600511701314417 0.6713491828132472
2 0.8574219993985253 0.7519531250000002 0.8242187016361413 0.7519531250000002 0.8242189478510227 0.697265625 0.8574218445917268 0.697265625
2 0.783203125 0.708984375 0.814453125 0.708984375 0.814453125 0.748046875 0.783203125 0.748046875
2 0.7615571116558613 0.674009940774882 0.7830819145783607 0.6727439632106651 0.7855805550685773 0.7152209961641133 0.7640557526665361 0.7164869680296051
2 0.744140625 0.67578125 0.763671875 0.67578125 0.763671875 0.712890625 0.744140625 0.712890625
2 0.7363283197444161 0.755859375 0.7011717708651304 0.755859375 0.7011720374489414 0.693359375 0.7363281010842684 0.693359375
2 0.7079777249801964 0.8481350676221505 0.7432388778012182 0.8474156216261057 0.744258528367709 0.8973788317882142 0.7089973756708332 0.898098273003789
2 0.7644593245970555 0.9522871382945722 0.762847535174501 0.9839851767425151 0.6997159732536602 0.9807754977150498 0.7013280415577583 0.949077753473974
2 0.826171875 0.890625 0.85546875 0.890625 0.85546875 0.9345703125 0.826171875 0.9345703125
2 0.9238285783998208 0.9990234375 0.8554682582115447 0.9990234375 0.855468824836862 0.947265625 0.9238280977962177 0.947265625
2 0.9999993025842286 0.9453118865217006 1 0.9990234374999782 0.9414064693835371 0.9990236217430091 0.9414062371515683 0.9453125324760989
2 0.9746093285140205 0.8339840029541793 0.9746095241971489 0.8544920714130245 0.917968789650331 0.8544923293974862 0.9179687433040726 0.833984410233928
2 1.0000001561859335 0.8974609347605177 0.9807145110073634 0.8977992027010017 0.9797380768033008 0.8421351404447106 0.9990234375 0.8417968749999992
2 0.2562874136378923 1.0000051201486297 0.2557960613698924 0.9473117575043676 0.36319023111059323 0.946310104047541 0.36368241286641023 0.9990026322637546
2 0.56640625 0.94921875 0.611328125 0.94921875 0.611328125 1 0.56640625 1
2 0.5917155838180861 0.9374139638992968 0.5926671674412773 0.9041263835415992 0.633649142908439 0.9052976036093829 0.6326977560848945 0.9385849924109277
2 0.583984375 0.8359375 0.62890625 0.8359375 0.62890625 0.8828125 0.583984375 0.8828125
2 0.51953125 0.849609375 0.5546875 0.849609375 0.5546875 0.90234375 0.51953125 0.90234375
2 0.4728450561530053 0.8528577724339189 0.5076991892699425 0.8546917688691862 0.5053252377181252 0.899797041715499 0.4704711054555446 0.8979630563294708
2 0.421875 0.8515625 0.46484375 0.8515625 0.46484375 0.896484375 0.421875 0.896484375
2 0.376953125 0.849609375 0.41015625 0.849609375 0.41015625 0.8955078125 0.376953125 0.8955078125
2 0.326171875 0.845703125 0.361328125 0.845703125 0.361328125 0.8916015625 0.326171875 0.8916015625
2 0.275390625 0.8515625 0.314453125 0.8515625 0.314453125 0.892578125 0.275390625 0.892578125
2 0.2146586796700376 0.8976300432234898 0.17868864109811966 0.895995416265661 0.18095415528023295 0.8461605361168484 0.21692371777271546 0.8477951522366168
2 0.2636717773194732 0.8437498539944551 0.2636719498078719 0.8798828090615759 0.23046876118723958 0.879882822828513 0.23046874608530743 0.8437500253081529
2 0.21188535052829138 0.7178002782285542 0.2107017340896391 0.7592287193687668 0.17161529570080347 0.7581120534586324 0.17279908925274867 0.7166837959455384
2 0.228515625 0.708984375 0.267578125 0.708984375 0.267578125 0.763671875 0.228515625 0.763671875
2 0.3107478918589095 0.754122098058363 0.27573402153632287 0.7563566679666347 0.272603701490425 0.7073126825543734 0.3076171875 0.7050781250000012
2 0.31816271427305765 0.6778837474583405 0.35615835549242547 0.6767664066124582 0.35846427355738797 0.7551682163915582 0.3204686327683248 0.7562855476881207
2 0.365234375 0.70703125 0.40234375 0.70703125 0.40234375 0.7578125 0.365234375 0.7578125
2 0.47265625 0.705078125 0.5234375 0.705078125 0.5234375 0.759765625 0.47265625 0.759765625
2 0.59765625 0.708984375 0.630859375 0.708984375 0.630859375 0.7578125 0.59765625 0.7578125
2 0.5644273948632872 0.7095720368292575 0.5620159874523551 0.6734045903002117 0.5915721483986545 0.671434273747855 0.5939836602562991 0.7076016075686233
2 0.642716952108799 0.6720281620962797 0.6408465995350525 0.7094348850976453 0.5920426472130202 0.7069948098728345 0.5939131815797509 0.6695882792136439
2 0.17593534117384024 0.6173899725678428 0.17459868580488092 0.5732778566552862 0.21746873161350777 0.5719789779763627 0.21880555306211136 0.6160909223920333
2 0.2265625 0.5703125 0.267578125 0.5703125 0.267578125 0.626953125 0.2265625 0.626953125
2 0.2735552221764692 0.6232956947784853 0.2716984219742926 0.5731618055568795 0.3109239837001496 0.5717091962777162 0.31278095627533276 0.621842905796875
2 0.3194093986153348 0.5913256702066524 0.35453339913772197 0.5923899119281308 0.35345291037754123 0.6280461445308484 0.31832891003307395 0.6269819063342772
2 0.318359375 0.5703125 0.375 0.5703125 0.375 0.6298828125 0.318359375 0.6298828125
2 0.3828125 0.57421875 0.431640625 0.57421875 0.431640625 0.6484375 0.3828125 0.6484375
2 0.4468405075441524 0.5709560244778505 0.48238740977399175 0.5736901004085252 0.4785616029960238 0.6234257452637578 0.4430147022391111 0.6206916817612428
2 0.48061899644199 0.6193659827942681 0.47876301328710724 0.5803918397808938 0.5217272120893313 0.5783460944714616 0.523583340641153 0.6173200826917806
2 0.5395730782034889 0.5758596068012148 0.5763553019130541 0.578486619809555 0.5727514335450223 0.6289408346775637 0.5359692111333061 0.6263138338739173
2 0.5856166660291819 0.6111704299054636 0.5867727464598147 0.5730305507023459 0.6312984443786718 0.574380047215926 0.6301425221290629 0.6125197723899554
2 0.17084284093164115 0.36340130248354957 0.1697194055491309 0.3263259606744515 0.2106382582006745 0.3250861077226875 0.2117617707200452 0.362161369383122
2 0.2597656131142685 0.3300780450977543 0.2597656948295253 0.3632812309061559 0.22265625232148523 0.36328125273883566 0.22265623565726855 0.330078131939476
2 0.3084684043249126 0.3643109767226746 0.27515122356942356 0.3622287272793711 0.27751480903043557 0.3244126059744809 0.310831857705125 0.3264948512766882
2 0.326171875 0.328125 0.36328125 0.328125 0.36328125 0.3623046875 0.326171875 0.3623046875
2 0.3778269779004404 0.3692489718476852 0.3766908236592599 0.32720819994138 0.4178874885043342 0.3260948990894163 0.41902373178152175 0.3681355793145234
2 0.4707030969062771 0.33007808835266583 0.4707031569769242 0.36523438223897975 0.4335937491622417 0.3652343742750126 0.43359375808483946 0.33007814934837987
2 0.48524717852296817 0.3309572301754608 0.5213707141776922 0.32971163784106455 0.5225583616611402 0.3641534719377583 0.48643482612556 0.3653990619940919
2 0.5390625 0.330078125 0.578125 0.330078125 0.578125 0.369140625 0.5390625 0.369140625
2 0.6308594509805516 0.37304687500000006 0.591796859927058 0.373046875 0.5917969546715085 0.330078125 0.6308593652589707 0.330078125
2 0.171875 0.44921875 0.20703125 0.44921875 0.20703125 0.4921875 0.171875 0.4921875
2 0.185546875 0.4140625 0.2109375 0.4140625 0.2109375 0.44921875 0.185546875 0.44921875
2 0.21636475944637823 0.44566667454860526 0.2575878073241711 0.442918654675429 0.26074218638120783 0.4902344433587419 0.2195191394180256 0.4929824539694469
2 0.2690597652602946 0.48703107683812397 0.2719822206090612 0.44027762604688503 0.30894716028115 0.4425880812791644 0.3060248339769487 0.48934141045852125
2 0.3203125 0.447265625 0.357421875 0.447265625 0.357421875 0.4892578125 0.3203125 0.4892578125
2 0.404296982086521 0.49023437500000006 0.36132810801439064 0.49023437500000006 0.36132825748745745 0.44726562500000006 0.40429686716447577 0.44726562500000006
2 0.40787253282201164 0.44490581254630507 0.442891997933998 0.442717242174452 0.4456240874891364 0.486430782087334 0.4106046230537004 0.48861934565658394
2 0.45663799760018264 0.48685838739011944 0.45461855723647204 0.44445076445005116 0.48978804587488867 0.44277612422678925 0.49180758648367373 0.4851836411833014
2 0.49952906030694066 0.4494615032417336 0.5367276769676437 0.44680463902732365 0.5400093218034954 0.4927477587626612 0.5028107060705906 0.49540461420267773
2 0.55078125 0.44921875 0.580078125 0.44921875 0.580078125 0.4873046875 0.55078125 0.4873046875
2 0.6347656142995675 0.43359360339638936 0.6347658171378043 0.48828124160636477 0.5957031729857363 0.488281250928404 0.5957031200589427 0.43359376204217875
2 0.5923998403269479 0.4337318047897521 0.591644610700655 0.41031865908969234 0.6287154013818963 0.4091229214589756 0.6294706847863836 0.43253601171408906
2 0.5191912211870431 0.4277037538616247 0.5196220681489194 0.40918166311262844 0.564519643943413 0.4102259390221147 0.5640888511726416 0.42874797691497757
2 0.20927256867571487 0.10570888715087719 0.16982580122294166 0.10929495019623142 0.16543929602755725 0.06104315994694405 0.20488601353417835 0.05745709923810449
2 0.21973263279573985 0.08965493232255413 0.22089600564868306 0.05359113094877906 0.25790386317237335 0.05478495515219297 0.2567405052795948 0.09084874227438659
2 0.169921875 0.19140625 0.208984375 0.19140625 0.208984375 0.2294921875 0.169921875 0.2294921875
2 0.23828123476062046 0.21386719224969672 0.23828126109867753 0.17968748964681294 0.26367187542109605 0.1796875105987451 0.263671875 0.21386718749994726
2 0.26909831223690617 0.22815253971018973 0.22252993053393766 0.23618147302665057 0.21417394757838792 0.18771642083013848 0.2607421875 0.17968749999999367
2 0.30790538654923694 0.2331582647799212 0.2728611590358696 0.22997247016951833 0.2764152518680021 0.19087798033077313 0.311459390027494 0.19406377082240955
2 0.31898336818187545 0.14748587447661474 0.3179725000002236 0.17275795551461806 0.29082842399611764 0.17167220098100008 0.29183930820545356 0.14640013678102556
2 0.3633292288694747 0.19486421552074012 0.36641908767762743 0.228851816631917 0.33119878463389796 0.23205366019350543 0.32810896804323875 0.1980660985679004
2 0.38066773868195014 0.228040239676491 0.3826430648880432 0.18260978434149744 0.41976713074632244 0.18422393451347294 0.41779185978793976 0.22965433645336888
2 0.47693019722601093 0.22841223478714934 0.43391540519030514 0.2317210206300381 0.4310776730615089 0.19482994461103023 0.47409236269606936 0.19152116273225006
2 0.48641950600324435 0.2305547580122729 0.4850111622654367 0.18407752093136462 0.5240377740395843 0.1828949685074503 0.525446173197679 0.22937214765433078
2 0.5295797628346008 0.18210533650428185 0.5004849087049479 0.18452988746956936 0.49798627661527917 0.15454604879898215 0.527081086215162 0.15212149969523484
2 0.5562296576584913 0.18765907838933288 0.554554936212412 0.1524895685985892 0.583692731842234 0.15110208265947464 0.5853674783862743 0.18627156598151154
2 0.5779106435599033 0.20798398411626465 0.5556164156396335 0.2055068761680858 0.558260298530513 0.18171210207875502 0.5805544951915635 0.1841892082782274
2 0.53515625 0.1953125 0.576171875 0.1953125 0.576171875 0.2294921875 0.53515625 0.2294921875
2 0.59375 0.1875 0.630859375 0.1875 0.630859375 0.232421875 0.59375 0.232421875
2 0.591796875 0.15625 0.623046875 0.15625 0.623046875 0.1875 0.591796875 0.1875
2 0.58235915018588 0.1387507159120055 0.5815582125641185 0.11231899293996618 0.61898831830581 0.11118478064788298 0.6197892741409987 0.13761648500629323
2 0.6352549370225233 0.10173566881196082 0.5886275731077149 0.10624798526334849 0.5844112644658708 0.06267919905640747 0.6310385745409803 0.05816688532684834
2 0.5390625 0.0546875 0.576171875 0.0546875 0.576171875 0.091796875 0.5390625 0.091796875
2 0.523437513350018 0.0947265625 0.4882812389357696 0.0947265625 0.48828125592717697 0.052734375000000014 0.5234374974041884 0.052734375000000014
2 0.47070313918038664 0.09277343899267164 0.4290186090413499 0.08838559964146825 0.4333583115563897 0.047158608479439076 0.4750428065401593 0.051546446012140215
2 0.45071985688991845 0.12546055630248645 0.42359782981714034 0.1218442978584358 0.4281693515238203 0.08755799776064624 0.45529134862204046 0.09117425418458294
2 0.375 0.107421875 0.40234375 0.107421875 0.40234375 0.134765625 0.375 0.134765625
2 0.373046875 0.0546875 0.4140625 0.0546875 0.4140625 0.09765625 0.373046875 0.09765625
2 0.3248181558676606 0.049380390471715864 0.37141702483324934 0.052121495238084445 0.3682246767052675 0.10639143083277111 0.3216258078193732 0.1036503278241213
2 0.08973819020275187 0.0641100085476637 0.04393263343126819 0.0630447634345402 0.04503800791997037 0.015514146995182616 0.09084353853597804 0.016579391806228444
2 0.09082031249079137 -3.233757518608063e-10 0.091228143180615 0.014274061962513023 0.05682542297120108 0.015256996623008785 0.056417592876073286 0.0009829348514313455
2 0.08593752283957201 0.11816406353815823 0.04217137914281466 0.11617469821371419 0.04425138813678586 0.07041519423823057 0.08801747589802744 0.07240455831246088
2 0.052734375 0.126953125 0.09375 0.126953125 0.09375 0.166015625 0.052734375 0.166015625
2 0.052734375 0.177734375 0.091796875 0.177734375 0.091796875 0.212890625 0.052734375 0.212890625
2 0.0546875 0.220703125 0.091796875 0.220703125 0.091796875 0.2646484375 0.0546875 0.2646484375
2 0.05318052383847771 0.3187712139329503 0.0514115263391659 0.2745450428538195 0.09095758116382058 0.2729632848737792 0.09272665436344596 0.31718937745034353
2 0.05855928390246845 0.3227940222337247 0.09111903625409923 0.320289522129697 0.09517463383951963 0.37301244954571977 0.06261488232814827 0.37551694262267704
2 0.09375008229824289 0.47851562499999994 0.060546857552139954 0.47851562499999994 0.06054697719400792 0.431640625 0.09374998594910267 0.431640625
2 0.05859375 0.490234375 0.099609375 0.490234375 0.099609375 0.52734375 0.05859375 0.52734375
2 0.046875 0.533203125 0.09375 0.533203125 0.09375 0.58984375 0.046875 0.58984375
2 0.046875 0.60546875 0.09375 0.60546875 0.09375 0.662109375 0.046875 0.662109375
2 0.048828125 0.67578125 0.095703125 0.67578125 0.095703125 0.7314453125 0.048828125 0.7314453125
2 0.015625 0.8984375 0.115234375 0.8984375 0.115234375 0.94921875 0.015625 0.94921875
2 0.0126953125 0.9492187500000004 0.05369518645863991 0.9484150662115951 0.0546875 0.999023437499999 0.013687626220871607 0.999827115251606
2 0.009311185128467514 0.23471340632585735 0.052047889213667986 0.23043981627673316 0.054455452059301024 0.25451547643933486 0.011718748563112058 0.258789062643685
2 0.2656250006675691 0.15527342748643264 0.26393113944175184 0.18068134677298597 0.24928269246049695 0.17970478478177068 0.2509765625 0.1542968749999938
2 0.4785156364947625 0.185546875 0.4589843713523578 0.185546875 0.458984389069542 0.15234375 0.4785156208617991 0.15234375
2 0.58203125 0.62890625 0.60546875 0.62890625 0.60546875 0.6572265625 0.58203125 0.6572265625
2 0.5425251843176966 0.7357549399671948 0.5749451467360132 0.713576644138422 0.5931020316245394 0.7401138642467203 0.5606821349550728 0.7622920799127499
2 0.44986852095689756 0.7021242068967042 0.45189179969656834 0.7567369415639572 0.41620562177229203 0.7580586442741711 0.41418256784811547 0.7034461272592346
2 0.4511715880084921 0.6679685501720103 0.45117194532713256 0.7587890758927025 0.41406249620365543 0.758788988744882 0.4140625061007768 0.6679688324497821
4 0.10647225212380818 -0.0004579740874544604 0.130859375 0.000976562499997296 0.12956627157518597 0.02295932108297236 0.10517914869899414 0.021524784551822676
4 0.010105872033818741 0.11749681792131451 0.008166021378315236 0.07675957146080338 0.04120121545577149 0.07518648883516456 0.043141085002730506 0.11592371511426468
4 0.04353519493611202 0.012713580306922831 0.04240433590871362 0.04777035174194095 0.009613354106363659 0.046712577789792875 0.010744218264562733 0.01165581183094494
4 0.009765625 0.12890625 0.0546875 0.12890625 0.0546875 0.2255859375 0.009765625 0.2255859375
4 0.05952859093679308 0.39066068880729654 -0.005291348647460836 0.3854752766886447 0.00583471221864329 0.24640432372917315 0.07065378441131998 0.2515897011548056
4 0.0921532649990695 0.20797964087176826 0.1176687325223611 0.20913941403082797 0.11423969221573316 0.2845783583990211 0.0887242248951452 0.2834185885174168
4 0.09432477214932078 0.28555551390915085 0.13827390620440383 0.2911898201764949 0.12583002836288415 0.38825230744603234 0.0818808994746405 0.3826180294569073
4 0.009765625 0.40625 0.04296875 0.40625 0.04296875 0.4736328125 0.009765625 0.4736328125
4 0.09141265235450646 0.4147188382625306 0.12997889678570118 0.41121302869313014 0.13662270164286383 0.48429502239523675 0.0980564595836313 0.4878008143779943
4 0.044302545890900547 0.43037823242215795 0.04635109890057265 0.41194261808668753 0.07078889856654769 0.4146579787442594 0.06874037745490114 0.43309356389463116
4 0.11608299694580637 0.6439867922796585 0.08068629960553153 0.6407692671664018 0.09003608391242324 0.5379259808501178 0.12543212503010182 0.5411434758792045
4 0 0.701171875 0.05078125 0.701171875 0.05078125 0.8603515625 0 0.8603515625
4 0.0115207308222125 0.8458334155429326 0.026874943046664157 0.8451938067223014 0.029039611498546947 0.8971462119503247 0.013685399550581678 0.8977858163602912
4 0.12357285583641442 0.8909252125386291 0.09465113289536475 0.8851422057276177 0.10163751187462822 0.850211063546732 0.13055896962669067 0.8559940430458854
4 0.14843514608037367 0.9013648049930831 0.17187566240522756 0.8779302559245098 0.1982431977247643 0.9042980846840846 0.17480280173481333 0.9277325135106449
4 0.220703125 0.9140625 0.25 0.9140625 0.25 0.94921875 0.220703125 0.94921875
4 0.33408998200525275 0.8093625602048012 0.3529691014729224 0.835101332770564 0.32485829300298974 0.855715836063066 0.30597929941177426 0.829977177297736
4 0.3796209284660108 0.8809610085268774 0.4598301467890451 0.888721210144008 0.45399499544771516 0.9490179317310943 0.37378578621894576 0.9412577956838198
4 0.35546875 0.900390625 0.376953125 0.900390625 0.376953125 0.927734375 0.35546875 0.927734375
4 0.53125 0.947265625 0.56640625 0.947265625 0.56640625 0.9951171875 0.53125 0.9951171875
4 0.5892736833100116 0.9443526265773124 0.5529592461469974 0.9428399029994098 0.5557962068431834 0.874761422711242 0.5921099581754561 0.876274131970712
4 0.6640624924255007 0.863281217668435 0.6640626254027211 0.9140625766939634 0.6269530750887498 0.9140624594243549 0.6269531968483761 0.863281355338432
4 0.6149486333168852 0.8375330251463634 0.5973704126366783 0.8355802932392673 0.6002286897485192 0.8098562796075157 0.6178067972515464 0.8118090051681345
4 0.625 0.8125 0.6484375 0.8125 0.6484375 0.837890625 0.625 0.837890625
4 0.5881871502018612 0.9045263717728761 0.5876040779293135 0.8829521787424776 0.6322293039138458 0.8817463832051985 0.632812503567834 0.9033204444839447
4 0.67578125 0.826171875 0.705078125 0.826171875 0.705078125 0.8818359375 0.67578125 0.8818359375
4 0.9141511131613242 0.8340778334853101 0.9111439011460334 0.9303286681240376 0.8379723526218186 0.9280421196114417 0.8409804763883812 0.8317922163666133
4 0.9182280528477804 0.9218370286580148 0.8807080596783408 0.9198627564035335 0.8850032205702973 0.8382632704740625 0.9225223867670138 0.8402375208080586
4 0.7558594681504474 0.8642578125000001 0.7304686650206804 0.8642578125000001 0.7304687794159008 0.8300781250000001 0.7558593594749254 0.8300781250000001
4 0.8347495988817855 0.9185987761234388 0.7760160547811665 0.9163403095115412 0.7794916425178826 0.8259916045444048 0.8382237789550118 0.828250044088751
4 0.7575693544862361 0.8294033622322733 0.7826859885133217 0.8371298460265209 0.7718330975139907 0.8724017941104342 0.746716479702286 0.8646753473025978
4 0.16357987887943182 0.6166251348660481 0.23347885762234455 0.622001255962616 0.22580428152264176 0.7217710245353349 0.15590530875135755 0.7163949581401091
4 0.1636159870637357 0.5816356083176828 0.15615256805779154 0.5400563734404267 0.22145674745775068 0.5283354104125276 0.2289203466851859 0.5699144104137718
4 0.2621468309012016 0.6747570028922819 0.26574411477861304 0.7071265165981678 0.22715805696680036 0.7114138800431069 0.22356091820824986 0.6790444992642642
4 0.2748783164947781 0.6789348903132142 0.3115074619048528 0.6756054595473838 0.31446915453852853 0.7081841801735759 0.27784001069085207 0.7115135994268061
4 0.3693202597370373 0.6954831584262579 0.3684438918237447 0.6613006587170686 0.4217440969651989 0.659934296568938 0.4226206481191639 0.6941166077908492
4 0.37153056333204404 0.6564278342545262 0.37053213145463815 0.6314677223062204 0.40344814427919573 0.6301512009878536 0.40444665334109686 0.6551112322456482
4 0.4415624741843658 0.6231637996699855 0.4896876139263213 0.6162896615801353 0.49675786735701877 0.6657816619314233 0.4486327346072585 0.6726557662346748
4 0.4979417455924704 0.6658613620821556 0.4990007576907374 0.6182283697734701 0.5613394613960736 0.6196141209125354 0.5602807466526656 0.6672468218048352
4 0.5162565156210803 0.6676973998121225 0.5651617827667224 0.6618296577572133 0.5734794185412966 0.7311437647835383 0.5245741592799504 0.7370114631590092
4 0.5251805225841508 0.7259792444334581 0.5586931643313164 0.7316999130349803 0.5479927745710711 0.7943737252683855 0.5144801434453257 0.7886530988009567
4 0.6046268907903141 0.6654059531062906 0.6075679947491608 0.6095367068064057 0.6541082487684662 0.6119864377150177 0.6511674106849341 0.6678554301143397
4 0.8544518914502532 0.5112268592341677 0.8464504988201043 0.6072400753222486 0.7826032489358568 0.6019193818959822 0.79060511360683 0.5059066890362461
4 0.8632467440628488 0.5658780266241321 0.9126838209359676 0.5696804610150885 0.9077895428196143 0.6333062440994798 0.8583524685215025 0.6295038318840394
4 0.9068354846803004 0.5681638122138591 0.9224618918707392 0.5369143665724558 0.9630865428714515 0.5572269737541401 0.9474602785029447 0.588476297313005
4 0.923828125 0.608398437500002 0.9262830268678499 0.5936708427898527 0.9443360427484322 0.596679717440189 0.9418811687277184 0.611407287411465
4 0.8080537335312101 0.6544809482420614 0.8462890626556145 0.6574217074929979 0.8419922015876864 0.7132810477465523 0.8037568744085775 0.7103403056683596
4 0.7411210439980778 0.6555289846818754 0.7246082874534068 0.6767569543486579 0.7020274445551422 0.6591940886256362 0.7185401726221698 0.6379661798693541
4 0.6945917267822779 0.6329302540292694 0.6931421401534408 0.5879921237292158 0.7355626421706347 0.5866239229329614 0.7370123998731515 0.63156187530895
4 0.6729784399861956 0.6770918401608186 0.7026901852419769 0.6742169834182726 0.7119080312197639 0.7694690113273328 0.6821962902733958 0.7723438376778767
4 0.9023437997381052 0.6982421913254685 0.8799401724642166 0.6965190791529638 0.8822380503136174 0.6666477010506844 0.90464153853884 0.6683708078487156
4 0.8818106600224382 0.7133243032807288 0.9107767943968383 0.7456927535264224 0.8794911945001331 0.7736849818735526 0.8505252205166016 0.7413166853874111
4 0.8977948017951576 0.6718160425874639 0.900390625 0.6865234375000525 0.8834551685670249 0.6895120562087883 0.880859375 0.6748046874999877
4 0.8540262273149892 0.7776560417249998 0.8480378110226638 0.693820043365279 0.9189645394188801 0.688754605604312 0.9249535700108709 0.7725899370006706
4 0.8186635199283501 0.7437244588262736 0.8595191186327611 0.7474379216316978 0.8539639122161589 0.8085453607918164 0.8131083171047067 0.8048319249681883
4 0.693359375 0.248046875 0.74609375 0.248046875 0.74609375 0.5078125 0.693359375 0.5078125
4 0.7396334625116197 0.24616885607383335 0.7325720602890442 0.2814753493892466 0.7025239478633694 0.2754657263900717 0.709585381910756 0.24015927588566532
4 0.6917344541254806 0.03086541987850151 0.7642940556526128 0.03416357741733979 0.75518884898338 0.234477677233787 0.6826292483609677 0.2311795325784447
4 0.9999999995674216 -4.333884652600523e-9 1.0000000059461627 0.033203124265680214 0.8652343716798896 0.03320311963883355 0.8652343772406539 2.1318386638623505e-9
4 0.8535793036108998 0.48931208940923554 0.8694127096480315 0.4233463987518603 1.0118344589174058 0.4575287618799373 0.9960018620358824 0.5234937469906115
5 0.6455078124100737 -4.593722284683532e-8 0.6455534054354075 0.02329215712774629 0.14652994398534247 0.02426871596876068 0.1464843749998863 0.0009765624999807751
5 0.8759765623734665 -2.3403685674596797e-8 0.8762769169949252 0.05556214128269762 0.6935752906753123 0.056549690602934424 0.6932749784232328 0.0009875768584923154
5 0.9990234152708126 0.7753897588891021 1.0001653594684967 0.8198824760589161 0.8383616987009646 0.8240322504861692 0.8372206525566526 0.7795404022955449
5 0.6881779132291967 0.826141223218587 0.6855815484016148 0.7851166157417536 0.7956280548254426 0.778152944298965 0.7982249338888323 0.819176996758548
5 0.1483138850198884 0.30649048463970296 0.14854632132448842 0.2535176614130953 0.646651380543176 0.25569872773472974 0.6464200872329684 0.3086703809300561
5 0.6425420022933395 0.5068475586314574 0.6428458764867173 0.5560365075619681 0.15848747674669994 0.5590188886357891 0.15818554660916107 0.5098319273159078
5 0.16113886929122145 0.8323325305967321 0.1598652119075723 0.7689794837072844 0.64156424832845 0.759284847485107 0.6428415363133126 0.8226341906121643
5 0.640625 0.015625 0.693359375 0.015625 0.693359375 1 0.640625 1
5 0.8066405997980155 0.5117183435373822 0.8066409134603418 0.547851391354578 0.6962890621773568 0.5478517568697222 0.6962890700438038 0.5117190333341473
5 0.8480306395273374 0.5469547393508736 0.8475533552957586 0.5082595679597147 0.9999220241356852 0.5063796941483868 1.0003997751008455 0.5450743903149523
5 0.115234375 0 0.16015625 0 0.16015625 0.9990234375 0.115234375 0.9990234375
5 0.02362374913923304 0.8963104132238638 0.02585109730603108 0.8362072276769228 0.11181518593173223 0.8393920513751093 0.10958854432362841 0.8994945558371381
5 0.0009765592880057739 0.38085937493445265 0.1134137909882611 0.3831538940682925 0.11243723141922146 0.43100544984220057 0 0.42871093749999994
5 0.9999999994563495 0.029296841939958115 1.000000240151735 0.24121093750025613 0.8632809613187646 0.2412106269258936 0.8632812731207196 0.02929703717639346
3 0.25390686500713855 1 0.15820302332383562 1 0.15820380767820552 0.947265625 0.2539061584038791 0.947265625
3 0.36328125 0.94921875 0.529296875 0.94921875 0.529296875 1 0.36328125 1
3 0.9990233928173211 0.42382752656313355 0.9990239716601081 0.49804675157380984 0.9003906343572226 0.4980468998885097 0.9003905684095344 0.4238281850522199
3 0.9492186073358653 0.3916017307760489 0.9492188521219305 0.2460937466045227 0.999999999387569 0.24609393236476923 1.0000001129673137 0.39160156249963984
4 0.22460928650832557 0.3320311576451715 0.22460961813578706 0.29101521643209183 0.41796871499161625 0.29101609216159796 0.4179687612719363 0.33203165429370773
4 0.42742188188469754 0.33472655456745504 0.42152341606106347 0.29343745321413583 0.49863274721565176 0.2824220631965529 0.5045313384734982 0.32371101084406123
4 0.5653124966947871 0.30972652637301534 0.5874609504737691 0.3065625634637961 0.5935937570434362 0.3494922239147508 0.5714453047194183 0.3526561799362034
4 0.3083071365336991 0.39634465538085606 0.3094393303074412 0.3544621276589092 0.37727391094904306 0.3562957266026588 0.3761418841050954 0.3981780929231129
4 0.16015625 0.412109375 0.185546875 0.412109375 0.185546875 0.451171875 0.16015625 0.451171875
4 0.23186073609042523 0.4447674958982212 0.23259988419579258 0.4056082906848941 0.3188751593127108 0.40723655778786294 0.31813623486505094 0.44639554327807174
4 0.212890625 0.482421875 0.263671875 0.482421875 0.263671875 0.51171875 0.212890625 0.51171875
4 0.3557186511574173 0.511771287036545 0.35519933253237923 0.48528002868538245 0.4119329810200725 0.4841678790912674 0.4124524113719872 0.5106590232455348
4 0.35726598555493183 0.45039946726758556 0.35481881311238794 0.4075704913408934 0.46027798647730833 0.40154485312417226 0.4627254337372051 0.44437353570724797
4 0.33312346104617063 0.2799959764701448 0.29068612272226346 0.26231408697078556 0.3122399601136294 0.21058511466034185 0.3546771418774597 0.22826696710749403
4 0.2403174162502637 0.24011161980496312 0.22847580235418263 0.2683489496493751 0.18946856734999074 0.25199112063841983 0.20131019657947036 0.22375383522392428
4 0.248046875 0.232421875 0.29296875 0.232421875 0.29296875 0.2548828125 0.248046875 0.2548828125
4 0.2480469920504902 0.20117187500000003 0.1562499357194156 0.20117187500000006 0.15625007314645245 0.14062499999999994 0.24804684975379132 0.140625
4 0.32483173959724354 0.15061152822039967 0.3576586998200355 0.1245766611124005 0.4091384110436138 0.18948613858572502 0.37631150128254376 0.21552094957899162
4 0.34906462502385693 0.27187285325389476 0.30231889552612756 0.27433312167118823 0.2963733475769459 0.16136479556461744 0.3431187226030943 0.15890453660490736
4 0.4261719051767159 0.20722652544427822 0.39726557269000295 0.192773503672433 0.417578110329373 0.1521485113261766 0.4464843841054744 0.16660151563944325
4 0.5587581099904355 0.09112969140471645 0.553111468244083 0.1475963054684013 0.5047667785648855 0.14276183128709716 0.5104134634910906 0.08629526633205366
4 0.5868870989775132 0.09602641373331924 0.6009631064727046 0.11266162795848118 0.5802128239020021 0.1302195534106128 0.566136824794512 0.11358434707431167
4 0.5316787356312034 0.05766482478497573 0.5066692038304836 0.036656822221643355 0.5296779742751596 0.009265439065129435 0.5546875000001137 0.03027343750003119
4 0.5798134795003307 0.06826578245667206 0.5805764321922879 0.02630518344609816 0.6430202652519483 0.027440571540286153 0.6422573320156744 0.06940115048050405
4 0.15700590103824652 0.07916557908366213 0.16296955888583398 0.008795652679051016 0.32908317737656034 0.022873253389400144 0.3231196140601469 0.0932430997009811
4 0.15826791632969162 0.14021357738798065 0.15757980243768088 0.09272574227064741 0.2692240616113395 0.09110791975717639 0.26991226835355064 0.13859566153364816
4 0.2949218272702865 0.13671874052515726 0.294921890957653 0.09570311100910808 0.3730468808723799 0.09570320308830897 0.37304687431480943 0.13671877617368816
4 0.14395125940416165 0.04034640800487195 0.1681025924175401 0.04207150041362351 0.16404762869888145 0.09884101099935431 0.13989629580589735 0.09711591964979772