1 0 0.876953125 0.10546875 0.876953125 0.10546875 0.9990234375 0 0.9990234375
1 0.08882297932825622 0.9042193266812406 0.04201979864990335 0.8917413292484124 0.0701422259028277 0.7862845781736987 0.116944138477038 0.7987623957720821
1 1.0000087110938694 1 0.7519529600439228 1 0.7519632528668581 0.6953125 0.9999997412641051 0.6953125
1 0.2318907977029312 0.5327948342767576 0.21612423182762086 0.7430409433883919 -0.0098541526867848 0.7260918479360106 0.005916566571272597 0.5158502053584509
1 0.1677328391199353 0.742850837674064 0.21110821202694297 0.4393300734709027 0.5055917824378184 0.48140928708917297 0.4622257526592648 0.7849217881671524
1 0.04412639636052518 0.4591190825456807 0.0413353261848215 0.3434288014786016 0.5310746646508733 0.33160806039233165 0.5338690977030183 0.4472949875717191
1 0.7092274731591033 0.15794792731637275 0.7714669733505843 -0.04069980237050559 1.0583298790151048 0.04917923579841889 0.996091735124196 0.24782563638554495
1 0 0.16308593749995254 6.411568165276549e-7 -4.124280750293634e-7 0.5058593688448809 2.7296868334543174e-8 0.5058597819504485 0.1630856583586466
1 0 0.115234375 0.150390625 0.115234375 0.150390625 0.3134765625 0 0.3134765625
1 0.4121091828671979 0.12499982951037447 0.4121094965557859 0.20898434753919687 0.16992183762397417 0.20898434615167888 0.1699220424949317 0.12500038701825839
5 0.908203125 0.0009765624999627075 0.9268238663379407 -0.02205432937521884 1.0186207038530029 0.052164463695966425 0.9999999740841758 0.0751953445536949
6 0.6566211673830367 0.0527892514144319 0.7220885356927056 0.14219916774639882 0.37405964582148954 0.3970257778806564 0.30859375 0.3076171875000273
6 0.6748046875 -3.045700871275201e-9 0.6748046920328079 0.05566406495017291 0.646484372749569 0.05566406196462011 0.6464843750835598 4.78230338840031e-10
2 0.2287367329315657 0.023640182489150778 0.22775648750211985 0.0010944867199377205 0.2548791285476 -0.00008475575635378262 0.2558593750528644 0.02246093871595089
2 0.1064453124922693 -2.559431068593716e-10 0.10682877025067228 0.012654099759649309 0.07460220733742062 0.013630662036960279 0.07421875 0.0009765625000432744
2 0.6561275952890355 -0.0001569739611937758 0.65684821910952 0.07550584513122895 0.5378299453238924 0.07663932505852222 0.537109375 0.0009765625000033435
2 0.5204231517767539 0.09381209443645933 0.4874006275259717 0.08873171086958256 0.49664694838793366 0.028630780765796705 0.5296694359850562 0.03371116146857975
2 0.5833069952554979 0.11866081026856592 0.5686303205575314 0.11640286707197922 0.5736994240078275 0.08345375885136577 0.588376083762796 0.08571170087059676
2 0.2344237918929366 0.28715659741726907 0.2338828815973102 0.25415440865580347 0.29870271745289756 0.2530919926506678 0.2992437140151196 0.28609409288320176
2 0.20898444534907412 0.310546875 0.17187494156519278 0.310546875 0.1718750104882929 0.265625 0.20898436642085017 0.265625
2 0.7921724753501849 0.25403841084849077 0.7460118412983547 0.24876297570636008 0.7557445627447805 0.16360299288022953 0.8019049536418379 0.16887841421333444
2 0.8581987943765625 0.17957419837296468 0.91499049359129 0.18256318324892978 0.9099404351106841 0.2785145418759059 0.853148736425851 0.27552556710749887
2 0.7333476412301252 0.2639122611747141 0.7765758708858357 0.21902277162092124 0.8592989264346897 0.29868272017993436 0.8160709247331397 0.3435719857588776
2 0.11319998541773657 0.49405459331245855 0.11411779931631827 0.4619378348877071 0.15130834797980697 0.4630005660120968 0.1503906235775503 0.4951172372796378
2 0.030906821717962885 0.49208191978858107 0.031816550538906085 0.4638853658696331 0.06655853524205213 0.465006189123191 0.06564887996785274 0.4932026717392774
1 0.7026514312887002 0.1551627730135909 0.6177618382275796 0.10088908531852288 0.7146698801507227 -0.05068434774529855 0.7995591920152947 0.0035892047144451653
1 0.44820614085892885 0.788991595127811 0.41524834524636844 1.0233743509684607 0.10030184982645096 0.9790865104075908 0.133268011595419 0.7447135293638817
4 -1.5916157281026244e-12 0.8544922909476702 0.0000019345618511579232 0.7246088540962614 0.22070283810342062 0.7246105963096207 0.2207043285694681 0.8544906452516693
4 0.20312907911511502 0.9892580749360287 0.13827958871377177 1.0216750697396602 0.0568331180139694 0.8587836646447914 0.12167981039931419 0.8263675087051122
4 0.5833223215355474 0.18344502276767516 0.8130190222448164 0.2575290151413755 0.5521487458071306 1.0662650542456147 0.3224544978978656 0.9921871467179474
4 0.6647093611527453 0.36313030052914297 0.8927999859427018 0.4222554188668997 0.730852052069622 1.0469276759727946 0.5027629252439283 0.9878066250758039
4 0.8656689741818582 0.5388542957006717 0.9753380576994459 0.47687401427530773 1.073626920629522 0.6507723665970693 0.9639587000104939 0.7127515253827122
4 0.38831164640942006 0.30452334352096616 0.38994395662939496 0.389341670896485 0.0012833165094434662 0.39681666558060047 -0.00034720901999207854 0.3120001661133495
4 0.2995145478187169 0.4471002250240664 0.2910848543232305 0.5193598930692578 0.07507865694230986 0.49416037218197656 0.08350931842164755 0.4219018123725027
4 0.33525001962880197 0.48190933490017973 0.3361002320480111 0.440272804513047 0.5490614486749337 0.4446200432300739 0.5482118747463574 0.48625593884636087
4 0.3364678301611548 0.44778490966432805 0.3409276553701375 0.4767713453723272 0.29880579284815667 0.4832516355487034 0.2943460654472574 0.4542652871685973
4 0.1742803163622284 0.25471589848563836 0.18292742633207126 0.17690020169490042 0.424304487333643 0.2037217860774557 0.41565811096972993 0.2815367944364012
4 0.5691903573421087 0.1557762633851408 0.6060971385467155 0.1859721234608051 0.5100269019604866 0.3033916032424039 0.47312026413885633 0.2731959032980216
4 0.484375292215077 0.30078124999999994 0.3222654846598516 0.30078125000000006 0.32226585515672923 0.236328125 0.4843747976975692 0.236328125
6 0.9121093150689603 0.27441406701313137 0.912109378413561 0.22265624625941613 0.9843749676086873 0.22265634529803396 0.9843750459899638 0.27441401932021825
6 0.973285451866559 0.2584482431427546 0.9709849285219434 0.2454121103226108 0.9998427001299888 0.24031958785230711 1.0021432347650716 0.2533557060334059
4 1.0002231548428426 0.5179383249860124 0.8423671632168634 0.5186590998179563 0.8411724864995449 0.2565801380789996 0.9990234375 0.2558593749999999
4 0.8648312801237807 0.440032386602245 0.7022911348785783 0.5241029225889436 0.5357449745305303 0.2021126648582602 0.698280364100242 0.11804360949999071