4 0.36718750021805135 0.0009764807135114678 0.36698475233629324 0.07703855131020355 -0.0000439973553056916 0.0760597429437754 0.00015891036946413806 -0.000002179681758237748
4 0.7285156255600214 0.0009764208121203525 0.7279732064417885 0.1382567495514561 0.47800764368673754 0.13726858693136287 0.4785504131456264 -0.000011438314311439532
4 0.34070944888617305 0.02804864332071421 0.3371093037673063 0.0048112933786247335 0.4471710403187217 -0.012240491473679973 0.4507711873320659 0.010996848644331035
4 -0.00006406707859696326 0.9999998701142078 0.000027043826776207425 0.5623888031853582 0.9570600436499035 0.5625392220373393 0.9570180570486855 1.0001075952314287
4 0.91876225303713 0.6014305401282591 0.8773216039805902 0.6594424409404792 0.7363532842523455 0.5587514351757867 0.7777936552619167 0.5007404208337376
4 0.767578125 0.109375 1 0.109375 1 0.630859375 0.767578125 0.630859375
4 1.0000025722125656 0.9912109374999999 0.9316374059754935 0.9912109374999999 0.9316412011061175 0.5859374999999999 0.9999999812711167 0.5859374999999999
4 0.9780577197199136 0.7034173681377298 0.9606928903934886 0.7280902509971147 0.9213594218726939 0.7004113001168791 0.9387242142537389 0.6757385440873608
4 0.9746094175044391 0.870117192499431 0.9615773334651294 0.868584341805427 0.9661302916770182 0.8298848550611807 0.979162245753173 0.8314176980394561
4 0.9815307212599009 0.8269000732105795 0.9575668701025961 0.8280980400186415 0.9537850515617947 0.7524571413432459 0.9777484696094234 0.7512591853363003
4 0.6519817450761138 0.19329396801254836 0.6978049805779847 0.1866692257532829 0.7431780362007885 0.5005041817351471 0.6973548262699296 0.5071288114926856
4 0.7515713662788812 0.49367948950240287 0.7545113552071143 0.5348340071008959 0.7089845315210823 0.5380859294098421 0.7060446997219287 0.49693155994650784
1 0.22500323262022448 0.5826485462084179 0.21689484011722016 0.7021446987052226 -0.008110800857025424 0.6868762010427386 0 0.5673828124999817
1 0.720652811746163 0.5170632842368259 0.4882619057982538 0.5681870411378348 0.4234355571489914 0.2735031263108609 0.6558178380308846 0.22238038215408945
1 0.0003288637421974272 0.5625723812590856 -0.0055834194043882235 0.26286202191756824 0.48403311174809005 0.2532000844426836 0.48995431906189424 0.552901718334447
1 0.0003305935658772796 0.22656541829617324 -0.0005574346629373395 0.02985957064863545 0.29084011256350095 0.028543635218631534 0.29172922652651323 0.2252485076610347
1 0.2632564961784283 0.22441467244301216 0.2650784753835751 0.3409190304801626 0.000005246029672889563 0.34506227581746896 -0.0018153850229509771 0.2285592811703662
1 1.0002177277287956 0.0009770915409422446 0.999659751482568 0.15116995216852397 0.6736807870147459 0.14995793574248883 0.6742393906632742 -0.0002342697682320641
1 0.5687523174428861 0.24330155444373847 0.5360299551042544 0.14755710094525162 0.7410435500298718 0.07749051807384756 0.7737661516965773 0.17323439545781122
1 0.6777027187064277 0.19413517813801803 0.7714791995409769 0.17932873059488977 0.8188611441808007 0.47941342552036265 0.7250847200245971 0.49421964312709077
2 0.31445310373032953 0.12304684486326095 0.3144531446672545 0.16894531267494092 0.27539062638936684 0.16894530704097538 0.27539062476807885 0.12304687754155655
2 0.34159617354475813 0.21463051749493647 0.34385764148919407 0.14000676910864387 0.38495382467522177 0.14125219802818448 0.3826924424064373 0.21587586228022715
2 0.37130115500724514 0.14044351625064846 0.3937275282817154 0.14193859333953968 0.3892941127284075 0.20843991507300422 0.3668677396996145 0.20694484059086965
2 0.4849946905737852 0.17052127791175573 0.406115209297468 0.17709452995128053 0.40124598446482196 0.11866241959645162 0.4801252642880627 0.11208917594269463
2 0.4033203125 0.08203125000000011 0.4385036502873163 0.081080352188549 0.4395614736378093 0.12021983696267201 0.40437813586970606 0.12117073419568547
6 0.016297384298582074 0.4216037573437023 -0.010641913093422772 0.354253756767202 0.5685613217580112 0.12257608781689322 0.5955013813811547 0.18992452843066046
2 0.775390625 0.9765625 0.80078125 0.9765625 0.80078125 0.9990234375 0.775390625 0.9990234375
2 0.8589000020472213 0.940642142750456 0.888204519574856 0.9388111301032891 0.8908378008442241 0.9809438765029374 0.861533284398206 0.9827748778331435
6 0.6984534192797582 0.5608371877622287 0.6966057329930209 0.549751868365295 0.7339790692262795 0.5435230656489213 0.7358267835161314 0.5546083497446693
6 0.6640953700466525 0.5586247114088816 0.663880206275735 0.5775996021328784 0.39045539561868736 0.5744962944219423 0.39067100204295 0.5555218588206733
6 0.3438395561680636 0.5625848359400651 0.34311040571742524 0.5857471826053801 -0.0007298165836573389 0.5749194472166038 -1.1368683772161603e-13 0.5517578124999927