4 -0.07799850714138756 0.6547255214282582 0.02739549808177344 0.5314266425501912 0.5156607561232249 0.9487117214653709 0.41027681941068295 1.072001055883377
4 -0.04970824401084428 0.446504404087029 0.12082836257650342 0.26484491983660957 0.7905136501337893 0.8934503633858148 0.6199939923017155 1.0750929029395364
1 0 0.9990234374999504 0.0000031061450727065676 0.8632812220386447 0.10937598653845271 0.8632844155039888 0.10937499999295142 0.99902446751331
1 0.3295029628083057 0.9904003996989346 0.2102515032277097 1.10228755393496 -0.0800811036712048 0.7929092656421141 0.039162966495041474 0.6810283962492192
1 0.520362711881603 0.5413688743994425 0.898008927164824 0.4221294459193053 1.0729119041235435 0.9760029067611642 0.6952698729661506 1.095234568266439
1 0.3970749835946208 0.5737843051918035 0.4913273221188774 0.5088625602338522 0.6219313687730619 0.6984509948631793 0.5276802383763197 0.7633712999711474
1 0.37219414053822675 0.30716583593359575 0.1510177533842807 0.5162184959122406 -0.08972797491583151 0.2615136029043044 0.13144382995722026 0.0524648098440774
1 0.0009765614798880051 0.003906249992660987 0.039882483889527975 0.004186147978072445 0.038905922428170925 0.13992833500270868 0 0.13964843750000006
1 1.00000014744262 0.23144531249999992 0.9326170328517946 0.23144531249999994 0.9326171875 1.2424041724466862e-17 0.9999999993752908 2.4848083448933725e-17
1 0.7832031250001137 0.0009765603870401939 0.783203127619231 0.02441406141151121 0.6972656237494448 0.024414061452333772 0.697265625 0.000976562499998804
1 1.0363041036101777 0.3612691666326111 0.8411963539507497 0.41931721974697395 0.7227445429191448 0.02118372112527381 0.9178478800755556 -0.036863632307651745
1 0.7901982347591456 0.00391274686428637 0.7859233890279711 0.10864895319349256 0.5430442044647634 0.09873545384562651 0.5473192238868023 -0.006000628629165373
7 -0.027294873623873173 0.5325108550481902 0.056274081284755084 0.4419413771999924 0.5915595082406071 0.9357777189813267 0.5079981761302861 1.026339858747398
4 0.9999999696075292 0.3925771774874848 1.0000019702106329 0.6787109375191676 0.8886715385090156 0.6787097423574714 0.8886720863647497 0.3925784357249528
4 0.4762083191313877 0.013127211176482679 0.5517063800565438 -0.05293322094934636 0.7461973685522025 0.16934318915211755 0.6706995968138472 0.23540331946167667
4 0.21825026211286058 0.11684419509085127 0.037615699359434984 0.1380952980458805 0.021484375 0.0009765624999959635 0.2021183953961554 -0.020274504586386542
4 0.3232646573113698 0.15633980335311234 0.21822308066953156 0.16454616272108571 0.20538416592432895 0.00020497245586940718 0.3104252734550528 -0.00800136704530966
4 0.39545462290527666 0.06555507803583971 0.38496701836982083 0.07744102189021804 0.3615827104105165 0.05680781541554076 0.3720703125 0.04492187499997509
4 0.4661514107217499 0.008960902082933039 0.4887506772602137 0.04568468111636195 0.4246747552216448 0.08511599845687953 0.4020755105035505 0.04839223838494251
4 0.42718166849192585 0.1819140375693344 0.40111805327398997 0.23716867307261363 0.31990907005445024 0.19886268400346765 0.3459727179881611 0.14360819491818533
4 0.4813064909571949 0.1884665801938628 0.4777323988215585 0.23850432035942895 0.4276252871536599 0.23492524674017892 0.43119945380828995 0.1848875881171319
4 0.2884765404571681 0.0714842797428371 0.4566406947674295 0.01542974821396651 0.4874999976455001 0.10800791066873057 0.3193358788199703 0.16406236440426766
4 0.755105171063974 0.10649790695346856 0.8094880737088488 0.09912405887814318 0.8353628643845923 0.2899515002791137 0.7809799726163646 0.2973253050483355
4 0.6423218171025837 0.367155982264231 0.6745894558928285 0.24731275316457355 0.8783446569509579 0.3021718668651878 0.8460785602854912 0.42201373785517476
4 0.34472655793024387 0.42968749940397527 0.3667700300574097 0.43256256060759757 0.3625007364770454 0.4652938242365919 0.34045726561339507 0.46241876950688965
4 0.3292124418843514 0.45007356252244707 0.39432141383440467 0.478795770477968 0.3523389590577608 0.5739560975494554 0.28723012282057425 0.5452341223971927
4 0.47683970443858925 0.47743753543436684 0.47379614081205546 0.5428851939028755 0.35563733532160313 0.5373898722645233 0.35868146688380875 0.4719428017160809
4 0.443359375 0.4453125 0.462890625 0.4453125 0.462890625 0.4697265625 0.443359375 0.4697265625
4 0.49804682374985987 0.4726560833105475 0.4980469171476898 0.49218741171412245 0.44726563823962806 0.4921875234024745 0.4472656176953933 0.4726562678497186
4 0.66015625 0.41015625 0.697265625 0.41015625 0.697265625 0.49609375 0.66015625 0.49609375
4 0.0029296875 7.578665451924786e-16 0.06169624127642237 -0.0011832160910815112 0.06463700562767372 0.1448749183700597 0.005870451852047154 0.14605813233458043
2 0.4144665852302296 0.1260102076660322 0.4693562036907224 0.10405450155878258 0.4865975411667023 0.1471579212055746 0.4317079353384088 0.16911360575645287
2 0.5441706870707321 0.20004502351275164 0.5368839903612752 0.23647834858541666 0.49218743255755726 0.22753906069684846 0.49947416940744915 0.19110578852494725
2 0.39928445977557203 0.3273101912305655 0.38271947891507807 0.2685808372308419 0.4327276716924189 0.25447607531896266 0.44929273434240713 0.3132052953348906
2 0.5426873808661412 0.2896610399167357 0.5347672525058442 0.24518619272018893 0.6322483320589072 0.22782691369623695 0.6401685952093885 0.27230158574630065
2 0.6093009025647689 0.2753031294554748 0.6598935886975141 0.2795190634025413 0.6533472554167474 0.3580750756867572 0.6027545711618814 0.3538591577827804
2 0.7607424026715535 0.25585919847234 0.7216795742664317 0.21679693356000157 0.7568358085497948 0.18164076535054927 0.7958985722292482 0.22070296567534256
2 0.7295633605109515 0.10637783806100254 0.7516964067132221 0.1416264940373051 0.6958262183102306 0.1767077684397771 0.6736932299561431 0.14145916320528426
2 0.23543203021756653 0.42413836237704045 0.27539080771180124 0.40234400411565896 0.315585422478307 0.47603438522000563 0.2756267335641951 0.4978286179562327
2 0.3456579559680222 0.3626024212627027 0.3567497815218985 0.40973994371553835 0.30297173629742247 0.42239357667205346 0.29188009134963977 0.37525621144646415
2 0.45700298509302684 0.4352576064718676 0.39795011717274065 0.46172825788866523 0.3720061783528763 0.4038531836069188 0.4310586319418235 0.37738263988466275
2 0.590322117152482 0.41730879303072993 0.5170459589471648 0.4216189552981 0.5129379653304795 0.35177791372405276 0.5862135167070619 0.3474677695032038
2 0.6690625859183683 0.37027326236890357 0.6597264208298839 0.4356249655134025 0.600390380544809 0.4271484054293206 0.6097267420204844 0.3617969407475485
2 0.6671844668753693 0.4617612989387651 0.6726851154101041 0.5039278991399723 0.5906061803937064 0.5146339189769088 0.5851058177407822 0.47246757568259357
2 0.5400871659095401 0.5298252846053025 0.5149045552427651 0.5321144324328636 0.5112705323200544 0.4921393243351986 0.5364529870803381 0.489850183623078
2 0.748894584620416 0.46077987693879296 0.7502843912744765 0.4941287265508983 0.6926046436331035 0.4965321662829118 0.691214982990914 0.46318345763053
2 0.6982421834169372 0.4160156244167383 0.7228515877769723 0.4195310549070957 0.7193750195166331 0.4438670471752889 0.6947656163550846 0.4403516223515623
2 0.751953125 0.408203125 0.80078125 0.408203125 0.80078125 0.4697265625 0.751953125 0.4697265625
2 0.822265625 0.4140625 0.880859375 0.4140625 0.880859375 0.4638671875 0.822265625 0.4638671875
2 0.9140624908629889 0.4101562017342399 0.914062576031256 0.455078131049107 0.8847656236396233 0.4550781138423884 0.8847656249765805 0.4101562709369944
6 1.0056384148067536 0.6900850333857814 0.9740209028636855 0.7139220092908856 0.7808287302705139 0.4576964606181381 0.8124450497581392 0.43386015206953643
6 1.0043024890065908 0.3810560147603487 0.9847911915476288 0.4288788030879486 0.7268786548553408 0.323654174460009 0.7463902425345168 0.27583203040316434
6 0.8984925870630605 0.37909299747130787 0.8982669030573334 0.4223385215371079 0.6755549813394737 0.42117461596392786 0.67578125 0.37792968750002975
6 0.6672885473027463 0.40366546781607876 0.6939785829624725 0.43272599781235305 0.6262992249085073 0.49488066230567235 0.599609375 0.4658203125000028
6 0.6161018881841756 0.35601891697206445 0.6140694362243266 0.3844731332152794 0.5764543769755619 0.381786372579499 0.5784868844139055 0.3533322163563706
6 0.5214381584806915 0.35953583983680387 0.482721716397009 0.3589536443200271 0.487008856167904 0.07389122868531788 0.5257245295352959 0.07447341821947341
6 0.7236532380561584 0.2602787344342988 0.695239927953935 0.28648101737516174 0.4506205084262547 0.021221593065716075 0.47903350117871923 -0.004980434061935574