4 -0.000002562768145253358 1.0000006571356526 0.000042176570900664956 -0.00007192858965407443 0.9999688651250835 9.187009764557631e-8 1.0000000644475904 0.9999748012058535
1 0 0.357421875 0.234375 0.357421875 0.234375 0.9296875 0 0.9296875
6 0.04509070069025256 0.1509850685844471 0.029439027385933514 0.15704831593961835 -0.014675043381657815 0.043172606054938015 0.0009765625 0.03710937499998296
6 0.03718611171052544 0.150721566280238 0.10787986659499893 0.16768780438384243 0.08040912273725098 0.28214945369209476 0.009715386546417903 0.2651832815473196
6 0.30899824877462834 0.47329074990989667 0.2635612098428055 0.5148865668988069 0.0709385633238071 0.30448478541483814 0.11637476425892146 0.262889652426393
6 0.04844706109463459 0.46629666355431787 0.03319201259944293 0.4649702038608142 0.042459439395884147 0.35839665121802144 0.057714284340931954 0.35972310201905316
6 0.3125000114885097 0.03417966156886652 0.29947090123152975 0.06358825654609543 0.2137044708074427 0.025590497404474746 0.22673358573001678 -0.003818087119225592
6 0.3308988817385625 0.046520497217259434 0.32741374678550983 0.026107516675990153 0.39860459116835045 0.013953001360822883 0.40208973171752405 0.034365976223671595
2 0.3281914722971351 0.09613239258099651 0.29646933505068773 0.09950708439544875 0.2895669671477208 0.03462468952892583 0.3212890625 0.031250000000002796
2 0.3251953125 0.031250000000001145 0.3473198036889471 0.030758345173321003 0.3485238770061869 0.08494165692996664 0.3263993858261074 0.08543331151919244
2 0.3011101471844313 0.10296947659541979 0.3003325683572484 0.07886400546767966 0.3469700188152274 0.07735960187190251 0.34774761265748566 0.10146505726867026
2 0.30629530644580427 0.136993914334274 0.30443931369188704 0.10172972977371635 0.3474943882217758 0.09946370190387809 0.3493504068051152 0.1347278586745123
2 0.40042863665792083 0.10041890560145124 0.38476916003355655 0.10075208542699432 0.38375460444467535 0.053067554620033645 0.3994140625 0.052734375000000326
2 0.364971713606451 0.1371363113280061 0.4153488708545865 0.13417297248243953 0.41774649793899243 0.17493267562784273 0.3673693410383976 0.17789601158560378
2 0.36523449165167676 0.2724609165628145 0.3358814938054593 0.277729326203237 0.32127788354262066 0.19636617648489665 0.35063072573711906 0.19109778038111902
2 0.1582878604600637 0.26332394423285055 0.12671874420925633 0.291104349143712 0.06718622384596529 0.22345389574109564 0.09875520886214417 0.19567358927123304
2 0.03372976153843865 0.1490848558315614 0.04340773749265736 0.1891787976674132 0.00032259732404327224 0.19957864924417637 -0.009355323752402 0.15948475512662608
2 0.029744993403028275 0.3139016639874094 0.00015853923116537771 0.31696225027766356 -0.0032191775035244063 0.2843105815946722 0.0263671875 0.2812500000000038
2 0.09582388316152901 0.43950239646201456 0.09507770149639327 0.3969577827751672 0.15951085581843927 0.39582773043397745 0.16025720973743773 0.43837216781678323
2 0.08795595676565426 0.4314016363134416 0.09006818802595262 0.3715724075880964 0.18452775674938948 0.37490698659648686 0.1824158844573276 0.4347358675444274
1 0.38085937502376055 0.0009765598591343446 0.38060434144961164 0.02928577979464671 0.2674026553825115 0.028265944004427744 0.26765769597341205 -0.00004327195477530497