2 0.08169739366996964 0.7386138143082089 0.07948867617801625 0.7687973695379455 0.030636221593226765 0.7652229546641218 0.03284509461775542 0.7350395693876537
2 0.04486127676648266 0.8487458975052355 0.019951387609580706 0.8480133987405566 0.022038977723696007 0.7770441718202994 0.04694842757930928 0.7777766641057711
2 0.06551780986205813 0.9003057659853722 0.06647281072730493 0.857358224588266 0.11545038265376206 0.8584470512474147 0.11449566951841916 0.9013943106525426
2 0.000976556178102328 0.8710937498710136 0.010299843740313008 0.8712839739486292 0.009323287524694024 0.9191355353354705 0 0.9189453125
2 0.047244096741223984 0.769784548028512 0.06978147835434356 0.7728925288900118 0.059480342954316257 0.8475760982834751 0.03694296722187573 0.8444681463542448
2 0.3615433282923277 0.9103198346066269 0.35946056024874906 0.9748954850209294 0.2793391149770059 0.9723112605275812 0.2814226000699591 0.9077363555567989
2 0.4341025321872394 0.6753791310757555 0.45568564546022117 0.7241322549765403 0.3682714083878409 0.7628238870539942 0.34668889503097944 0.7140712719309767
2 0.4425865601106125 0.8340620378012927 0.40371103265385955 0.8586101072004731 0.3727550076106354 0.8095964269133321 0.4116301051659548 0.7850485379356209
2 0.5585534441203208 0.7463756097621665 0.4873694691276569 0.7440797204428993 0.48844167360482516 0.7108481828702288 0.5596251253418814 0.7131440637635398
2 0.494140625 0.77734375 0.552734375 0.77734375 0.552734375 0.845703125 0.494140625 0.845703125
2 0.6458483810633879 0.8416738925825564 0.6475544258668151 0.7922308328458344 0.7374253139473694 0.7953310972167584 0.7357198413463948 0.844773599606674
2 0.6420107937203738 0.9256760908532898 0.5958730764102711 0.9128630758809357 0.6170834906537266 0.8365079143708889 0.6632202797760556 0.8493207927673204
2 0.6181640625 0.9726562500000486 0.6188928538447271 0.9326121118677433 0.6758690765177562 0.9336486459465316 0.6751406219442515 0.9736924548857832
2 0.8683448272470287 0.8353801538971273 0.8716873648679666 0.8746370701219912 0.7410667849162564 0.8857548472624752 0.7377249723232353 0.8464986069870397
2 0.7179260459055286 0.9631019814731951 0.7161921542517575 0.9162911504653529 0.7642306864250941 0.91451229951835 0.7659648875867333 0.9613228068478487
2 0.8040333325674283 0.9592600756798147 0.8004709784777333 0.912959509756348 0.8466222391110705 0.909409640793111 0.8501848721707574 0.9557098992885438
2 0.32111967532512153 0.6864890278531445 0.3029691950347342 0.6353436271469655 0.36558711790405596 0.6131246508648207 0.383737756015762 0.6642697130289121
2 0.4033135595425392 0.6104474186796953 0.458485616232565 0.5962113006975108 0.4759321812438202 0.6638173798054936 0.42076016014163997 0.678053401245702
2 0.5712890301796278 0.5273435884165246 0.577149088117153 0.5566404505812982 0.5301985929422699 0.5660306079404358 0.5243386680842832 0.5367338618985781
2 0.2893681560104824 0.6092805560093494 0.2799725683339602 0.5649902642724849 0.38259887194999465 0.5432214657322014 0.39199475379245996 0.587511346059985
2 0.3128322287159335 0.5095586024054054 0.2639683226617535 0.5155171898849831 0.25855900138344623 0.47115975117627645 0.3074225842949545 0.465201183649686
2 0.3570512444076712 0.48849729315230767 0.3421796257787264 0.44058024858909517 0.39058821224887197 0.4255570380071206 0.4054599244698238 0.473473912736344
2 0.3522534904502663 0.4373757454925983 0.3403044826590076 0.40704497191182565 0.38954102774403054 0.3876488892247067 0.401490075567267 0.41797956253764396
2 0.28735240637718107 0.2517321884573293 0.33198706001212486 0.2538575958936647 0.3291104018583155 0.3142674859072628 0.28447574850724777 0.3121420840406262
2 0.37813320131942874 0.3924939450354486 0.3167829772373807 0.39687594186958114 0.3110081096999693 0.31602441718355756 0.3723577977328887 0.31164243960230803
2 0.43874724989007063 0.3212116063676912 0.3891618854480612 0.33190621567559087 0.37670704436800406 0.27416061337651615 0.42629214764292556 0.26346603353983555
2 0.5277361776714997 0.3633703595027584 0.45956073510046735 0.3832542367616611 0.42130189598003653 0.2520792806154821 0.48947649231752166 0.2321955365573029
2 0.12124814954677277 0.2209384900172111 0.10751775049129719 0.286844484685415 -0.008305066588150112 0.26271480113916584 0.005425538819849862 0.19680908687125578
2 0.07382282686864983 0.29241449907109196 0.12101459668804182 0.3002795429058783 0.11299095622575805 0.34842144265489494 0.06579919078092189 0.34055641757794974
2 0.2089236556613514 -0.000035425074597993703 0.20949454061792494 0.04620560545639551 0.11935105404108981 0.04731848118479207 0.11878018420486569 0.0010774644294651193
2 0.1833016584513416 0.06570963748407005 0.15399441205329367 0.13734961546066046 0.07703087209654313 0.10586454601888695 0.10633814787411211 0.03422463733235335
2 0.21927749322253476 0.0898579922663306 0.21032447112213504 0.114478780004006 0.1755103646249836 0.10181911512541382 0.18446339280296797 0.07719834066518298
2 0.4577117550402363 0.08374133991523905 0.4108632493607729 0.0615499549088498 0.4433151968629545 -0.006959658574550907 0.490163666338276 0.01523171616160824
2 0.333984375 0.087890625 0.3671875 0.087890625 0.3671875 0.115234375 0.333984375 0.115234375
2 0.3466796875 0.16015624999998457 0.35023396126598527 0.13629230089387917 0.3995879290683888 0.14364296749362154 0.39603368587768273 0.16750688947438291
2 0.3419873303288341 0.17894910771784192 0.3466082557253003 0.1373618328987125 0.399128240077971 0.1431974858409164 0.3945073734186053 0.18478470694525065
2 0.808074166839674 0.11892044676756833 0.760631724372729 0.20349171216494572 0.6205492645154891 0.12490890863249952 0.6679917072748367 0.04033790085463651
2 0.642695761286177 0.3147019506293145 0.6403815377593673 0.25221530728536323 0.7043851525223772 0.24984496919550195 0.7066995418206261 0.31233143792910256
2 0.7527712411819039 0.24216125627967863 0.7964790565824842 0.24944568879213896 0.7812764280164401 0.34066174358870527 0.7375686201760345 0.33337734127360286
2 0.8783890950450086 0.8426578987660556 0.945945313608604 0.8257729343901965 0.967831597564782 0.913319432432787 0.9002754533846655 0.9302041928420641
2 0.580078125 0.720703125 0.642578125 0.720703125 0.642578125 0.8076171875 0.580078125 0.8076171875
1 0.9193566398168969 0.7200315809854134 0.8325381583456419 0.6942229667698676 0.9237564105872025 0.3874102595109883 1.0105704453000044 0.41321816468572303
1 1.000026367164196 0.6824310791847381 0.9394872429959378 0.6826931283443242 0.9384870530877834 0.45143391776511455 0.9990234375 0.45117187499999994
1 0.8270821171863645 0.7284812894110878 0.5960905077340612 0.6608070220730554 0.7093123806522499 0.2744057625844707 0.940290290224425 0.3420778681778984
1 0.8441348810004001 0.30689968780564963 0.8865991976261967 0.25090996914722374 1.0404369281851586 0.3675816012095385 0.9979732356076738 0.4235707559331244
1 0.7032655853602137 0.5562847814859995 0.5841445692847174 0.5827546647218708 0.5300783073874982 0.33945278347450575 0.6491956506313272 0.31298330850693556
1 0.9999985470062711 -2.4177302041440126e-7 1 0.3310546875000478 0.6132800336862374 0.3310536646212649 0.6132812553504436 8.656557879766587e-8
1 0.4067605178519216 0.08250673405834875 0.35303743847794067 0.06804283408291509 0.37372442763989966 -0.008794444816238154 0.4274474613782786 0.005669448661702069
1 0.4421129162151374 0.2323559109484196 0.3569700331588592 0.09228166876199387 0.591060661016968 -0.050007875783433436 0.6762035085561138 0.09006580778414008
1 0.6958820466240923 0.702377120885659 0.5542904946727276 0.7921936754068982 0.4463820737153128 0.6220997950285395 0.587969300135228 0.5322850564616315
1 0.8058708679052415 0.7214382813213203 0.9250576472649072 0.7122717731469108 0.934386559140421 0.8335486564439893 0.8151997938098248 0.8427150317558313
1 1.0000018457454871 0.9072265624999999 0.9062474705713157 0.9072265624999999 0.906250618594072 0.6835937499999998 0.999999975499577 0.6835937499999999
1 0.6446314681770673 0.7931101600356131 0.6441754260629295 0.7524722257570365 0.7457247451851572 0.7513325682420628 0.7461812678884598 0.7919700130324294
1 0 0 0.0908203125 0 0.0908203125 0.1103515625 0 0.1103515625
1 0 0.2421875 0.064453125 0.2421875 0.064453125 0.3828125 0 0.3828125
1 0.057926954336949166 0.38601353760663887 0.0684348445604428 0.3324285940314988 0.18714734806178512 0.3557065942329568 0.17663987319008356 0.4092911790282525
1 0.13491569852499197 0.22874139108078148 0.21691590160469332 0.25384292420798177 0.19425708931157715 0.3278616336940439 0.11225692511766283 0.3027601841433846
1 0.008089646518556037 0.19615578430659533 0.02328268905830555 0.14424760774845163 0.13762962627652087 0.1777154838108811 0.12243678925869972 0.22962348534372848
1 -0.0068299961900493145 0.5717971903807675 0.00014138619917503092 0.4556522371172522 0.1831154923605709 0.46663331536658303 0.17614588900914896 0.5827766116842276
1 0.14301051244831342 0.7592562376585416 -0.012017164771123134 0.7425631607134109 0.006449537383446113 0.5711137144931219 0.16147192889013695 0.5878065073220063
1 0.02432520573597685 1.000159037751827 0.023325560183479865 0.8889098423422878 0.15341796792722562 0.8877407334634535 0.1544196659986028 0.9989878790867642
1 0.2074374412866291 0.7375381207950281 0.19730881743566897 0.5856088058571213 0.3043834768752731 0.578471821864945 0.3145136214584454 0.7303994676764151
1 0.3165390594829205 0.8907865810627983 0.23595431936996647 0.8928792890557088 0.23184037529802026 0.7344404860865192 0.3124219476574126 0.732347819315082
1 0.2786735596368999 0.9896957185534415 0.21391642331707317 0.987672599964502 0.2169070790554315 0.892001881219886 0.28166242873794545 0.8940249717610445
1 0.4213290200282245 0.8808277476601847 0.3562612456737497 0.9245535271685955 0.2555031471249549 0.7746462655927376 0.3205686832767469 0.7309215225119365
1 0.5805883506694727 0.8839491606931932 0.5456118416998379 1.02965750564226 0.41486538279434626 0.9982786308088573 0.4498437898159864 0.8525730910222519
1 0.5264605774184474 0.512218038769607 0.4601245022299736 0.5363387153730261 0.4111398867793241 0.4016296902302198 0.4774747501736556 0.37750925710020794
5 0.27283406146307243 1.0073558838967223 0.14347649838248344 0.9979529675865643 0.21671012428964787 -0.009306102450258731 0.3460510364251377 0.0000962820693265143
6 0.48575989405935616 0.21838777111454644 0.47647954117098834 0.18809475105489024 0.6737769933213258 0.127652165454335 0.6830574434662822 0.15794502845995056
6 0.48230738832648967 0.20472544157668604 0.48272332397857554 0.24503298558880793 0.2522385729564576 0.24741032840960475 0.25182296132391 0.20710311385741428
6 0.23504026055150007 0.19165874242529818 0.2245756624141677 0.21797002627150355 0.04357857622335359 0.14598346878645535 0.05404322991694244 0.11967230808091252
6 0.09512298596655455 -0.006174622298110577 0.11935859354969125 0.005097741567131 0.06680920063354279 0.11807894491577425 0.04257359963764884 0.1068065930537769
6 0.1595391569514959 0.3996355476120723 0.1540735253585126 0.4546602503383045 -0.005466127133104237 0.4388131704354621 0 0.3837890624999623
6 0.4933553518687859 0.7620177419876568 0.5136966642999141 0.7710749592811378 0.4080857227586421 1.0082092152849578 0.38774460003673994 0.9991523138078777
6 0.9990184204542629 0.8535077149219559 1.0328547960988317 0.9068551074606034 0.8033652012062475 1.0523687034097542 0.7695312499998863 0.9990234374999687
6 0.4332372054670941 0.7246469196303212 0.44824512457353194 0.724224247792565 0.45289576957861755 0.8893248617805171 0.4378878508583739 0.8897475250608744
4 0.6703004091009461 0.7271828210121468 0.7550767916237646 0.6538768622569638 0.8579774302754686 0.7728598494380615 0.7732022928822744 0.8461644811045971
4 0.3105468740334345 -1.9288272614895625e-8 0.3105469208097702 0.08789063675819461 0.16796872865677415 0.08789059989358057 0.1679687659626552 1.8126565792640092e-8
4 0.21708722316964213 0.1808752083602808 0.1724291597388401 0.17343223373631395 0.18773756974280786 0.08158258300662198 0.23239547617924927 0.08902554451205814
4 0.10654763380159693 0.13760276954521464 0.06290667592634236 0.13542072843435352 0.06640871089018674 0.065380984481566 0.11004957348268363 0.06756302319242244
4 0.11966626085632015 0.22881604684173043 0.12928192078447864 0.1807391572633434 0.21454331445124808 0.19779167241937257 0.20492780980873704 0.24586842574988538
4 0.5213616121584437 0.500959873145639 0.5423118710539256 0.5619821261479709 0.4539850628344766 0.5923032523173092 0.4330353604685797 0.5312814705876413
4 0.641897760686561 0.1790180856248398 0.6758669572597 0.1509569093303165 0.7087650041589768 0.1907809737285115 0.6747958451830982 0.21884210917910735
4 0.4925243065994209 0.21947241711725232 0.6474347037966481 0.13892087482493615 0.7195128554130861 0.2775342401962416 0.5646028224203974 0.35808529490372426
4 0.26260521038273055 0.3395883048577248 0.2390473709424441 0.3366436471683721 0.25262926466564295 0.22798984011747334 0.27618687848212176 0.2309344833227587
4 0.44921849195498 0.33593721261099146 0.44921892077843495 0.4335937611337057 0.3847656534402404 0.4335937295095061 0.38476559209925654 0.3359375466571199