4 0.0015190836923011375 0.3141246992742087 0.4538594927340682 0.3173325432728947 0.44900611459763695 1.0016397127425607 -0.0033342641440867737 0.9984320846209461
4 0.626932793945457 0.907606748404802 0.47090405220819775 0.8703898614747962 0.6871779117195729 -0.036183880699709015 0.8431877839905155 0.0010306319512376377
4 1.0001366417750432 0.5621648453490287 0.9123271808156233 0.5627541317987561 0.9112161883102772 0.39707365383468884 0.9990234375 0.3964843749999998
4 0 0 0.15234375 0 0.15234375 0.2392578125 0 0.2392578125
4 0.49300531905635125 0.2788744233918725 0.17241688025956137 0.1771004626487791 0.2603567422565902 -0.09990252713374641 0.580941299399683 0.0018706277411747714
4 0.347462842750474 0.29991348124260153 0.4003201578656217 0.22143183316700718 0.5144776521696031 0.29831497111443095 0.46162089585141075 0.3767961219033834
4 0.17636689835853758 0.19941394356731373 0.21582109007988493 0.27832013656843607 0.014257758611393001 0.37910099265025216 -0.02519551601017156 0.3001955762995523
4 0.5932280749283336 0.4843629484810845 0.47261420483562233 0.458192272750345 0.5775360757369299 -0.025343534347540973 0.6981457184984947 0.0008266558128867641
4 0.0009765324734871683 0.5312499999070542 0.08488754129496101 0.5315097432086369 0.08390503687724049 0.8488683459867852 -0.000005971931727799529 0.8486086115456082
4 0.11669159142479657 0.8440359688549279 0.16732460432865537 0.8390974808715661 0.18285947011986536 0.9983330785332576 0.1322264738804506 1.003271455750098
1 0 0.9990234375000381 0.000004614068302544183 0.8447240929282354 0.13086118339128916 0.8447275520215088 0.13085937499181455 0.9990241639187186
1 0.6915087247733709 1.0000215661790728 0.690938038948957 0.8204661422975004 0.9994217167406987 0.8194855924894912 1.0000000310110408 0.9990330592829063
1 0.7167968776741418 0.512695311965207 0.7077824214682096 0.5144980604167356 0.7068058630712812 0.5096152477540467 0.7158203125 0.507812499999992
1 0.8281250002080469 0.0439453125 0.822265625 0.0439453125 0.8222656253901732 0.03515625000000001 0.8281249999739657 0.03515625000000001
1 0.6875000046163677 0.575195311576827 0.6728514987178187 0.5781247201688963 0.6718749439645535 0.573241907320418 0.6865234375 0.5703125000000021
1 0.835937499966235 0.02441406226317822 0.8427734375370619 0.023437499994699663 0.8437500000376303 0.030273437763500822 0.8369140624727152 0.03125000000389639
1 0.8935546872718305 0.017578124967397003 0.8992968748270869 0.018398437239265673 0.8963671875402497 0.038906249698102476 0.890625 0.038085937500002304
1 0.6897427322686553 0.4141029088157184 0.688665122627981 0.3957839128543313 0.7099609375 0.3945312500000234 0.7110385696715866 0.41285022197914106
1 0.6757812822637561 0.6416015625 0.6503905905365173 0.6416015625 0.650390632385097 0.6250000000000001 0.6757812430863623 0.6250000000000001
1 0.6066136447230974 0.7763125469278184 0.6977043418440871 0.4763284897511451 1.0899262583477594 0.595415281690442 0.9988510190648867 0.8953858278512787
1 0.666015625 0 1 0 1 0.8916015625 0.666015625 0.8916015625
5 0.481766649180031 1.0030488963635031 0.368056828652243 0.9845436357251081 0.5312832840918418 -0.01827243261812686 0.6449789948484295 0.00023180925105776852
4 0.6464851393459412 0.9990234208882294 0.5805336668853442 1.000456764758926 0.578129151496455 0.8897966711919327 0.6440785508497129 0.8883633496652268
6 0.3089770375987655 0.28041371561534173 0.31988002130026416 0.3060051859205241 0.09098071414166498 0.403520822394948 0.080078125 0.3779296875000256
6 0.3113521964556867 0.3071987906795891 0.3179812424824604 0.29139195342404284 0.45086252977750974 0.34711744529272004 0.44423361805468176 0.36292416853133824
6 0.34913784115587987 0.27070981946825046 0.3534819834839027 0.28084584624670633 0.3129378035652053 0.2982219731678211 0.30859368406743215 0.2880859657569739
2 0.14995478534194717 0.3083959322174619 0.1409648449781571 0.287680335562452 0.20354564358729021 0.26052281067657546 0.21253560230661606 0.2812383448712913
2 0.3914359395409974 0.25790466222598757 0.3494803175240122 0.2812129684177197 0.3205519600498974 0.22914195466795176 0.3625074294202477 0.20583370199468867
2 0.23511590871112276 0.31846035465186767 0.22410414724788552 0.2927667099405025 0.29175637524895137 0.2637730738432316 0.30276816344019153 0.2894666344361786
2 0.3716497912980685 0.17832464572644796 0.3129494211380006 0.1991536403502817 0.3016512887635372 0.16731335073015735 0.3603515625 0.14648437499999184
2 0.19531250003058176 0.0009765608201376216 0.1948729514497245 0.02515180972255064 0.14116201144122442 0.024175246264297658 0.1416015625 4.7393060163194406e-14