5 0.7883018020803547 0.10509610479494232 0.7900871704881638 0.07617458773091618 1.0017852669984677 0.0892427234221188 0.9999999946477374 0.11816414920590451
1 0.6654281036474003 0.09497732030996846 1.0426957351413648 0.13603762838628758 0.964624280373755 0.8533294951172243 0.5873571377569533 0.812271277209189
4 0.0009783090828250351 -0.0008019228149321177 0.5414911762213706 0.00039123450224375517 0.5404888044483869 0.4544711767640725 -0.000024051186755968956 0.45327803910867587
4 0.5337604248680918 0.2669278309815026 0.4280135190863348 0.1944158248390096 0.6060795025553034 -0.06526198656990163 0.7118256404468184 0.007249631757402458
1 0.5723335899480162 0.0009865725519372249 0.5719557009946357 0.076952568514792 0.33575966184275785 0.07577740917742358 0.3361376570298944 -0.00018845958744929568
1 0.06310915413655493 0.29645329134165493 0.1777500186905172 0.317296072305319 0.13396864664764507 0.5580931322969163 0.019327854996276983 0.5372506807025116
1 0.8755183104337902 0.5169939822364378 0.8511542231583462 0.5708885428776379 0.690381353915086 0.49821234825500943 0.7147456527844724 0.4443184988876463
1 0.9015604151366006 0.8952137355819197 0.8235560550813261 0.8745698307934652 0.8546924417878472 0.7569495965765832 0.9326945293720428 0.7775931839389915
1 0.7898877924335466 0.8990517790473905 0.8281243219091721 0.8561213887066987 0.9149347967658059 0.9334210834727524 0.876698995452557 0.9763507769628293
1 0.7214820490058855 0.7327318479788836 0.7176172268916616 0.7457301886496684 0.6281337095252866 0.7191277342049681 0.6319986086405152 0.7061295285314984
1 0.6225795320891621 0.702976245576448 0.6411469138261054 0.6557225297800925 0.7423640925123891 0.6954876612236924 0.7237973550284096 0.7427408315644973
1 0.5868676627180776 0.7703414339885466 0.6307457927904352 0.6935712158512074 0.7399061385840469 0.7559513846716737 0.6960293105842084 0.8327204753581539
1 0.725289992612943 0.8513191901803948 0.6904457064289318 0.8348171498367427 0.732045573390451 0.7469968265189839 0.7668891563615716 0.7634986707930975
1 0.605018713173763 0.8747619396667667 0.6163187861729966 0.8069833797566675 0.7376236865254668 0.8272028585847747 0.7263248377514628 0.8949803215447573
1 0.7605525780883227 0.9452911391091212 0.7244706670918504 1.0257650766636146 0.5759139506329802 0.9591731776815471 0.61199638931771 0.8787011383546814
1 0 0.728515625 0.244140625 0.728515625 0.244140625 1 0 1
1 -0.021315733730602915 0.6194267884114233 0.0012068382251300136 0.5293531808626001 0.28705163577046733 0.6008175077642992 0.2645318975542068 0.6908886913410539
1 0.23956138670530436 0.7634017922258401 0.13550405311912073 0.7217853022059164 0.19409956083461566 0.5753006173062184 0.2981538995068149 0.6169164291410157
1 0.14357871066067673 0.6511916331046304 0.13272710264936904 0.730767437966319 -0.005331293025847117 0.7119421588890997 0.00552127355445009 0.6323675363667476
2 0.0009765586419234751 0.6308593749059125 0.019686850077960116 0.6313156636646824 0.018710291367710852 0.6713547244464322 0 0.6708984375000009
2 0.21383738250040096 0.6379355031617839 0.20866869990436498 0.6792817780426924 0.14785123777039644 0.6716797021112012 0.15302013575444562 0.6303336796962402
2 0.12890625 0.6875 0.17578125 0.6875 0.17578125 0.732421875 0.12890625 0.732421875
2 0 0.7041015625 0.033203125 0.7041015625 0.033203125 0.7373046875 0 0.7373046875
2 0.9979504118772411 0.05016687897270522 0.9607428637471003 0.04861656465973657 0.9627924676882458 -0.0005737514557272653 1 0.000976562500001949
2 0.7974609470971927 0.07402343308317619 0.7341796769958364 0.04238281863989613 0.7587890619994369 -0.006835933277132994 0.8220703049023541 0.02480467332682666
2 0.9210979540008566 0.18826152446437816 0.8747357492711672 0.17850113523543584 0.8839574449260681 0.13469829096185285 0.9303195519308929 0.14445866966460086
2 0.8677877032247352 0.11962192321548626 0.863734885509075 0.14934274144398937 0.8083897126591637 0.14179570392782564 0.8124425579790113 0.11207491827236844
2 0.6727313943423496 0.14356968026058864 0.6400089851222219 0.11811899036008723 0.6921724751687179 0.051051717883859905 0.7248948288676047 0.07650237480980462
2 0.5798773632892562 0.19682407350289605 0.6000244029326041 0.14309974042250317 0.6961285921258877 0.1791391689509485 0.6759817404554269 0.2328633417311492
2 0.7622523896621942 0.1816458664438966 0.7863490863572906 0.19730848667900572 0.7548451473861633 0.24577611752854492 0.7307484741295411 0.2301135268182758
2 0.6581920553022655 0.16595664763116444 0.6725642683659316 0.14495135848126786 0.7202461848200983 0.17757594226089374 0.7058740076718095 0.19858119943803623
2 0.6861320942722386 0.33518712207574236 0.7065987442654205 0.29582970659099894 0.7474935657412516 0.3170951898237106 0.7270270209785394 0.3564525151148693
2 0.4697490506034683 0.43300387611930924 0.4948009979565313 0.39841051683019724 0.5342109598457228 0.4269490451974354 0.5091591351679199 0.46154229400432933
2 0.6181639975864073 0.3671874668235753 0.6552615730109892 0.3861474939090584 0.6271368079169406 0.44117420469578883 0.5900392809421646 0.42221425015556874
2 0.6305765021692196 0.4631274244492354 0.6398139899849866 0.4143048637658549 0.6907772206131995 0.42394683249753995 0.6815399276337075 0.47276922116819514
2 0.558592987578777 0.4609391370959684 0.6310810399027105 0.49315370950557985 0.6153754011421597 0.5284912588955677 0.5428874048682246 0.49627678025816463
2 0.5721981590129417 0.4470971910217969 0.580280566457759 0.4282395568237954 0.6203529565946155 0.4454135935578019 0.6122706151318198 0.46427117173867566
2 0.5682684938026341 0.6009162466047856 0.5793576245952181 0.5602614742996066 0.6317466564648839 0.5745497982442782 0.6206577560749338 0.6152043728726715
2 0.5191285887278809 0.5159703859987128 0.5444049997096272 0.5311348342303561 0.5159700871676023 0.5785263973445636 0.49069372883798223 0.5633620188913094
2 0.3544618262317272 0.5067085638226292 0.3324935419583426 0.5426543218827473 0.24622246752164756 0.4899333508937583 0.26819073034880603 0.4539878694387725
2 0.23131101669605414 0.5483938278869062 0.18177336714006742 0.5325429565169404 0.20946341010971992 0.44601301480111666 0.25900042467742423 0.4618637763594272
2 0.2828363829067939 0.5902954344954201 0.22723747475322398 0.5804847921471102 0.23736382993013194 0.5231038235647383 0.2929621986230586 0.5329144170458624
2 0.41841168521261807 0.7275879094465757 0.37661994508277985 0.7289358394833694 0.3740905629864528 0.6505144512191138 0.41588161464483164 0.6491665323012954
2 0.29551787126183626 0.6710185135192124 0.30035298189477544 0.6357981314176304 0.3657940933903774 0.6447807544144193 0.3609592415663201 0.6800009027015095
2 0.34136797073790603 0.718092094560813 0.3313845212558135 0.7657848377678986 0.2819937609316412 0.7554474214078094 0.2919774066737091 0.7077549489252822
2 0.5267004510129709 0.7164296894920213 0.4918836249555625 0.6912209582619172 0.5376021790272034 0.6280864230567794 0.5724186172096779 0.6532949510980759
2 0.5463465112202357 0.7629756795208908 0.4988830288691588 0.7604780103699835 0.5015540131844318 0.7097345294286359 0.549016953944033 0.71223218427035
2 0.588758049066314 0.757001639064038 0.5435355367643524 0.744944266471772 0.5543631286786876 0.704341627086646 0.5995852398833676 0.7163989433441099
2 0.40310444152657965 0.7756009568414901 0.4760019788943737 0.791444790649701 0.4527695020653937 0.8983150711611853 0.3798720337325676 0.8824714582519183
2 0.5194098021012223 0.8770857934880322 0.5167968068213895 0.8169920964467281 0.5690924424638979 0.8147187410983877 0.5717058248759486 0.8748120298328124
2 0.5193042477952758 0.9139117929516831 0.5299441813745034 0.8749099497473984 0.5811760154819012 0.8888828490096228 0.5705364130038788 0.9278844085197089
2 0.501203179704703 0.9649938430065603 0.4945910316231448 0.9963939804754589 0.44310958588562244 0.9855560222792266 0.4497219117724853 0.9541561303011475
2 0.41015638183114334 0.9169917312602822 0.3979561091971391 0.9592140540823445 0.348002585962945 0.9447833376589719 0.36020304321095864 0.9025613255874068
2 0.2812129359174378 0.9048567742000445 0.31762050572831413 0.9106037951889852 0.308910686943932 0.965766225274415 0.27250312776118335 0.9600192500299657
2 0.3352830151145554 0.951521748602481 0.3318952981218217 0.9735367232937651 0.2975520419319082 0.9682532426513077 0.30093984968220866 0.9462383796374089
2 0.5801248402480041 1.0000147520469687 0.5797865213816067 0.9786906417672683 0.6422396164839483 0.9777000195953076 0.6425781327753839 0.9990239272756669
2 0.7949218750005684 0.9833984374999672 0.8071824343580829 0.9597020684734385 0.8411330126024268 0.9772630642878367 0.828872611193674 1.0009592980176005
2 0.8003626677076454 0.884034581547063 0.753243239845915 0.875061439084748 0.7625948101192535 0.8259676020115864 0.8097136434423646 0.8349406864535284
2 0.2520732698850452 1.0000150186929813 0.2517687004877871 0.9826477096924078 0.3082890421068214 0.9816566769640963 0.30859375701663794 0.999023837408153
5 0.9990214906451911 0.5351557341368827 1.0349991780630035 0.544688825631827 0.9123796018646999 1.0073749921333346 0.8764021103472714 0.9978424453722439
6 0.82283705463351 0.8745818305419847 0.8316635783029369 0.8585377624661577 0.9104627491822157 0.9018780021169547 0.9016364523149605 0.9179218748854614
6 0.9596960746583818 0.8086643967422341 0.971260093610681 0.7928208180745349 1.0100806012244448 0.8211497069333602 0.9985166869862496 0.8369931910498867
5 0.2400316803584701 1.0061098079466155 0.11299077503781518 0.932462779075337 0.4135383452537553 0.41412388627563296 0.5405669352873019 0.4877664299578485
5 0.7248148503067569 0.15994366766050575 0.743093208891537 0.17129815174812693 0.6306763999649547 0.35226245962962244 0.6123981142771981 0.34090806940869545
5 0.563942033471335 0.4725179522679173 0.5374769424441865 0.4581518503540792 0.6047703466109624 0.33419164515202154 0.6312350567743579 0.348557618314806
5 0.46562025336436363 0.6416878286389327 0.4359982874917705 0.6299519674517643 0.48555853807761196 0.5048736401523363 0.5151798601539213 0.5166093557500528
6 0.45421696149389845 0.6423000278356726 0.4960656271030075 0.6250706756637475 0.5278587577948883 0.7022833471308351 0.48601017804890034 0.7195125510126676
1 0.4906849485528255 0.5146765726993708 0.5218235168466663 0.6024189189671463 0.3338015850276861 0.669135699706633 0.30266486775678914 0.581394918783879
1 0.24909506733308717 0.8870063298537925 0.2764448592820372 0.7563738098188166 0.39715467674557203 0.7816410843225474 0.36980722630153195 0.912271564598952
4 0.8013062663216033 0.11063008222553236 0.8183530937756132 0.18307824683357352 0.7418225237479419 0.20108537250181532 0.7247758537383788 0.1286373456105878
4 0.5773507354081175 0.23043788114393648 0.6554816997125954 0.2808956483036435 0.5625570611653075 0.42477917773349516 0.4844264354974257 0.3743218427988768
4 0.566074703120762 0.18827952045007557 0.6660605301510714 0.2182747823283466 0.647192260799784 0.28116896446053447 0.547206462410486 0.251173772760795
4 0.8419522191484248 0.07823642947390133 0.8411335119363912 0.00044895374663506674 0.9509074714699182 -0.0007064124971009174 0.9517262292009718 0.0770810068576346
1 1.0000002597836328 0.9990234375 0.974609375 0.9990234374999999 0.9746100519192851 0.869140625 0.9999999980319672 0.869140625