1 0.251375382978722 0.5894353956504698 0.041138832371871104 0.7635392918346471 -0.2092491607630791 0.4612061028776475 0.0009765625 0.2871093750000349
1 0.3678255464594713 0.4771323758897182 0.2276258915616154 0.583682620416437 -0.11208033408092888 0.13670420673831474 0.028113025679317616 0.030157532982228192
1 0.43174009192455287 0.432632021813337 0.2293755746726447 0.5862786243523178 -0.1365079078987037 0.10438712438315845 0.065846433826664 -0.049253631911921156
1 0.5019202492215982 0.3707963438656741 0.42991350901479564 0.4293885731598027 0.09551198538349581 0.018432166359102397 0.16751720525735436 -0.040159064552785104
1 0.19544394719014235 0.008998761650322897 0.4551934241125082 -0.21129015592303596 0.7541410427760411 0.14120978116491048 0.49439362568750767 0.36149666709145223
1 0.7568359372427267 -4.348258460691817e-8 0.7572963088755387 0.07779868680005786 0.5922571731971402 0.07877519117424502 0.591796875 0.0009765624999858131
1 0.7038839638578338 0.7378720087362236 0.31895933901466833 0.5407276598841431 0.6768580943474944 -0.15800274371313053 1.0617583056343847 0.039133514591368
1 0.6326309060675612 0.8063464780367755 0.574923957289343 1.0983717139051328 -0.020609034355516087 0.9806800720473109 0.03711604458931106 0.6886779410074356
1 0.12527929084330935 0.704046670171655 0.1667153097598657 0.5119996613245085 0.7315316355893628 0.6338381607011122 0.6901085989928788 0.8258739593433807
1 1.0000121080187228 1 0.6230408844828617 1.0000000000000002 0.6230640096314346 0.5136718749999999 0.9999928438872985 0.513671875
1 1.000000304237119 0.6806640625000001 0.9589842928236294 0.6806640625000001 0.9589847721815659 0.578125 0.9999999782688747 0.578125
1 0.9296875 0.578125 1 0.578125 1 0.7919921875 0.9296875 0.7919921875
1 0.501953125 0.9990234375000517 0.5019550583124328 0.9335920328726045 0.6328131725634876 0.9335952874765686 0.6328124999799911 0.999025430730187
1 0.7597632699500991 0.8886708197604659 0.7597656250449063 0.9990254636985566 0.501953125 0.999023437499974 0.5019548514628696 0.8886728157817809
1 0.000976548015046319 0.8945312498646655 0.03979836346161392 0.8948939675559828 0.03882181538972418 0.9993861496796579 0 0.9990234374999999
1 0.0009765625 0.7167968750000006 0.03864851425669258 0.7164448661892109 0.03962506498851326 0.8209370581035459 0.0019531132924157646 0.8212890626093952
1 0.013671875 0.999023437500057 0.013672078394961318 0.9804684730245479 0.06054694724480214 0.9804688762397653 0.06054687499897682 0.9990237097159913
6 0.07484940054246181 0.9999991152484453 0.056552822760977506 1.009571143172597 -0.013887214494161526 0.8749637317866777 0.004408718193189998 0.8653919084077767
6 0 0.8451413187500392 -0.022180057461469005 0.8217583911955895 0.39296914904866753 0.4280185139402901 0.4151478349615445 0.45139994776318576
4 0.9990232192531039 -8.172144282963319e-8 1.0700994447194034 0.026614029521404053 0.8931362389298556 0.49920605472420126 0.8220602319227055 0.4725925084291055
4 0.8348081030411549 0.49796527516844885 0.8728192067865166 0.42670098296817166 1.0343062301041073 0.512829020085075 0.9962963224256782 0.5840922822111586
2 0.951171875 0.3779296874999855 0.9403483324673516 0.3713155437553344 0.9644157921411534 0.3319325528947289 0.9752392935951093 0.33854668031907253
2 1.000000233978085 0.4541015625 0.9511716750585038 0.4541015624999999 0.9511719073433369 0.37695312500000006 0.9999999970002591 0.37695312500000006
3 0.9445441636855776 0.4566950332964981 0.9068581441745209 0.45326920593559694 0.9148310217083235 0.36557064918528925 0.9525166288600531 0.368996457700266
3 0.96875 0.3125 1 0.3125 1 0.36328125 0.96875 0.36328125
3 0.9230727411772932 0.46759453452387717 0.9444005621712677 0.4240893475604725 1.019616988194457 0.4609608463902221 0.9982894720109243 0.504465772769287