1 0 0 0.8046875 0 0.8046875 1 0 1
1 0.0859375000466116 0.0009765586323415692 0.08531557371134113 0.05259745943493091 -0.0005388857703110261 0.05156306454143499 0.00008305764072247257 -0.00005782765787356513
1 1.001242273938601 0.0009827016237609631 0.999921310567629 0.24812480175655585 0.7653648056520979 0.2468700067135727 0.7666869260415297 -0.0002708732183871875
1 0.765529435133999 0.18128123779980843 1.0067688998888116 0.2525528811828085 0.8951049029153637 0.6304945172512262 0.6538663110092102 0.5592246049204973
1 0.267578125 0.9990234374999699 0.26758332500332926 0.8886654645560889 0.46484582507309824 0.8886727929163902 0.46484374992178346 0.9990276968822543
1 0.7079927300400186 0.9220915736794069 0.5669237626701715 1.0798899293861877 0.38392876385046293 0.9163310980321411 0.5249937213101248 0.7585380803421578
1 0.6607473918215874 0.5124899134212403 0.8214902268115338 0.5211773165192779 0.8030222118934489 0.8628464743425268 0.6422793902473813 0.8541593818229619
1 0.6523609686731788 0.6695873736721699 0.6021280528707393 0.6709091384065519 0.5989982669144638 0.551953663680325 0.6492300623672236 0.550631913769332
1 0.6377199789825454 0.5116746993970124 0.702713847070072 0.5146973312975117 0.695295650780281 0.6741904206111256 0.630301786135874 0.6711678321752689
1 0.9497753057200953 0.6024640568934228 0.9633664665232118 0.660216065671461 0.8349066382902492 0.6904425310919113 0.8213163483706012 0.6326912829219128
1 0.8373519833638738 0.7022138504357548 0.7743523779005272 0.7097727893741446 0.7654898158706374 0.6359140179312412 0.8284884816471276 0.6283551357501239
1 0.7745361647482696 0.7905176815721671 0.7587525717262906 0.7362662800383388 0.9450801216987657 0.6820646246266674 0.9608644125910359 0.7363148582535041
1 0.7116658067672006 0.9273632733515321 0.665335214367019 0.8298360090744334 0.9425422884451109 0.6981742590083547 0.9888736252796662 0.7956976334606214
1 0.9718200908201879 0.8052528527864764 0.9837117732986371 0.8405663534312489 0.7688509215456634 0.9129006804997437 0.7569604763835969 0.8775882338167839
1 0.9632555008514601 0.8981600896195243 0.9809691636459092 0.9700266668409662 0.6165433950742454 1.059815379770382 0.598834418069714 0.9879528964656694
1 1.0000004575733783 0.9990234251367547 0.8750911307405431 1.002398368327692 0.8741154680028558 0.9662655497901519 0.9990234375001137 0.9628906249999989
1 0.9646384851944276 0.8436045303306796 0.9802663250652586 0.8911514542478604 0.7719281233181619 0.959608046507835 0.7563019660625514 0.9120625523396167
4 0.6405736219030587 0.8565257786792266 0.5147984443365203 0.7751549825282154 0.6230632516184187 0.607842910275197 0.7488342510062012 0.6892118803388088
4 0.6491226084867776 0.9875502100907925 0.6405798322983856 0.9611849735969124 0.7386219976034454 0.9294260268287374 0.7471649841235148 0.9557908686780656
4 0.7686145171143153 0.9096604203292444 0.7717554423528554 0.9347805761346102 0.7445919586831451 0.9381759980025267 0.7414511399899766 0.9130559388038937
1 0.9686368488612516 0.5992382886444307 0.9118739222823251 0.5984712817882448 0.9140595020886622 0.4368005750533873 0.9708209470331894 0.43756757174631394
1 0.920898407794084 0.5566406177749796 0.9698399840210641 0.5685440895553284 0.9610509378574079 0.6046768701336497 0.912109375 0.5927734375000128
1 0.9822452155603969 0.25505433835445157 1.0351988701322625 0.2664010600627931 0.9935976634984627 0.46054158185416083 0.940644041354858 0.4491949810957116