1 0.095703125 0.0009765625000499832 0.1244511018491039 -0.05446585282468806 0.28647381419625617 0.02954611274481743 0.25772587025801386 0.08498849376855037
1 0.8340245152617172 0.07201575031195487 0.9623933111155338 0.0268662283327477 1.0782502405270407 0.3562673091546172 0.949881805359496 0.4014163276280817
1 0.2314453125 4.820528189093143e-15 0.3164062817647846 -0.028320294078663273 0.35761719012987214 0.09531250629372345 0.27265622767038167 0.1236327702623439
1 0.3001555266653213 0.10776651634735444 0.2527269276486095 0.20161513268436487 -0.02935338693396261 0.059058820205453534 0.018075173958095547 -0.03478929773834274
1 0.16105215710706489 0.1650453856163424 0.2711435893253338 0.03494152946026134 0.681592515590637 0.38225029726591414 0.5715045252163691 0.5123509534757676
1 0.3571029493551805 0.10319932469357347 0.6920175200286849 -0.12249533135777213 1.0879614126724846 0.4650535047357235 0.753052787536717 0.6907415756591796
1 0.5957030991024794 -8.648061447867668e-8 0.5957031808868578 0.0908203579353246 0.32714835131821474 0.09082026919391664 0.3271484375 -5.2603392661392695e-14
1 0.9994555061310848 -0.000002038345834893642 1 0.12792968750005032 0.7700754524396416 0.12890789692248536 0.76953125 0.0009765625000100276
1 0.9377214427088347 0.37598645946227643 0.9846575596216098 0.3551272960714289 1.0442172648885162 0.48913833607988927 0.9972812773826263 0.5099972963020484
1 0.9915769659937723 0.8517655792852821 0.6753131956663765 0.8367079081028781 0.6918086616087749 0.4905792672099425 1.0080495857823735 0.5056363855963076
1 0.7234616116597863 0.6311467255703554 0.6526876793653855 0.6488386097118113 0.6154067928520135 0.499712467264936 0.6861789644699456 0.48202081106800987
1 0.6962890625 0.9999999999999886 0.695793408720192 0.842845975785465 0.9994977181158902 0.841886649150176 1.000000033256697 0.9990338365792437
1 0.6821083366014591 0.8203272947166161 0.7617018837078149 0.8592290872825975 0.674328273182141 1.037950450666346 0.5947354099232598 0.9990497362907015
1 -0.01170417250614264 0.9888403118483322 0.0001828994003290063 0.780981314241655 0.299095170329565 0.7980700270727228 0.28721700785388293 1.0059205384656453
1 0.0009765589015842124 0.07617187497845297 0.12758597917945735 0.07693000729318633 0.12660942019385857 0.24001594157919973 0 0.23925781249999964
1 0 0.240234375 0.109375 0.240234375 0.109375 0.4189453125 0 0.4189453125
4 0.04941380506420501 0.2599589446288043 0.23144893123526344 0.1689463483766564 0.36816443312784486 0.4423846266205075 0.18613021142471098 0.5333957370837721
4 0 0.361328125 0.314453125 0.361328125 0.314453125 0.7138671875 0 0.7138671875
4 0.39755129673915235 0.4850795225688433 0.5225985962515551 0.42313774704185697 0.6633379909153518 0.7072341645466304 0.5382918457227106 0.7691741522195206
4 0.5024779012860563 1.0115283438311047 0.21843759293165022 0.8802243927400569 0.38503471527292277 0.519935588003504 0.6690517754343546 0.6512331987565171
4 0.11335506862553757 1.0000062107658403 0.11284950433253016 0.92639468087827 0.2553522979898162 0.9254157859677057 0.2558593910232503 0.9990257633154727
6 -0.01216479262257053 0.048799781271270146 0.2452767900847448 -0.10369430702575469 0.8152885370490139 0.858548627002568 0.5578547129466642 1.0110295398236409
6 0.13992169237008056 0.17286630361024266 0.15518706460454723 0.20435027606575581 0.01046724330547022 0.2745179511261426 -0.004797925754814969 0.24303415170007028
6 1.0024178555790968 0.851957647950733 0.9995719303769874 0.8756311577750702 0.6797294468743758 0.8371815930656117 0.6825762175233194 0.8135090457033797
1 0 0.70703125 0.298828125 0.70703125 0.298828125 0.99609375 0 0.99609375