6 0.10045403503943362 1.0058574056726126 -0.018521269939242302 0.8845745650838016 0.6095682898774157 0.26852670667034595 0.7285325538588268 0.38979820304657553
6 0.7851241874635662 0.38863954847264515 0.7851886586895489 0.374958777917872 1.000064287523287 0.37597032402030867 0.9999999883426653 0.38965091780801325
6 0.8339643392137077 0.6625747452847601 0.7876624455125238 0.6748189508318078 0.7146631905540062 0.3987913841288088 0.760963107847374 0.3865474491144163
6 0.7790468031279261 0.00007917194332334358 0.8089291895961424 -0.00025470379545285544 0.8131085214230325 0.3737984184136556 0.7832261350096132 0.37413229048756963
6 0.7646484694060973 0.3925780485802939 0.7529296583562655 0.3886719518895284 0.7578124584468924 0.3740235943374892 0.76953125 0.37792968749999967
1 0.0009765440398723513 0.8652343748652916 0.10203469276223132 0.8659718221780691 0.10105814843564076 0.9997608707436232 0 0.9990234375000003
1 0.10339103863657328 0.9200664808614554 -0.09585881463056012 0.8376982450781747 0.0009765625 0.6035156250000034 0.20021618940654662 0.6858814561634518
1 -0.017595134367525134 0.5940358216238956 0.0018180489895485152 0.5560090875277655 0.21894936375781526 0.6668426378410395 0.19953720774662997 0.7048684921740136
1 0.30789170114758235 0.5574109443222804 0.23212203782475171 0.6881887851734492 -0.04575073867647461 0.5272051997305139 0.030018989861787304 0.3964306493501636
1 -6.872762696730206e-7 0.4287109667731174 2.173553639295278e-7 0.04492186497066831 0.12304644545622523 0.04492331893795902 0.12304738143598115 0.42871025353521697
1 0.0009765625 0.14648437500000003 0.050174438365388596 0.14614970139036085 0.0511509966546555 0.28970439055464153 0.0019531207803993311 0.29003906252870415
1 0.4268867626547035 -0.00030170482027125605 0.4278497363815177 0.3139782126169947 0.006663687020022735 0.31526488121243806 0.005704252043642555 0.0009890267641556084
1 0.45537083652720867 0.24803941828432305 0.42179666975027885 0.2604849781031216 0.3261759603798282 0.00253250138672764 0.3597497018942022 -0.009912960428170066
1 0.36319411889792264 0.001066918860096786 0.43100388173672854 -0.022914479257775244 0.5185852690220827 0.22472973201579738 0.45077556836622534 0.24871100867763443
1 0.4393689732027042 0.0010310484482227468 0.5314407431777681 -0.030467138041167685 0.6046296766598971 0.18346974188320034 0.512557969748741 0.21496781681919602
1 0.6913502285623281 0.20095628065761237 0.63731438709965 0.5964132225775237 -0.047335752955973476 0.5028466409613674 0.006711274094868713 0.10740484114102787
1 0.5196943321980143 0.0019449057900916263 0.7033243379592022 -0.07372538104259786 0.8675855304220477 0.3248874161331897 0.683956089039043 0.40055678490948515
1 0.8047368189378403 0.37522377041728977 0.802246312770535 0.03852086235325579 0.9979526477986838 0.037073981500546804 1.0004452982598195 0.3737745713518324
1 0.6835937500291038 0.0009765610738032059 0.6830611552553592 0.02707379290554487 0.6352095900898576 0.02609722970925383 0.6357421875 5.434897052368029e-14
4 0.636625970434693 0.017122927199260455 0.767715169203143 -0.02969450593178721 0.814576801027556 0.10151850141682214 0.6834876622750699 0.14833586633597254
4 1.0002200250143005 0.0009796570141809055 0.9995777724539039 0.04658021140497997 0.9060388795892322 0.04526275643776656 0.906681147452673 -0.00033778315775029896
2 0.7985240728897907 0.00471494478417514 0.8420798357904005 -0.01786950861263349 0.8776562541002022 0.05074220209696302 0.8341004974429325 0.07332664750459349
1 0.2544759562638319 1.0310062683502197 0.11291596469072829 0.9989406942297127 0.184578742002941 0.6826672946341715 0.32612789261531816 0.7147316437275484
1 0.4288707690625415 0.4279564823087322 0.5069839404948198 0.4870103391242074 0.3110476970516629 0.7461556675561604 0.2329360263864828 0.6871035410737822
1 0.47124931377879875 1.0478502391086535 0.25817698872936035 0.9985011561071975 0.401081213295015 0.38166832351779 0.6141263809164457 0.43101421110867
1 1.000020290228349 0.9990233668168569 0.5781771970852105 1.00049290125967 0.5772110392728109 0.7202194812789785 0.9990234375 0.71875
1 0.623966627894788 0.3758905032641012 0.7399374795704716 0.4026504234851459 0.6621871176560035 0.7395730708677299 0.5462165456791581 0.7128139210080273
4 0.5708094253433273 1.0127189918145365 0.4888194914443602 0.9959046768970555 0.5537866102794169 0.6792031236021413 0.6357700189223578 0.6960167544472539
4 0.7286125952366547 0.58790055774781 0.7135090664085055 0.600256730435747 0.7007168179881091 0.5846217753362946 0.7158203125 0.5722656250000246
4 0.7307687540462666 0.5733249606075262 0.6829829987276526 0.5682952213556112 0.7011452420936166 0.395762253645947 0.7489297696129142 0.40079192723626184
4 0.6816406040325091 0.7314453111597529 0.6816406438076683 0.7128906180445743 0.6972656328774747 0.7128906552387998 0.697265625 0.7314453164388238
4 0.7089845249876134 0.6767578125000001 0.6699216863951278 0.6767578125000001 0.6699220534991355 0.5703125 0.7089840947630819 0.5703125
4 0.7323365682791518 0.6591012076403967 0.7092212507175191 0.7423074946505259 0.6173505473955174 0.7167879747884395 0.6404663726067383 0.6335825105724903
4 0.8089333943891006 0.9641141986310094 0.626109013640189 0.8300659666420646 0.7852001573871803 0.6131389950553146 0.9680163244131563 0.7471827938981391
4 0.7737843867115544 0.398483351506721 0.8047168444620638 0.3925351569499651 0.8195463159946712 0.46964880179783486 0.7886138672328116 0.47559696541832913
1 1.0008611617596443 0.3935551251314551 0.999941574330478 0.57917890255059 0.7979592419851542 0.578175232980342 0.7988816154905862 0.39255419799460944
2 0.8847969464708285 0.6895561860572836 0.8531527704917607 0.6277819895021552 0.922211009644684 0.5924110854982122 0.9538552496454713 0.6541848070998681
2 0.9697052650700471 0.7411496641178277 0.9169958765905903 0.7599716373581322 0.8889586230500299 0.6814665392109753 0.9416671469626863 0.6626447350700474
2 0.7863411899704715 0.7238362688059672 0.738463170210025 0.7364340277411855 0.7126577707242632 0.6383724078730149 0.760534835106796 0.625774781061984
2 0.8224610571636504 0.7105469228284705 0.7800435806755104 0.7138093282403598 0.7771944970364757 0.6767688745238651 0.8196116413844265 0.673506481955744
4 0.8603769920742934 0.622604738160717 0.8684088349544936 0.5521186111063401 0.9864122902848749 0.5655633994465884 0.9783812753533994 0.636048769853001
4 0.943359375 0.587890625 1 0.587890625 1 0.724609375 0.943359375 0.724609375