4 0.0009769082870434431 -0.0004142512446780305 0.44944685449740973 0.000024085368474831956 0.44846993841622407 0.9994617403334619 0 0.9990234375
4 1.0000363618026995 1 0.24217714824851555 0.9999999999999999 0.24225126975284184 -5.963540027744094e-16 0.9999530663275209 -1.987846675914698e-16
4 0.6894971342115923 0.0009987882469806684 0.6888302840962979 0.11905439551208896 0.4764318029840524 0.11785430786260394 0.47709888871838757 -0.00020106554389803701
4 0.5390624753806605 0.24121086873180483 0.4804684584357801 0.18261714996259318 0.6113281589423423 0.05175803311256293 0.6699219354821935 0.1103514994891536
4 0.43446774538563204 0.3468829460995745 0.3806387326674212 0.28280189720233906 0.48841839317833546 0.192267741154762 0.5422471657844881 0.25634840416477184
1 0.7514246340501813 -0.05444869808370882 0.8744583137543032 0.03635999601317372 0.5938227664224769 0.4165783766491161 0.47078983769040406 0.32577088021690503
1 0.9999995732021034 0.5214829602119252 1.0000017925768816 0.742188227472989 0.8632807022205498 0.742187015814078 0.8632813809479103 0.5214845828147332
1 0.8778217525938317 1.0190672837368848 0.6753102331981609 0.8975859767160834 0.8199033440406538 0.6566108957199566 1.0224035756087915 0.7780878424001907
4 0.9874362673664336 0.8124018709962808 1.0605669366462962 0.8500015970318712 0.966266172301971 1.0333667884020818 0.8931362104344771 0.995768149385734
5 0.41639055951679893 0.05586506690012659 0.415781824183 0.03334138327898613 0.49770044544618486 0.031127396956429163 0.4983091927490477 0.053651068556690024
5 0.5468749838192934 0.11914052544886669 0.5468750146011416 0.13574215371756496 0.46875000309421466 0.13574223688006418 0.46874999757608293 0.11914063480753997
5 0.7156655730370858 -0.00684467467981217 0.7297842314923173 0.008951416474265877 0.6117748878588145 0.11442888317822532 0.59765625 0.09863281250001188
2 0.44921875 0.16015625 0.509765625 0.16015625 0.509765625 0.20703125 0.44921875 0.20703125
2 0.5085185917073431 0.15310990842089467 0.5149941314537045 0.20491288138606864 0.3916766733419763 0.22032748566939833 0.38520133517147315 0.16852469529775022