1 0.5869585229919494 0.4976601124680467 0.33605909611185325 0.6896794045205337 -0.08182294515938793 0.14367622198905988 0.1690609308944886 -0.04833357206668988
1 0.19189361305302555 0.49270197448963143 0.12557849554741551 0.5465988748285672 -0.06533652303346571 0.3117080831233159 0.0009765625 0.25781249999996453
1 0.3686362803451857 0.787189022746704 0.30412023087353646 0.8472898712965575 -0.06353493945584887 0.4526751942880308 0.0009765625 0.3925781249999906
1 0.1466239688315909 0.6778129809706992 0.08564543368561317 0.7306560760653599 -0.060000262964990725 0.56260747445601 0.0009765625 0.5097656250000079
1 0.32975596817721 0.945678003773043 0.22933639044197207 1.0518409384427765 -0.09943641885945453 0.7409213372902714 0.0009765625 0.6347656250000251
1 0.08593888220150347 0.9990219545390939 0.06424942886087592 1.0222924407436702 -0.021689113229626855 0.9422153921672672 0 0.918945312500012
1 0.0009765159511516686 1.0000000011352268 -0.000022062099333197693 0.9590563440081232 0.040016811286477605 0.9580801248498062 0.04101562743926479 0.9990235374871651
1 0.0009765625 3.540851891473056e-16 0.10739246239552358 -0.0013470358485225848 0.10836902409005233 0.07580140219652634 0.0019531245815187503 0.07714843750529722
1 0.48631032719697487 -0.000010927601923667726 0.48684873356160097 0.14799887749890545 0.21538168349854914 0.14898575552991206 0.21484375 0.000976562499955722
1 0.90625 0 1 0 1 0.2177734375 0.90625 0.2177734375
1 0.5212613576986769 0.29785700548038185 0.6612341965883388 0.043498517599944275 1.1384120947180918 0.3060867764135605 0.9984477139964838 0.560438068785316
1 1.1104597186667888 0.7510758008761602 0.9973415818127478 0.9569875329622058 0.4154460152054753 0.6373440753576268 0.5285664395793219 0.4314450830987237
1 1.018339738062764 0.9656601565803509 0.9695657243476035 1.0543882992655755 0.4075314690595633 0.7454811876368269 0.45630634926203584 0.6567598572388599
1 0.8616013739517712 0.9950558767525934 0.7901401509349171 1.1224030007984633 0.3449377778620146 0.8726230283616593 0.41639977885415647 0.7452844616944787
1 0.7750614821508179 0.5598498761234214 0.8209398834244439 0.4763643532982542 1.0438771681086791 0.5988650204262083 0.9980009905480074 0.6823486298086325
4 0.2590833255386542 0.12883486343651873 0.3983154840999532 0.0009711752797924774 0.6126586126817983 0.23437066221564226 0.47342763769245266 0.3622331407901626
4 0 0.9990234374999967 3.910125769834849e-7 0.9550781151431246 0.04101574737865121 0.9550785314745126 0.04101562499965894 0.9990235839872939
2 0.14366631945256358 0.9799399048067523 0.13111539672240724 0.9958332447542725 0.10951942194390085 0.9787838997294296 0.1220703125 0.9628906249999966
4 0.13242135829568724 0.9588454746856324 0.09012245878523117 1.0027922805589238 -0.03855949185913232 0.8789668891823799 0.00373834908941717 0.8350212297750521
4 0.06452842958253768 0.9333890166112914 0.08167427008572758 0.912438662195823 0.10283989958043094 0.9297561735514508 0.08569414645864981 0.9507064466272905
4 0.1751287823963139 0.9706149274291627 0.1472452117852754 0.9918006915803549 0.11239370953489924 0.9459435910309507 0.1402769670894486 0.9247580048181425
4 0.13696999711180524 1.0000622762012792 0.13647172488288106 0.9786348824006759 0.1811422167661476 0.9775963929697662 0.1816406297530193 0.9990236418359655
4 0.0919226294723785 1.0000218114283328 0.09138496129014584 0.9790518617387326 0.1304217048185592 0.9780512307548708 0.1309594932569098 0.9990210565697394
2 0.1953523452830268 0.8069131337293538 0.15909980470530627 0.7797287630170876 0.18992067166323068 0.7386345058913402 0.22617291570850284 0.7658187117309417
2 0.23001966836670817 0.7789758528077808 0.29229846378268576 0.7984340455759982 0.27118556508548863 0.8659951209188012 0.2089068476476541 0.8465371008392885
4 0.18736286557748372 0.7445820426838723 0.15512719492937777 0.7806048109067819 0.09404081012110055 0.7259493009245497 0.12627623040384606 0.689926867585053
4 0.1729096546691835 0.7964786387459165 0.15318485594184494 0.7984507552134417 0.1497428170761168 0.7640295600125604 0.16946745480368008 0.7620574516541393
4 0.2529666729382143 0.8625223007497327 0.2838863058309471 0.8278633280388754 0.33295792510841693 0.8716308760953897 0.3020386069314327 0.9062895476457454
2 0.13466910029444534 0.5514070756051643 0.1768780213977834 0.511722534410874 0.24420736627484985 0.5833281562838823 0.2019987758070556 0.6230123592227305
2 0.28174783866245434 0.587326195031161 0.254549867094056 0.6201482134117045 0.21047643007682382 0.5836304114265077 0.23767430391001199 0.550808560031947
2 0.3204331663746416 0.7093052449993399 0.2659848338375923 0.6845593571323212 0.2929413003832906 0.6252561107158723 0.34738901472746875 0.6500018356081169
5 0.6086154211468511 -0.01031109152514327 0.6503502928770786 0.002734752468890385 0.33479626556766107 1.0121582175753039 0.2930618863226755 0.9991133833816065
5 0.5579733924408856 0.1555261975771556 0.4565601108321289 0.14772520192342106 0.46850887200935176 -0.007605675719505447 0.5699217834634283 0.00019530514460807064
2 0.499731538085598 0.04476050202746841 0.5589511208673912 0.07341507229822099 0.5315316148511329 0.13008204142427177 0.47231204922786674 0.10142749548184353
2 0.5513118531031296 0.12969400273521361 0.5344909311909305 0.16945252737246408 0.44573517530523077 0.1319021009217883 0.4625561204796895 0.09214365625969446
2 0.8128287059859076 -0.010254950372787798 0.864866860833331 0.01619065400363212 0.8245712424580915 0.09548202313351317 0.7725330976177247 0.06903643471854212
2 0.43155507713197494 1.0019684493984997 0.378940496822338 0.9655533350331594 0.41142678248854736 0.9186293454258341 0.46404073565383896 0.9550441554217332
2 0.4682193240714696 0.9712432201173099 0.4524765027859985 0.9583662334009059 0.4764074816516768 0.9291174539431201 0.4921501947376328 0.9419943702252132
2 0.5127952190669021 0.4216970242259454 0.5628751623684138 0.3295438970314932 0.8138751664396295 0.46593938132448615 0.7637972783019222 0.558090728710227
4 0.7734375505781372 0.09277343749999997 0.652343684547759 0.09277343749999994 0.6523437709083737 -6.212020862233431e-17 0.77343749198144 1.8636062586700294e-17
4 0.988184335640085 0.09285998307693635 0.9160502944700966 0.15726534190087704 0.8216862206185169 0.05157757490441592 0.8938201258996514 -0.012827679899162458
4 0.7846933726912084 0.11102349535457319 0.8116169557439434 0.06435650191775812 0.9342018875980784 0.1350790861666581 0.9072784466881103 0.18174595514062786
4 0.49609375 0 0.521484375 0 0.521484375 0.03515625 0.49609375 0.03515625
4 0.7986329067397264 0.5062499188612752 0.7619920625274972 0.5010158732118488 0.7720704084498493 0.43046896313655186 0.8087108827410248 0.4357029818115372
4 0.38722911658499015 0.8585895052295827 0.41494959276406007 0.8275166684539526 0.49235964495346707 0.8965593358707041 0.46463961808365184 0.9276317427415454
4 0.4301289131000203 0.9067782298139512 0.3959219337749573 0.9335829572336021 0.34881451256876517 0.8734808049414459 0.3830210275026502 0.8466763567447347
4 0.3359375 0.999023437500057 0.335937853113478 0.9707028982479967 0.3886720040771934 0.9707034317625262 0.38867187499863576 0.9990237475328899