6 0.007852270356920599 -0.0003267887843001867 0.025577869937251307 0.000214446625500362 0.011888322958611752 0.44854554578813804 -0.005837276227680377 0.4480043177707595
1 0.5135835179913784 -0.00035077628028821166 0.5149326473873543 0.49632815955541615 0.024508336613962456 0.49765164292338077 0.023168085671159133 0.0009826173832914182
1 0.02363980621146311 0.10724423186666643 0.2896199086587785 0.12459009440861614 0.2565166715741043 0.6321749369138395 -0.009463390775636071 0.614829585202083
1 0.7199892601810234 0.0014099798584119704 0.9776800504715766 -0.001980666086076538 0.9819595402771029 0.323261162965625 0.7242687521459175 0.326651781530798
1 0.543994140625 0.44336914062500005 0.5443457031250001 0.44336914062500005 0.5443457031250001 0.444208984375 0.543994140625 0.444208984375
1 0.5575560729639619 0.6440100042925541 0.43801269135838083 0.6112347024379144 0.5235179232917062 0.29940226266644354 0.6430559790785537 0.33217678581535004
1 0.6310514045422906 0.766814050465588 0.6346541903916432 0.4506919269658837 0.9114485379443522 0.45384774096740127 0.9078540589002841 0.7699613555852249
1 0.9082014451543046 0.9062490862938181 0.9082031250234195 0.9990246930929879 0.701171875 0.999023437499973 0.7011729712871784 0.906250571230979
1 0.33203397901854714 0.9990234375 0.041015625 0.9990234375 0.04103285545102153 0.6679687499999999 0.33202804879044834 0.66796875
1 0.0009765384410229672 0.8183593748699854 0.12139110709472334 0.819010093856616 0.12041456839699549 0.9996741402993531 0 0.9990234375000003
1 1.000020795942305 0.9130859375 0.6582012259925705 0.9130859375 0.6582193903012694 0.20312500000000006 0.9999949964313828 0.20312500000000008
4 0.10000802394665698 0.894698008027894 -0.09122942308204074 0.7356485543156845 0.23058161462927274 0.3487731299508147 0.4218077775284428 0.5078148515769217
4 0.5185191156202791 -0.00897888619579724 0.5900694738560333 0.005960135560263229 0.5394595665640054 0.24835505257188734 0.46790922955494807 0.23341609806962774
4 0.3792855559520376 0.8887524951867611 0.32739152231829394 0.8934269436544873 0.2980862612114379 0.5681266708147387 0.34997661550221437 0.5634523872934332
4 0.3625477312378962 0.46869653026033103 0.3291811734870862 0.4472472506603024 0.4593051270577462 0.24483540980064655 0.4926710428247816 0.26628441328329544
4 0.5140947182459286 1.0139876367827527 0.3393338046058716 0.9954467056370419 0.4285878379156429 0.1544547738740582 0.603324081115943 0.17299443095946368
4 0.5624097314884011 -0.0020712781903472707 0.7603175395385051 0.0005671895072535981 0.7480048000404622 0.9240745522491212 0.5500969792561818 0.9214362700458446
4 1.0347210768132982 0.9168001143918982 0.9873856965342611 1.0288950597566242 0.7556806204720488 0.9310695918882562 0.8030174022893561 0.818978419234954
6 1.009650742575218 0.0688763775749423 0.992647060076365 0.07312729686911819 0.9745519315332558 0.0007467827388911193 0.9915556060603876 -0.0035041358940957786
7 0.38502630449681874 1.0097895406416888 0.28046491378563587 0.9926812003290872 0.39707505898934414 0.28015751116395393 0.501622769171604 0.2972647544998729
7 0.5671867163360957 -0.0047872757527276525 0.6374517847170864 0.004727743319481747 0.609715583097227 0.20954922884365162 0.539450519539173 0.2000342423857802
7 0.5315217253659057 0.1877504938091579 0.5726023922779859 0.21275551558977948 0.4890060970880086 0.3500925669780421 0.4479255518010632 0.3250877088204011
2 0.9724265428509398 0.20708868384252369 0.9620289402423623 0.16549859708050946 0.9990234375 0.1562500000000219 1.0094210687195755 0.19784004185299864
2 0.9928610742382489 0.25168372849214393 0.9632273191562035 0.2635370492190743 0.9430226021080443 0.2130251970676782 0.9726562542399506 0.20117189958469625
2 0.9783068425504098 0.2738617873769308 0.9991581423655589 0.272124228930906 1.0043238110270067 0.334112365412114 0.9834725118846563 0.3358499188281593
4 0.8026877537828341 0.9056607649293299 0.8193095131016435 0.8862070304088289 0.9354538579646032 0.9854168561791203 0.9188325537959372 1.0048701616001185
4 0.7826112123915436 0.8640591770368355 0.8199276880205844 0.9386673730757125 0.5570391672359847 1.0701135518450071 0.51972647805826 0.9955085715781455