4 1.000658259628267 0.0009319005052788429 0.9998776635435433 0.8335017053246717 -0.0005036072543589398 0.8325026056983986 0.0003360922071351524 -5.786555550849781e-7
1 0.3075842196009262 0.8138439142608216 0.09712962293258443 0.911483160210989 -0.08446826558270004 0.5200935763122009 0.12597173868834943 0.4224580904367314
1 0.020645490115043685 0.9626889962063742 -0.0964006041557468 0.7589791023264854 0.09472112123091847 0.6491889975051706 0.21176732238859586 0.8528934145541921
1 0.33421924625167776 0.8208034427709057 0.3627333981079346 0.7933723560738898 0.48345976287168924 0.9188371005298278 0.45494623516083266 0.9462675526092347
1 0.02358538177202263 1.0002750144849473 0.02299943027946938 0.817404138212528 0.45269350867738467 0.8160212749982634 0.4532903603731029 0.9988810920569097
1 1.0290058308814878 0.7533574726832152 0.6923977743387013 1.0338130017771814 0.5756968431526275 0.8937645128687017 0.9122954000544041 0.613315291269014
1 0.4472654509174845 0.9999999835367789 0.44726848133439034 0.9140607816828992 0.6445316519659627 0.9140665448953478 0.6445311013914079 1.0000032434344552
1 1.0001972015569436 0.8703281014590124 0.8949492479526953 0.8713699564387563 0.8937786324987655 0.7529949641691525 0.9990234375 0.7519531250000004
4 1.0000042772080633 0.9990234099119946 0.8340289558622089 1.0000939511021936 0.8330552116582339 0.8487267682518973 0.9990234375 0.8476562499999996
4 0.7412801834843776 0.9746741212912208 0.7386505183413874 0.8983891399709223 0.8664613292975218 0.893984103133074 0.8690923320697266 0.9702676893248093
5 0.5583472893830503 0.9308011507573307 0.5691684533289845 0.9013006161564109 0.7808143367089997 0.978911301578685 0.7699943144067447 1.0084108677174242
5 0.4326162864681464 0.8300771035634594 0.45117393939540307 0.8115239908925782 0.5380863840081247 0.8984382392549078 0.5195290319305741 0.9169910513071015
6 0.03906254129140052 0.44628894452988355 0.036154447204012286 0.4545973851308925 -0.002908105140477346 0.4409256047484786 0 0.4326171875000319
6 0.001953125 0.4794921874999491 -0.004727894276925326 0.45789559860585316 0.1390553161003254 0.4134174238031525 0.14573646180690503 0.43501380114683086
4 0.08747533582697997 0.41845790136330496 0.07389430776765948 0.4572593866145012 -0.00753665057300168 0.42875873526748387 0.006044481301955784 0.3899574639138745
4 0.24700510338402637 0.625147377398974 0.20976064382296045 0.6391129201766811 0.1361166739948203 0.44273017603737397 0.17335996719930336 0.4287648776609082
4 0.33876958652626854 0.7353591626907184 0.30029139687974293 0.7667083613485843 0.1641745566668078 0.5996597258885348 0.20265168215325957 0.5683112135463831
4 0.4267527096419599 0.7952774308423742 0.40489676993570356 0.8299849553563248 0.2681892302957749 0.7439121534666349 0.2900450936267589 0.7092052820251333
4 0.38764173929075696 0.8174434447402829 0.38448946475227785 0.763860437094045 0.4404762190655447 0.7605674023400375 0.44362883225824135 0.8141500462146729
4 0.625231346448686 0.8594712239089654 0.5924099751575795 0.8208652309421738 0.6733974958782483 0.7520266032508646 0.706218546448099 0.7906320928670167