1 0.6434076633627228 0.6937515923990902 0.7206422410662299 0.512299838213739 1.075537819918054 0.663341965200836 0.9983120319366208 0.8447861797124452
1 0.7581551493976804 0.532265405061804 0.8111638929120772 0.4024113948446607 1.0519383551597912 0.5006927523564793 0.9989328135088726 0.6305440240192653
1 0.813182051427475 0.4078313609781958 0.8265859082712268 0.3723541578137873 1.0124698460228956 0.4425799508105854 0.9990665347198728 0.4780566884869582
1 1.0295869131492736 0.34177433138965946 0.9991357539475985 0.4372809109288299 0.8236954749812639 0.38134461095189043 0.8541471838037751 0.28583892726758764
1 1.0321860867391024 0.21514420300229112 0.9992395271834766 0.3317940671889807 0.8391233001723322 0.2865709920187068 0.8720703125 0.16992187500004774
1 0.8607990225366393 0.16488339616929035 0.8821345418328974 0.09234420627477313 1.020339930246564 0.13299349304870134 0.999004693745178 0.20553243597271298
1 0.8794921126636837 0.09101559660077455 0.9037109644333441 0.01835937954589456 1.0226562131870196 0.05800797293583647 0.9984374980000439 0.13066406424741345
1 1.0014473311071015 0.0009935339894153934 0.999987567673088 0.12508027808464467 0.8843555673776109 0.12371984262315054 0.885815473336379 -0.0003667508601839174
1 0.8630804402170043 -0.00001063205206247874 0.8635993219227203 0.03786753960642235 0.7915344986613491 0.03885472317916944 0.791015625 0.0009765624999816293
1 0.650390625 0.0009765624999901492 0.696277488317719 -0.06451988057679278 0.8741036651416607 0.06006527321793511 0.828216849328669 0.12556165527437435
1 0.0724517145089294 0.357734047353837 0.3457013069257755 -0.1594348672295656 0.9278026715080614 0.1481222051243986 0.6545700057437216 0.6652755654277669
1 0.2872852718001013 0.6726676362846183 0.34884062577020813 0.5265019226974671 0.569312834720904 0.6193388468717204 0.5077615336501822 0.7655011219725742
1 0.6724054807648372 0.8128643912080262 0.7109070940983884 0.7230539975747656 1.037385347363056 0.8629818307323867 0.9988885280980639 0.9527881541026153
1 0 0.0078125 0.158203125 0.0078125 0.158203125 0.2607421875 0 0.2607421875
1 0.1708984375 -6.300766848314845e-10 0.1708984458176701 0.04101562321022976 0.03515624243880211 0.04101561612715385 0.03515625005252332 3.604371292568389e-9
1 -0.033979564759192726 0.5794516743868792 0.013752641729752213 0.4198292256012406 0.3070634466979527 0.5075300711440304 0.25933597927632945 0.6671484776351657
1 0.0009765357865489932 0.7988281248697247 0.1551839962643271 0.7995801599165563 0.1542074597609826 0.9997754518494788 0 0.9990234374999999
2 0.4533688699250433 0.1145489409478236 0.4188770427971349 0.1654653311098944 0.35949613772731936 0.1252395860615951 0.3939879472513894 0.07432326501105915
2 0.3683275443116827 0.06260055647838508 0.3373457623329159 0.11294594228233719 0.2793178088206787 0.07723644942392706 0.31029958880708364 0.026891099585753173
2 0.3703966169683781 0.12400683796323059 0.3284845960100711 0.10891854187058983 0.34999668277089313 0.04916287035449 0.39190864144927673 0.06425115428084577
2 0.1486107036487283 0.3760002223033801 0.10171863609775755 0.37737935499096154 0.09925590915383964 0.293639742439169 0.1461475747834129 0.2922606156803779
2 0.078125 0.24609375 0.14453125 0.24609375 0.14453125 0.32421875 0.078125 0.32421875
2 0.03044105638173278 0.2575401301563463 0.08470609378503013 0.26232808237222344 0.07735297580074985 0.34566366442295227 0.023087940962341236 0.3408757306013833
2 0.04297041687937053 0.48589687305507334 0.056117756487310544 0.40514265716114906 0.11629605846826507 0.41493959652402257 0.10314910045644865 0.49569347027937016
2 0.0009765577525513436 0.33593749994665967 0.04181146606697439 0.3363962976907039 0.04078116153186784 0.42809381805457813 -0.00005374678005409805 0.4276350227672053
2 0.387620606332689 0.5882661120088897 0.3788308096416131 0.6322114436425532 0.32925111500640014 0.6222955687438593 0.33804106335423967 0.5783504405707176
2 0.6354392950761394 0.7619878349812623 0.5953655177106612 0.7459610612480707 0.6015617231684018 0.7304707500934299 0.6416353652954285 0.7464974934242188
2 0.6876644451969014 0.7720605685900137 0.6656186378953635 0.8021177170249004 0.638099499953455 0.7819370551972871 0.6601452632176006 0.7518800282834663
2 0.7170167905043172 0.7818877810491829 0.697418437109377 0.8319636114060571 0.6603022463267507 0.8174400103607828 0.6799006960784482 0.7673644247107536
2 0.5661202866247095 0.8863620670888637 0.6177830063188594 0.8921008469540807 0.6093274612793493 0.9682012556539397 0.5576647518030313 0.9624625379905996
2 0.5220231473059584 0.9019734261955094 0.560950986376497 0.904262694648284 0.5581155755508007 0.9524648929145241 0.5191877378172194 0.950175640096598
2 0.625990874640479 0.9373747390555728 0.6674532546201135 0.9421313356264915 0.6603092389267431 1.004386759370987 0.618846866567651 0.9996302068828241
2 0.44771323539987407 0.8156120045854622 0.4997893687549322 0.8205705187425909 0.49259132536406014 0.896150429255576 0.4405151988826219 0.8911919641973016
2 0.3983542735510355 0.7218772512872271 0.4635075399917241 0.7297731608643561 0.4514246546970071 0.8294574610010476 0.3862714052075944 0.8215616453161206
2 0.518032561706832 0.7963992179340813 0.5097983380378537 0.8138938770026597 0.4664362836072087 0.7934884281537327 0.4746705310492416 0.7759938706321721
2 0.4339149954618051 0.8178536714644267 0.440856046852673 0.8490805742663782 0.3808831825356265 0.8624079392921156 0.3739424130999396 0.8311812810348777
2 0.17809755047471754 0.7411520460057867 0.18064307954102787 0.6724525425166153 0.2432740179732491 0.6747728574979193 0.24072896999405202 0.7434718977786644
2 0.06905252752540036 0.6028069015285222 0.11767135370905635 0.6288491761936205 0.07037223866507247 0.7171410460042581 0.02175359363889129 0.6910990334673524
2 0.08967870052492799 0.7476893159504642 0.05854184911208904 0.80029188508395 -0.015436272669489881 0.7565093820347906 0.015700558258004094 0.7039073347573519
2 0.22495411023157885 0.7908411201206534 0.2748352684056954 0.7927592240043685 0.27238016969693035 0.8565922017513847 0.2224990123875159 0.8546741132498205
2 0.205078125 0.873046875 0.25390625 0.873046875 0.25390625 0.9443359375 0.205078125 0.9443359375
2 0.171875 0.74609375 0.20703125 0.74609375 0.20703125 0.78125 0.171875 0.78125
4 0.6298974548993783 0.7029226903939035 0.5512498070088441 0.7170371477932417 0.5291405396505979 0.5938522670713146 0.6077862810830084 0.5797379853444877
4 0.556640625 0.75390625 0.654296875 0.75390625 0.654296875 0.884765625 0.556640625 0.884765625
4 0.3756492601454511 0.8766513262783355 0.4890496732447218 0.8847492022582498 0.48034002094414063 1.0066850633126432 0.3669396235675322 0.9985873282685132
4 0.41221326187132945 0.6024948324795958 0.31446484911646166 0.6452558465608149 0.24473955406210735 0.4858820485171211 0.3424855076111726 0.4431216553862687
4 0.15458206217442694 1.0000924075799238 0.15406779698344053 0.9418134977790823 0.28873602749706606 0.9406245645964866 0.2892514424277124 0.9989023212189095
4 0.3199279338149381 0.7852130035242187 0.24558893057246678 0.8070738603102812 0.20920214556235806 0.6833553384148443 0.2835391338859381 0.6614947971757306
4 0.1640625 0.646484375 0.1953125 0.646484375 0.1953125 0.7666015625 0.1640625 0.7666015625
4 0.6699208037451854 0.9999996813734872 0.6699236192638409 0.9355458444472702 0.9003912046795222 0.935553767702959 0.9003905795700575 1.0000053851332547
4 0.484375 0.9990234375000355 0.4843754270757472 0.9589840576052464 0.531250032676212 0.9589844933927906 0.5312498851594682 0.9990235948569817
4 0.5212632290439387 0.8198427223592777 0.4831074206899757 0.803195649730167 0.5359654689378885 0.6820652896431846 0.5741202902561326 0.6987121170460048
4 0.3200864254671387 0.6825236059427003 0.38769636079916836 0.6650414161074003 0.42644109603452307 0.8148573367078426 0.35883128147304433 0.8323392177168163
4 0.18514156218839162 0.3035109777191401 0.13013669849851794 0.3015741960926587 0.14082242487097574 -0.0018842831845852863 0.1958264254982396 0.00005248209820867
4 0.16022222702360978 0.3132584948772028 0.18963640359493183 0.3107008558006057 0.20118286301624266 0.4434858419362002 0.17176868902868137 0.4460434614349548
4 0.0620048839558649 0.39227031195776224 0.08383880523263088 0.33405094243233274 0.2129045347912779 0.3824519757776932 0.1910711746496645 0.4406708681865932
5 0.3803118018256555 0.9967253546046466 0.2925715563405902 1.010098597038067 0.13999792140953105 0.009175846951408469 0.22772703905104663 -0.004196643388475954
6 0.2549949786930483 0.6671971613525237 0.2506714597627706 0.6818955156654325 0.19684830769324435 0.6660654572018743 0.201171875 0.6513671875000383
6 0.18970036272992274 0.6438290512620888 0.18235295220711123 0.6624783947776648 0.1037077223883216 0.6314974853354832 0.11105519322381951 0.6128482943122026
6 0.138671875 0.63671875 0.1640625 0.63671875 0.1640625 0.7978515625 0.138671875 0.7978515625
6 0.22443245734962147 0.45033593616847845 0.20964598676357582 0.48927320794913554 0.017665134918956937 0.41637120466888194 0.03245182243074396 0.3774344688643572
6 0.9003494314697491 -0.004083887200950989 0.9620067999788944 0.01926701123931114 0.7361884320124545 0.6155173345578239 0.6745314066366745 0.5921671646395567
6 0.4785505745062437 1.0044766618118497 0.4606383462678423 0.9981777333979299 0.5633762271969545 0.7060942692223247 0.5812871592465854 0.7123929504684979
6 0.6330364210533617 0.7018193765367085 0.6569976955383936 0.6793149544334981 0.821208610114013 0.8541255663540013 0.797247967659132 0.8766293474564801
6 0.6513671109605639 0.617187428748254 0.6617578968556472 0.6268603682953529 0.629613252786271 0.6613861728361783 0.6192225098948256 0.6517132777346732
6 0.24926534931455535 0.9308050508409917 0.2610981671348327 0.9105261541416584 0.32728209962533583 0.9491343733343077 0.31544953898423955 0.9694130470116215
6 1.0066750485261764 0.9587912509773924 0.9765934234893621 0.9992700086525029 0.6191423679690615 0.7336833931831335 0.6492231369985575 0.6932069201208868