1 0.26702003988123124 -0.00039352488004214725 0.2681224383522931 0.21447580906004313 1.5388911833724706e-7 0.21585034369769085 -0.0011012121867679525 0.0009822148761092118
1 0.42382812692414973 0.0009757285580432837 0.4233308325838152 0.21679839488726133 0 0.21582031250005582 0.0004989532528725249 -0.0000011006364410838273
1 0.4251844994133762 0.45483785596513415 0.3532987187878689 0.37724532870854616 0.8384444376065403 -0.0722118091179092 0.9103283983579331 0.005378719854671144
1 0.1972717587356101 0.5826752757834187 0.009001825514133088 0.43197481127215664 0.4728024759587015 -0.14742882021832507 0.6610632347097862 0.003265951589011389
1 0 0.208984375 0.173828125 0.208984375 0.173828125 0.5126953125 0 0.5126953125
1 0.34297434049597086 0.41799058865382366 0.2926671473495617 0.3679453763643164 0.7075109068388201 -0.04906318851512771 0.7578167871600954 0.0009808273385763062
1 0.39780469857032585 0.3712112059038728 0.40885338889245304 0.4203125077175798 0.30832672008057216 0.442931207008081 0.2972783900095237 0.39383021739835516
1 0.5493783589123495 0.41897395814423327 0.5023016868780132 0.36717658206502213 0.9571291305541081 -0.0461932164113971 1.0042047826716498 0.005602977146956254
1 0.6046812338980772 0.45615174265234476 0.5555675763647514 0.4059581074910815 0.9791958613295719 -0.008544891237977859 1.0283078077807204 0.04164712060893878
1 1.0000146546296946 0.521484375 0.5136686007197113 0.5214843749999999 0.5136806589104026 -4.969616689786745e-17 0.9999999725055204 9.93923337957349e-17
1 0.45272840374798307 0.4231613243893337 0.4630577996052807 0.4774722483875645 0.01446063940716158 0.5627760369712012 0.004133350194138075 0.5084669417523496
1 1.0286760272765605 0.5597660071777486 0.9478353136112219 0.8235027983524895 0.4109317159386592 0.6589306973165793 0.49177999430173713 0.39520764250004803
1 0.06494604947693006 0.670946403199404 0.046070945060705526 0.5470985454826154 0.45881962063140236 0.484194021517291 0.4776984223864247 0.6080373566266273
1 0.6901044772943123 0.43819021387031903 0.7818140986388471 0.9339105838492899 0.1340655929030845 1.0536838507569137 0.042397369536843144 0.5579999989385915
1 0.04155095845635515 1.0001466063597024 0.04090030862028016 0.4868285402199095 0.9195088241466465 0.48568645254494663 0.9202078620958218 0.9989609084023259
1 1.0000031560075513 0.9990234375 0.845703125 0.9990234375 0.845706280878403 0.8505859375 1 0.8505859375
1 0.00021740085742294468 0.8495283955019012 -0.06492049825828872 0.5811856195833195 0.04508257362238055 0.5544883543251119 0.11022269296154263 0.822827829596925
1 -3.1946001399774104e-11 0.9990244961053425 0.000012559514402710192 0.562498829097625 0.14063036699656095 0.5625047927992493 0.140625 0.9990234375000083