4 1.00041661307489 0.0009635546925904693 0.999979079783202 0.460792474335449 -0.00014996273876022315 0.459810439168886 0.00030634530514817016 -6.344636857256587e-7
4 0.34360325395323343 0.7746724482147446 -0.047431996478849214 0.7292756083746114 0.0009765625 0.3124999999999983 0.3919831625568122 0.35789508580359314
4 0.6015625 0.263671875 1 0.263671875 1 1 0.6015625 1
4 0.803642819519041 0.2144410349666332 0.8599826668549895 0.4039319777041552 0.3155602603837906 0.5657818524638737 0.25922771521084087 0.3762970160836872
4 0.6425679710957866 0.480463660524393 0.6425826754407353 1.000007610273164 0.2812495443639591 0.9999989487373668 0.2812555238419918 0.4804747728169369
4 0.24339525209995827 0.6080343194399974 0.2477439090172311 0.39363284352711053 0.6190510139130083 0.4011610737100579 0.6147086382579801 0.6155564209583916
4 0.0605447081074999 0.9990233591078012 0.060560472189195025 0.7206952648919891 0.320315718273946 0.7207091059553163 0.32030935448653963 0.9990280361924926
4 0.3437512108755527 0.8447265625000001 0.24218638235231538 0.8447265625000001 0.24218784480126487 0.724609375 0.34374977878553636 0.724609375
4 0 0.849609375 0.1015625 0.849609375 0.1015625 1 0 1
2 0.3037412261761574 0.4985873827080699 0.24837722870097423 0.48348909963883535 0.26221460458486945 0.4327529547539036 0.31757821141422937 0.4478511815450413
2 0.005834041866251027 0.772712667741492 0.013500582682354434 0.7414636242608754 0.07012418661895481 0.755352985090808 0.06245789138415603 0.786601816413623
2 0.06263173965089663 0.7859545427556816 0.05806796509784817 0.8034463409587967 0.0012197650456755582 0.7886166726870341 0.005783618579243921 0.771124997600923
2 0.07491177003407756 0.829822886269121 0.06030575832073737 0.8833681193783923 0.02031109758183902 0.8724606461609454 0.03491728783728831 0.8189157025257638