4 0 0 0.76171875 0 0.76171875 1 0 1
4 0.9801711644097395 0.9955676878252108 0.8919006014845081 1.013217550712831 0.8531403973419174 0.8194082305982636 0.9414062300048727 0.8017588578014221
4 0.9613894850925817 0.6892531397770892 1.0150515935205249 0.7098887118351995 0.9712074033998306 0.8238843082656042 0.9175454477174299 0.8032490272096802
4 1.000001301239763 1 0.9492175241181258 1 0.9492192753622248 0.7753906250000001 0.9999999943178182 0.7753906250000001
4 0.9005385124638678 0.8100305037886005 0.8836945641102147 0.8689740510466027 0.8239760888938008 0.8519118338123332 0.8408203125 0.7929687499999803
1 0.5371081826043564 0.9990234374585231 0.5371287446924953 0.7206934647643528 0.8886786935074724 0.7207176603375162 0.8886709728111555 0.9990348096617295
1 0.9228515703916855 0.7519530303108848 0.9210396591890913 0.7736933831797713 0.889116132192612 0.7710331444582571 0.8909281166094161 0.7492928722993947
1 0.8870666686855202 0.5573800499359545 0.9457730795910493 0.5899905972594894 0.8810083847414489 0.706567617167953 0.8223022737007568 0.6739574883804191
1 0.8212099707500329 0.676057316135569 0.7240562294780375 0.6193905119669177 0.7858278484455923 0.5134981776380759 0.8829798921099155 0.5701643510634122
1 0.6794985788478698 0.712692581446783 0.7146792443207914 0.6357499462459695 0.8825952911197419 0.7125145904693058 0.8474164335187879 0.7894556905203397
1 0.9965078528050526 0.38323599573262246 1.0678024906724204 0.4265873719638063 0.9687927162409551 0.5894044304356009 0.897498525498122 0.5460536635659575
1 1.0000001218152192 0.5986328103630996 0.9728701604951766 0.5991087280877403 0.9718937432511439 0.5434446653559665 0.9990234375 0.5429687500000004
1 0.9236201503150596 0.5618770399098901 0.788441144269882 0.5045313613469563 0.9171824083189222 0.2010753624288682 1.0523565079638502 0.258419825025003
1 0.8128785860163816 0.10560041070610754 0.8653136541140611 -0.04514944093858229 0.9951171875 -1.0088321880267093e-14 0.9426823718541755 0.15074960468982523
1 0.7465554420248282 -0.0030022728535607102 0.8516460605795828 0.00008862486154591097 0.8483753793884716 0.11129182922169141 0.7432847608245083 0.10820093446405345
1 0.7059503096988919 0.2184039901195218 0.8431565640747749 0.28871937500638856 0.7311702370216153 0.5072289938139165 0.5939645806271301 0.43691455142234525
1 0.7274507908274472 0.26978371665503864 0.7549751735136851 0.20513590907703136 0.865295514909576 0.2521048896175176 0.8377714979235407 0.31675238654559934
1 0.576129898399472 0.4696871959203531 0.4657865029782897 0.4109578378608351 0.5914802269132906 0.1748105982189466 0.701821165876936 0.2335391415905589
5 0.5229238282897768 1.0132037648163423 0.4781963207988156 0.9903607504544802 0.9800403582233912 0.007882535537951471 1.0247591634176842 0.030722609106379185
2 0.7902343806842964 0.18886718155433788 0.7783202397044988 0.16503906251620193 0.8115234375 0.14843750000001732 0.8234375820901505 0.17226559566649086
2 0.7584623304837805 0.22290372731148395 0.7068068140077912 0.20322561683158444 0.735612620059328 0.12761069218636956 0.787267942994049 0.1472887625121425
2 0.5501601875134838 0.5152393377586365 0.5270876298388885 0.5627382843028431 0.47895550494911276 0.5393599958497185 0.5020281039173824 0.4918612541395115
2 0.697452253362826 0.5022202493857666 0.6759580687920561 0.5391878534707859 0.6164150061633791 0.5045700561871516 0.6379091894390285 0.4676026475329545
2 0.6216866842836453 0.5413935821646509 0.6484603822773352 0.5565249780724482 0.6166312051562954 0.6128382374887871 0.5898575690164307 0.5977069275391927
2 0.513671875 0.4609375 0.564453125 0.4609375 0.564453125 0.49609375 0.513671875 0.49609375
2 0.5836353700035488 0.4541418383150702 0.5639621039131271 0.4426664106957333 0.5830887232435771 0.4098780478870904 0.6027619126527952 0.4213534470528777
4 0.7449430345609471 0.09440125748223992 0.7730066103642912 0.054702054234275446 0.9185540763522795 0.15758984866912282 0.8904906541250739 0.19728891216675956