5 0.03285931988796165 1.0140872224516482 0.0036604951534400243 0.9982810363115823 0.5507293798319779 -0.012187548048481775 0.5799235928215012 0.0036170478550275483
6 0.578238306686444 0.808705538412612 0.5454425952407291 0.9127482384842033 0.17021505758532385 0.7944852494283783 0.2030133575021864 0.6904477183686368
6 0.9061411542622864 0.999666271454935 0.8403350165007168 0.9885264296950239 0.9039937287199109 0.6125802348802235 0.9697939025656979 0.6237195644256779
6 0.9990233057836804 0.33593749032653136 1.0089121538841255 0.336663744003564 0.9946684416804601 0.5305990785487852 0.9847795945745474 0.5298728344763967
6 0.8893666634489819 0.8620032552938413 0.8437857139160769 0.8460952850038667 0.9567310972051928 0.5225324706794747 1.0023090303577646 0.53843986444584
1 0.6349070296739683 0.46470551659986564 0.43319112097674406 0.4414516972119071 0.4867679976080126 -0.02325335075136091 0.6884765625 1.1927080055488188e-15
1 0.999999461093239 -2.3125477672097178e-7 1.0000000196239398 0.18261718503349958 0.677734234522859 0.18261693478455138 0.6777345069887133 4.312198436210693e-8
1 1.013832487358627 0.1896592421062117 0.9950903561467612 0.3349255605220807 0.6548624721194756 0.29102743197289344 0.6736061590344207 0.14576294999953615
1 1.006966869701273 0.3364174346861982 0.9821691560269983 0.49659001737278785 0.6364618146257044 0.44306541537915445 0.6612622341832548 0.28289613463554397
1 0.8797123074143656 0.7245957493852455 0.6968625622229183 0.7833636426375276 0.5759322447333943 0.4071278078245511 0.7587700485315736 0.34836202474373057
1 0.18355116782015557 0.6681289196040329 0.43995088226847656 0.2889438596110716 0.7752964025971778 0.5156872495954222 0.5189130640122812 0.894857871302169
1 0.6391373034704202 0.9757408623941466 0.4780510309803958 1.2410242351234062 0.04196654953545931 0.9762676054141741 0.20305457815379668 0.7109998579059645
1 0.7676301740885947 0.9126303651993151 0.5978103534807815 1.031022645771452 0.4639768215560025 0.8390917040341539 0.6337890625 0.7207031249999745
1 0.6256925361128651 0.7160658088888121 0.7852412443904768 0.5981640001555001 0.9301856000039379 0.7942780494490174 0.7706399320732089 0.9121764185412566
1 0.8726242346750723 0.8432967856734109 0.9551924385139046 0.9450734662387049 0.7650882502373406 1.0992505758914402 0.6825239677968966 0.9974775320850608
1 1.0000031937231597 1 0.8906232765580171 1 0.8906265042153336 0.6835937499999998 0.9999975393610612 0.6835937499999998
4 0 0 0.54296875 0 0.54296875 0.6572265625 0 0.6572265625
1 0.009501227862187989 0.9952181805658319 -0.15895510720474704 0.90578474395297 0.08505298208683598 0.4462690702584409 0.2534958306310955 0.535698336071919
4 0.30673051543806196 0.23763459697390005 0.41502890460094477 0.32587257277253767 0.20030975523297911 0.5893913941110351 0.0920130371690675 0.5011553092507188
4 0.931640625 0.6171875 1 0.6171875 1 0.8154296875 0.931640625 0.8154296875
2 0.8494321199087835 0.4640693798970833 0.9264317613332196 0.4478034372144207 0.9630606055410453 0.621182590928025 0.8860610394818877 0.6374482937566237
2 0.9003907299846787 0.6552734081079106 0.8638053441422926 0.6655160369307505 0.8543935179812934 0.6319020218875232 0.8909786680391107 0.6216594279950416
2 0.5634891022384636 0.8062811286209196 0.613362143592667 0.8249793840422557 0.5857105016391415 0.8987171681467631 0.5358375597151053 0.8800191037233419
2 0.5923264746944596 0.79583957610852 0.5720261390018777 0.81136047388964 0.5548950686309126 0.7889583449985177 0.5751953125 0.7734375000000017
4 0.646872790789871 1.0120929770406784 0.6249454271090826 0.949067275082939 0.7365275691635134 0.9102572424465367 0.7584554589321897 0.9732818500858936