1 0.02734375 0.0009765625000097294 0.19146512088400414 -0.18683662250593555 0.6243152193427477 0.19141096949085204 0.4601955334610466 0.3792220178592833
1 0.4795802598623595 0.3571121465033625 0.38312835325473316 0.5620725466369867 -0.09286486539599537 0.3380767946920294 0.003587984896284979 0.13312275254333722
1 -0.05515678514314004 0.10067841655008475 0.03498791773404264 -0.06226827212474463 0.5261694203816205 0.20945933565297328 0.4360271396327562 0.3724038508233186
1 -0.0700476891438484 0.5380410094827303 0.005323602962903351 0.38047204594583767 0.46711641710544427 0.6013435004123991 0.39175331930255197 0.7589055232411712
1 0.0009765625 0.517578125 0.03652149681295214 0.5173148585602824 0.03749804825076808 0.649150799266728 0.0019531139546415943 0.649414062581807
1 0.025573487854558152 1.0034273353354637 0.0242392259672215 0.8573048682133562 0.5045152784952052 0.852911657756993 0.5058593796081823 0.9990239383197875
1 0.3085932814580019 0.6660138766173517 0.30859602275097586 0.9082047992619499 0.16796783244274138 0.9082029458758313 0.1679691364346354 0.6660160095786948
1 0.6398439140347136 0.24472665808280794 0.5587890476680286 0.001562493754700897 0.692968834309454 -0.043163624084123234 0.7740239496542927 0.19999977700069085
1 1.0000007174757002 0.1875 0.7119131025668821 0.18750000000000008 0.7119140625 7.454425034680117e-17 0.999999902355512 4.969616689786745e-17
1 0.6541207418313206 0.692619043374761 0.5938987691615694 0.23571322200959308 0.9814708039140214 0.1846335884993491 1.0417025248524396 0.6415273335031344
1 0.6450006525333265 1.0003092167231333 0.6439742505165214 0.7370425201502171 0.9696655020380831 0.7357725774781455 0.9707031422919954 0.9990278215178604
3 1.0000011695734656 0.3095703062456681 0.8461980620126042 0.31039277329716985 0.8452221995435139 0.12777558705380185 0.9990234375 0.12695312500000014
4 0.978336882674057 0.8459069030462805 0.9989641693067597 0.844554648355776 1.0090542231349673 0.9984298861900172 0.9884269395635101 0.9997821115132212
4 1.0000003587992978 0.8232421875000001 0.9687497269053438 0.8232421875000001 0.9687501677560704 0.712890625 0.9999999967965323 0.712890625
4 0.6306156363685886 1.012193761783644 0.5974325811490644 0.9869818865656989 0.6323579645073778 0.9410279513655196 0.6655406439801936 0.9662396131199001
4 0.6169634631751251 0.8488600178483058 0.5670760197160689 0.7429169085922284 0.8418876033880451 0.6135309302295899 0.8917758854195199 0.7194704168432957
4 0.9337323919440905 0.6946921106092174 0.9239655117254415 0.7386372955225801 0.8836386922608881 0.7296758089690298 0.8934057114212237 0.6857308204055015
4 0.29065513687362454 0.6759183156050701 0.44444099863358133 0.669511737720836 0.4531317947428306 0.8780933411078277 0.2993459456047276 0.8844997611539415
4 0.5565663045155134 0.9984761295891614 0.47425689493229584 1.0102322223073135 0.42996235741372857 0.7001549234645917 0.5122654199152521 0.6883992804347459
4 0.43359375 0.693359375 0.474609375 0.693359375 0.474609375 0.849609375 0.43359375 0.849609375
4 0.518048624941116 0.22166281075916067 0.7080082084073638 0.367879870134881 0.46999924868111975 0.6770692084806419 0.280042875754134 0.5308560085787245
4 0.6568176268413026 0.6989716111124463 0.5251194703253077 0.7041247662307488 0.4975815126588259 0.00020927471343713501 0.6292672084722426 -0.004943602691548184
4 0.3969956334202607 0.0049479543760463955 0.46703005514802953 -0.019563808273125517 0.5668280194911404 0.2655753483956524 0.4967936769769494 0.29008695281440183
4 0.13455075421359197 0.5707827035087595 0.1573156489549774 0.6553246505019529 0.015513649489889758 0.6935017496405873 -0.007249851591154766 0.6089609985372418
6 0.015625 0.654296875 0.607421875 0.654296875 0.607421875 0.712890625 0.015625 0.712890625
6 0.011676843890541022 0.6964488086368124 0.04625003952946827 0.6990674752807029 0.023436415852870596 1.0002067894417384 -0.011136768368714911 0.9975882235557657
6 0.95703125 0.732421875 0.97265625 0.732421875 0.97265625 0.8291015625 0.95703125 0.8291015625
6 0.9921878557801165 0.9990234111528468 0.9740577687960013 1.000366027297856 0.9648306403013294 0.8757964931205457 0.9829600868744137 0.8744539006954268
2 0.04121133676028421 0.7473255491950193 0.04054034113585203 0.6861844626182949 0.1656319758541258 0.6848115472555047 0.1663037975580437 0.7459517908571937
2 0.04235363379859791 0.8299260469786539 0.04380192137648464 0.759004961830482 0.10245068060783069 0.7602025114792318 0.10100290728144046 0.8311230892028637
2 0.099609375 0.759765625 0.162109375 0.759765625 0.162109375 0.828125 0.099609375 0.828125
2 0.041316119647945015 0.7726213138994876 0.04087714536751719 0.746708224302834 0.13853836631869854 0.7450537427974167 0.13897762795704693 0.770966538990677
6 0.17282874357124456 0.663450811828393 0.18778498944095645 0.6643854402998961 0.184657725200168 0.7144218830291609 0.16970147979134254 0.7134872594749915
6 0.16181169802575823 0.7823880377340008 0.183404742864127 0.7848552599785916 0.16951745814844799 0.9063706935688856 0.1479244199392724 0.9039035101951246
4 0.517578125 0.703125 0.673828125 0.703125 0.673828125 1 0.517578125 1
2 0.8876952969508238 0.7519531221210495 0.9144822883787356 0.7569127787309508 0.9091720584319773 0.7855880656932305 0.8823850715413073 0.7806284260199051
4 0.1523436650899157 0.8476557751222054 0.15234421950299293 0.9042970008421386 0.027343701651602714 0.9042968690018575 0.02734409187348774 0.8476565948261451