4 0.9999972488818685 -0.0000032205161180133905 1.0000010109750974 0.37695311360124617 0.35546555463076857 0.37694991440219183 0.3554688023361905 7.732351012053792e-8
4 0.0009764943072241294 0.033203124931057225 0.6806099872883351 0.03389023299401018 0.6796334826420889 0.9997104910710386 0 0.9990234374999999
6 0.6827099414070972 0.966962619181486 0.6419835994079222 0.7853082267584643 0.9630911771326964 0.7133308354025423 1.0038227921797898 0.8949773018853757
6 0.22500518778360856 0.29608749832648834 0.164003725791531 0.3418998295809926 -0.05052030252932127 0.05625261298518963 0.010480258544816934 0.010440780546137516
2 0.26264436737938013 0.17914286496419185 0.20142495491006684 0.25302774783620785 0.16039608195978872 0.21903242338018353 0.22161542130697853 0.1451476620156567
2 0.27817712692842633 0.15996166141546117 0.30660267092639515 0.11423410971986474 0.35583308213119835 0.14483694295576435 0.3274076066730913 0.1905644347533935
2 0.3926884692277781 0.201558938866016 0.42974943507147145 0.23622824284836985 0.38986202690591654 0.27886646312803715 0.35280113262888335 0.2441972329285224
2 0.3535155973623887 0.2939452801195981 0.386719284535161 0.26074256690307934 0.41796889818749605 0.2919923435244224 0.3847652765434759 0.32519499115564027
2 0.8415041855258778 0.897475894073378 0.8640092590999302 0.9178323188927913 0.8364763316421886 0.9482633786847482 0.8139713702387326 0.9279070711774492
4 0.8323433043944988 0.889882814508929 0.8351565651436204 0.9095702659895506 0.8001565641511661 0.9145702681421279 0.7973434099269525 0.8948829125600248
4 0.813210540239993 0.7869818870328513 0.8643676028735854 0.8274722262058952 0.8079714117762933 0.8987094722172118 0.7568147677409343 0.8582196043938847
4 0.7422928272735589 0.8701493686809186 0.7704209144909555 0.8784202811738532 0.7557105486783939 0.9284357134641481 0.7275824862194895 0.9201648599998671
4 1.0000010183418908 1 0.9179685444490815 1 0.9179696568305644 0.91015625 0.9999999888095772 0.91015625
4 0.8067664255912632 1.0000864688671325 0.8058916174983324 0.9519484935121724 0.8881438131057848 0.9504539538202055 0.889019198571873 0.9985913407629088
4 0.6728578729369019 0.7986327781260206 0.6501155027960976 0.6612674855709371 0.921015614086059 0.6164223673365008 0.943761180099159 0.7537834863617707
4 1.000001507126285 0.8720703125 0.908202459633003 0.8720703125 0.9082044901209656 0.6992187500000002 0.9999997287226279 0.6992187500000002
4 0.35915054000702185 -0.00021504011951483436 0.3596903342375981 0.13414866173244133 0.06301585689300282 0.13533988655964752 0.06247647233180942 0.0009766570306074607