4 0 0 0.9296875 0 0.9296875 1 0 1
4 0.8515625 0.7421875 1 0.7421875 1 0.970703125 0.8515625 0.970703125
4 0.001000307020603941 0.22635942908316348 0.17650474078016032 0.2273738698303165 0.17547839548819866 0.4049329667019147 -0.00002603742541396059 0.40391853483870394
4 0.8106169524515963 1.0000694926161267 0.8101362648819759 0.9125138756074094 0.9995169328843758 0.9114738456788347 1.0000000196686187 0.9990270017738431
4 0.8126422454765816 0.978055761828024 0.7649229603035792 0.971965464161095 0.7824239933988792 0.8348834014117458 0.83014147043923 0.8409735818792301
4 0.8737088717789447 0.5882625701522383 0.8838208898098401 0.4988310277213387 1.0101108848526792 0.5131092582590662 0.9999999121424707 0.6025398395877798
4 0.8003541977120676 0.6230765343838598 0.809938687969975 0.5858087988889633 0.8719648385504115 0.6017587965096669 0.8623806068350177 0.6390263094916325
4 0.941493593811856 0.09843979871730783 0.8888510729074142 0.09299402436339142 0.89899818255833 -0.005094207590621914 0.9516406234253054 0.0003515623449536649
6 1.0014913410950612 0.546578070270977 0.9282698987284448 0.5514958434080193 0.8915042798516879 0.00407314645249471 0.9647214352024776 -0.0008444616515100908
2 0.92578125 0.62890625 1 0.62890625 1 0.7587890625 0.92578125 0.7587890625
2 0.8513668739620925 0.7093496326716424 0.8259212217959657 0.7229186892355505 0.805214390957758 0.6840933645252513 0.8306598492058583 0.6705243713534201
2 0.8946255459592294 0.02549139923063445 0.8929878486615053 0.07462302843328064 0.8252245749870326 0.07236425709542006 0.8268622964887982 0.023232652528233536
2 0.810012524984586 0.0015477506803947673 0.8072302486906437 0.06554024465696266 0.7690890313257341 0.06388192584391329 0.7718713199957392 -0.00011055321755686453
2 0.794064313949093 -0.0012138227084497709 0.8200097872769447 0.0013298503572441078 0.8145022133187467 0.05750710987534509 0.7885567401306162 0.054963437466751454
2 0.9990234311720769 0.12695309757925197 1.011301918673439 0.1801593021455422 0.9783511175176045 0.18776331583301242 0.9660726800232169 0.13455715468869778
2 1.0001123290784335 0.07019082031173435 0.9668842346447946 0.07151994290613685 0.9657766392937219 0.043829871367421745 0.999004717317689 0.042500749107520434
4 0.921875 0.171875 1 0.171875 1 0.25 0.921875 0.25
6 0.7172546986990938 0.6698198133853018 0.6998102948844007 0.5620781946744149 0.8129704354471414 0.5437587617039972 0.8304157538062782 0.6514991969472912
4 0.941796865761944 0.44530199812848154 0.9062875110358846 0.5856515068703223 0.6367593460032595 0.5174597835638818 0.6722705749189117 0.3771130344248503