4 0.9999990782116583 -0.0000027505558213518356 1.0000163762445027 0.7255865858806052 0.05466777327399086 0.7255665184759883 0.05468759654331734 0.000014983025465612226
4 0.00041485399128760037 1.000594430685098 -0.00015689308054334106 0.6061404979299775 0.9997497598092195 0.6046537537463501 1.0003690922397936 0.9990603381192816
4 1.0077143089453102 0.7056157017247993 0.9990696076399672 0.8439947279463478 0.7460289755437088 0.828183227130835 0.7546775111406987 0.6898081745870253
1 0.19779891090684032 0.8046235992490843 0.32749948949992813 0.7703436384425746 0.3872348392641243 0.99630603742339 0.25753468158791293 1.0305849123627058
1 0.4485265333436246 0.6097438229135262 0.3202734211645293 0.6546843666555262 0.21720417834387717 0.3605590646751421 0.34545172455932516 0.3156196082447053
1 0.7491887744392898 0.6465773131425818 0.5459863706352053 0.7957992979955368 0.13455010622305963 0.23555493594395294 0.33774010050024117 0.08633955851097878
1 0.0009765625 0.3203125 0.0734136988278351 0.32009234501131995 0.07439024075745237 0.641381412894279 0.0019531044438281242 0.6416015625624739
6 0.33632095025370745 0.6636564549365688 0.34077682686677235 0.7230247531603825 0.004193178662262653 0.7482778451240246 -0.0002603925471476032 0.688911791452676
6 0.18289837039526446 0.2810451892502677 0.16506289376582117 0.28927680724485844 0.1161585601483921 0.18331739162855717 0.13399391090308654 0.17508580751073258
6 0.1830111540513144 0.312801230515409 0.32216784559795997 0.3071507531651015 0.3391087536771238 0.7243321713030065 0.19995207617955657 0.7299824589384345
2 0.17187517245554318 0.3291015138600779 0.10929513873372798 0.346751777593048 0.09855300827484825 0.30866585406131836 0.1611328125 0.29101562499999634
2 0.15231430817459568 0.3964680026869317 0.0964607044998047 0.412220926064427 0.08230363582777045 0.3620273575012427 0.138156923720544 0.34627448128715593
2 0.17225083247694783 0.452073485137155 0.1253003855673569 0.46146306603298093 0.11358178454202061 0.40286935548222474 0.16053187482782505 0.3934798114510716
2 0.12134975095807476 0.5539963133943172 0.10692564876774213 0.5011118741932691 0.15666961201850427 0.48754543146246293 0.1710938490883791 0.5404296560224009
2 0.18810093767751823 0.4707781030836614 0.20612983914770666 0.4671725835005542 0.21198921531799897 0.49646953419710377 0.19396031618771303 0.5000750458405353
6 0.0244140625 1.6297236732069407e-14 0.03636147119686939 -0.004401676691861735 0.045398246892091265 0.020126715133340963 0.03345083828605766 0.024528391637237322
6 0.051824699246708406 0.03500909808258174 0.06830586630758262 0.04250053297835108 0.060546875 0.05957031249998744 0.04406570854848724 0.05207887861446773
6 0.08151866488537962 0.10319304123215092 0.09545569714964586 0.09659132479894293 0.12031162206801582 0.14906499792091385 0.1063745945169785 0.15566670692697557
1 0.0009765625 0.021484375000000132 0.038510361250587266 0.021126911049834773 0.03948692285814559 0.12366597397602999 0.0019531241206323102 0.12402343750837486
4 0 0.0859375 0.068359375 0.0859375 0.068359375 0.2705078125 0 0.2705078125
4 -0.0068358538379698075 0.27441366343466594 0.07864238132151513 0.253045011696216 0.12838924475965996 0.4520340114161849 0.042911099065008784 0.47340241865466354
4 0.012486427167686998 0.10490622546791456 0.11381082737932502 0.08620050406841093 0.1531055220638109 0.2990483360472665 0.051781154283844444 0.3177539299236025
4 -0.003219415450416818 0.6871421042906551 0.005461944702233268 0.5854045486457842 0.3233847134060852 0.6125247864873009 0.3147067888193078 0.7142592778717798
4 0.18375950265999563 0.4706200281786591 0.2307587908030655 0.4579675613206742 0.2682760217348914 0.597319064346658 0.2212767915926861 0.6099713822256908
6 0.11930309532544925 0.7982921137488316 0.14165181881674016 0.7870055355894459 0.24582810887420692 0.99323948976172 0.2234796252897695 1.0045257143286435
1 0.9078337916595274 0.25402182858269173 0.8219200545720469 0.30438476702379746 0.6509975862372812 0.012810924027638414 0.7369104522499583 -0.037551697955426774
1 1.0000000493760126 0.087890625 0.9091795981240693 0.08789062500000001 0.9091796875 0 0.9999999994452082 -1.2424041724466862e-17