4 0.05760326654444725 0.2706664016957574 0.04338085664585378 0.14468841210320038 0.32214794440312744 0.11321653009166335 0.3363712656802136 0.23919340910880732
4 0.40414254862776033 0.2479473874310099 0.4075194115961267 0.14328047864198634 0.5646135237039971 0.14834862997841425 0.5612371666305762 0.25301504736129804
4 0.6912848119808359 0.11684964670365501 0.6479096563958819 0.03491860793343147 0.7782992779013966 -0.03411099862825635 0.8216744395355136 0.04781995376044201
4 0.45800781205127805 -4.0837084849372383e-8 0.4590938378323699 0.09882479869164797 0.36956132463956237 0.09980864023187042 0.36847536974835293 0.000983873471660537
4 0.6301692125317686 0.12216509580546094 0.6707879354313491 0.12594354210828915 0.6609437874080868 0.23176834683910388 0.6203250659690411 0.22798991132180726
4 0.6681133493315201 0.22973373894330454 0.6635732521648379 0.2630280703759025 0.560378450331882 0.24895616550362928 0.5649186532290287 0.2156619601386211
4 0.6267709820357368 0.27452028269441375 0.6836160453888169 0.27085298419341597 0.6906816705507026 0.38037064547132754 0.6338366091865737 0.3840379239691056
4 0.4819741948235787 0.2553645521702447 0.5279053690078399 0.2628126323368565 0.5120746673064787 0.36043550407284414 0.46614350108779945 0.35298745831635886
4 0.4995710463873593 0.356115047082806 0.5015124232272683 0.3134119034610659 0.6335192511502328 0.31941270005676287 0.631578177338497 0.3621155539783267
4 0.3400027641868064 0.46929791727675 0.3724722060296699 0.3827190202849245 0.4311196582515322 0.4047123266899727 0.3986506481830929 0.49129085457100335
4 0.2122562594440751 0.383087563737316 0.25748549487832406 0.38034655174189647 0.2629570870653879 0.47062819972977454 0.21772785311043208 0.47336919572299446
4 0.10108667946724381 0.6262811041630503 0.09826403174054121 0.5585270800976943 0.24425036711306802 0.5524453672035184 0.24707386459851932 0.620198502482788
4 0.37272731602570275 0.8815653232627247 0.3681379036082717 0.961884418647176 0.26295616674337907 0.9558745321537837 0.26754669079957694 0.8755566185684092
4 0.5703125 0.765625 0.634765625 0.765625 0.634765625 0.8486328125 0.5703125 0.8486328125
4 0.43164092817744404 0.8417968749999999 0.40429677110819284 0.8417968749999999 0.4042971473605803 0.7109375000000001 0.4316404502297928 0.7109375000000001
4 0.42613274168422777 0.8266405600068273 0.4253664202146865 0.7936822093020507 0.5052648670557573 0.7918246852715729 0.5060315053805198 0.8247827091824557
1 0.6020379008544978 0.9585857949331242 0.6330509303910503 0.617642547907331 1.0306744567839132 0.6538072578621037 0.9996798228143007 0.9947327179897203
1 0.6543332851030073 0.6239694079870377 0.6647616082588002 0.4564062935717441 0.8854249191739427 0.47013780217778905 0.8749998432896291 0.6376978312771824
1 0.8166076407496803 0.5814572523234088 0.9033963360533335 0.48969516863226237 1.0867834858886454 0.6631259680363156 0.9999971889075141 0.7548857846629753
1 0.81640625 0.5654296875000089 0.8258550426653528 0.45312473409890164 1.008972787885341 0.4685298290078573 0.9995257398444437 0.5808331445786608
1 0.6658944968486367 0.2775976956443902 0.6948301044076288 0.05227988475336104 1.0265654588849884 0.09488151640621714 0.997632205321338 0.3201970267708827
1 0.9999999978761025 3.5545425021311234e-10 1.0000000642263558 0.10253906249998984 0.7910155288549277 0.1025389566628959 0.7910156252950173 9.02444922688721e-8
1 -0.00004101666934275272 0.17795693794971823 0.07282933707563188 0.17685286416182625 0.07482346983897514 0.30846624418825974 0.0019531161474333203 0.3095703126341267
1 0.0009782677061593859 -0.00022362451732901785 0.16224332346382653 0.0010074036392033524 0.16075668612199934 0.19575690697873724 -0.0005083685547333516 0.19452588254493344
1 0 0.36328125 0.2158203125 0.36328125 0.2158203125 0.5908203125 0 0.5908203125
1 0.000010787371934384282 0.6945409375231382 -0.004374865906470404 0.6111971023718166 0.13504071644035776 0.6038613604908682 0.13942745820190794 0.6872040476481597
1 0.0000023798461370461155 0.8039662416842026 -0.0008903907361172969 0.7081963654478511 0.18294080300415771 0.7064817355985865 0.18383558409163925 0.802249607622473
1 0.14178200296601062 0.8045091000424583 0.14407495145826488 0.909088985328398 0.00006712357594551577 0.9122438113254573 -0.002223809267775323 0.8076659378396334
1 -0.000002234352336927259 0.999999992205785 0 0.9248046874999724 0.18554706360680484 0.9248081082679757 0.18554687279129212 1.0000013999007014
1 0.0433813012259634 1.0000125309749326 0.04281934421908318 0.9747211603281167 0.08884694689811568 0.9736987075126498 0.08940907484816307 0.9989899028679121
1 0.34375004026605893 0.11425781250000001 0.17773430292368175 0.11425781250000001 0.1777344945811592 -9.93923337957349e-17 0.34374985906879374 1.2424041724466862e-17
2 0.16747614785299447 0.08538439755250901 0.20390279453408766 0.08295596323561992 0.20674605876695296 0.1256049518352835 0.17031941223353897 0.12803338447938375
2 0.2989419033380045 0.17832924521416163 0.24135301595470082 0.18018694059535362 0.23885180972001763 0.10264666097643158 0.29644050440708725 0.10078896872336222
2 0.48420144520139274 0.013241877339852475 0.5353971527526937 0.02272256002747032 0.5272634491357167 0.06664455935886376 0.47606774214932557 0.057163879273431126
2 0.4961201376466988 0.11800563388262925 0.4906830747834192 0.1506281498592697 0.4327227462418932 0.14096813646450823 0.4381598393082413 0.10834565836724923
2 0.5060412159735961 0.11897898796714913 0.540618264385671 0.12101291935834582 0.5383351300135928 0.1598262278314757 0.5037580817164553 0.1577922981227036
2 0.5960467040069943 0.036832292398381906 0.6377691996057138 0.04130255236813485 0.6311487737154948 0.10309321992645723 0.5894262784696593 0.09862296286222653
2 0.6697297561180449 0.07926162639126723 0.6654713270571619 0.12610463186237159 0.612993082662797 0.12133389025784265 0.6172515457531063 0.07449092377454045
2 0.5921989918685995 0.06772747162120639 0.5857077206450185 0.09369255202099866 0.5553768360218783 0.08610983422841025 0.5618681135231327 0.0601447633617664
2 0.6187378004400443 0.22262739310181706 0.5778063327663858 0.21694251917144333 0.5885848396304709 0.13933799185796014 0.629516134745586 0.1450228537159326
2 0.6403261675890235 0.26047557475843824 0.624191418324699 0.332347936305856 0.5683707945364631 0.3198168533159732 0.5845056716337922 0.2479446743475174
2 0.5576171921808282 0.251953079752254 0.55543197864381 0.27307673243721403 0.5261121271965976 0.27004366911802613 0.5282973625564864 0.248920041280686
2 0.47199609164295 0.2544239400032287 0.4755885954995165 0.23566370626933228 0.5289830713619494 0.2458883116992905 0.5253906118776968 0.2646485060259991
2 0.13017096815792684 0.27465405501134943 0.19092597673648015 0.269131030530171 0.19593685643326353 0.3242508585689904 0.13518184977692727 0.3297738690541972
2 0.2294835558138857 0.2596359388970497 0.2806882818225631 0.2562223898904614 0.2863575114414516 0.3412611115409011 0.23515278664035577 0.3446746471193973
2 0.42399400424062605 0.25838231770193 0.47867574088468245 0.2604854061858439 0.4763908498780438 0.3198926927036183 0.42170911352900475 0.3177896097180102
2 0.4765625 0.353515625 0.525390625 0.353515625 0.525390625 0.4169921875 0.4765625 0.4169921875
2 0.6148438074378646 0.4451170989887838 0.5855859127161693 0.4409376290391012 0.5906641147564642 0.40539078017182817 0.6199218753640707 0.409570240389847
2 0.5625 0.4453125 0.6171875 0.4453125 0.6171875 0.4921875 0.5625 0.4921875
2 0.27490013054818974 0.4652856355186428 0.2724697728904175 0.4142479477382968 0.3201666702698276 0.41197681941392345 0.32259718286513817 0.46301434326308544
2 0.25330744392579163 0.5008206896045548 0.25459877676883025 0.5769711674652347 0.18463723157208278 0.5781570368088628 0.18334634399673178 0.5020069984070147
2 0.35937498712928573 0.49609355583388653 0.35937522153903956 0.5488281045759393 0.3164063009871825 0.5488281328177064 0.31640624682552243 0.4960937643718725
2 0.5063125684694114 0.5197094595638353 0.5574661166949682 0.522401503852844 0.5547576508488419 0.5738625020467668 0.5036041034525169 0.5711704693036859
2 0.46987264488689107 0.5057200171669474 0.4709679485951028 0.4608248434023561 0.522480789258907 0.46208151043091356 0.5213856602514397 0.5069765127871346
2 0.629522552979779 0.5440191911436578 0.6268237337419578 0.5665078753765425 0.6015625 0.5634765625000251 0.6042613606673513 0.5409879264931184
2 0.5915714379509609 0.7135051587767393 0.5446207877124607 0.7120826053401346 0.5470545312991817 0.6317823238663747 0.5940044042035879 0.6332048654684125
2 0.4573208393993582 0.6264076648141776 0.5103381311396333 0.630825213433332 0.5078731602310427 0.6604049077879335 0.4548558700140575 0.655987372008304
2 0.28125 0.6015625 0.341796875 0.6015625 0.341796875 0.6728515625 0.28125 0.6728515625
2 0.17578125 0.625 0.212890625 0.625 0.212890625 0.697265625 0.17578125 0.697265625
2 0.23437514964643924 0.7626953125000001 0.20117184393529897 0.7626953125000001 0.20117204973746539 0.7109375 0.23437496939072844 0.7109375
2 0.3382182533902096 0.7702273223966878 0.2660377946008339 0.7727158995630421 0.2635772315702525 0.7013431833089833 0.33575652856882243 0.6988546262732028
2 0.5611352607807021 0.8315993453052881 0.523615377308488 0.8296249910378714 0.5273061422461751 0.759506702633494 0.5648253881712435 0.7614810400850597
2 0.5839844230443987 0.7978515624999999 0.5625 0.7978515624999999 0.562500076160859 0.771484375 0.583984364080834 0.771484375
2 0.455259956742907 0.7498383907997875 0.4924703802237218 0.7520268409607767 0.4900862235886052 0.7925576331811236 0.4528758010069396 0.7903691934430366
2 0.4921875292147888 0.8505854993173781 0.4888426877919301 0.9007534456923919 0.4421748152599321 0.8976424270053777 0.4455199466748354 0.847474794664187
2 0.5070044045510258 0.8808083805241576 0.5078985694237872 0.849528110139164 0.5475984801630602 0.8506626542604497 0.5467044834497301 0.8819427614955607
2 0.6031940870437893 0.9272969533607209 0.5489248186014493 0.9256014393675931 0.5515674519950835 0.8410586702945125 0.6058354807223623 0.8427541648632938
2 0.25195334095508315 0.865234375 0.20507808152763118 0.865234375 0.20507834236036615 0.82421875 0.25195310838819296 0.82421875
2 0.275390625 0.818359375 0.330078125 0.818359375 0.330078125 0.873046875 0.275390625 0.873046875
2 0.22841812353328805 0.8944397011949341 0.2293321525913825 0.9227622142725352 0.19622639528427044 0.9238301958551448 0.1953125 0.8955078124999488
2 0.22558287147933243 0.8690682456439223 0.2265625 0.8955078125000407 0.19542758167619922 0.8966610129640654 0.1944480678915852 0.8702215569363294
2 0.23141282006190522 0.9267271005612023 0.2713158665854962 0.9254402565522435 0.2724162715909415 0.9595529653629483 0.23251322534872543 0.9608398030635782
2 0.1796872965503553 0.961914058773273 0.17968752025683443 0.9296874809846016 0.21679691416181868 0.9296877228432981 0.2167968627072696 0.9619141284635796
2 0.2626953125 1.000000000000018 0.2618601077517724 0.9557200172492948 0.3136175898117699 0.9547439792527979 0.3144531284979166 0.9990236228685002
2 0.4337306030130321 0.9451314956853221 0.4891694270553444 0.9466294114756971 0.4879690416438507 0.9910438997457438 0.43253021804002856 0.9895459937689458
2 0.50390625 0.953125 0.556640625 0.953125 0.556640625 0.990234375 0.50390625 0.990234375
2 0.6270344499814655 1.0000049793415342 0.6268291027416808 0.9630052715983748 0.8025607575901859 0.9620288003855574 0.8027670722842686 0.9990275259762528
6 0.0007501538744918435 0.33301239571553326 -0.006361309482940669 0.31445329800969407 0.13714259860887523 0.25946663901555 0.14425411620709383 0.2780256097218195
6 0.13386432708250595 0.27910768792111484 0.13213559650341722 0.258553248198237 0.32172594729445336 0.24260728721344413 0.32345481990762437 0.2631615797089059
5 0.4086667517552769 0.4130361269516199 0.3775332902280297 0.41638100406972606 0.332956456502302 0.00147439787560171 0.3640891265500841 -0.0018704371327877495
5 0.4002476474601053 0.46583030313712925 0.44108886076230647 0.4684991459675142 0.4061897067501832 1.0024847075969519 0.36534850823420584 0.9998160233234937
6 0.39771630828943216 0.2532647610858734 0.3702989111060333 0.24462349894519242 0.45012236941010997 -0.008641080749900713 0.47753944058615616 1.1916363556664673e-7
6 0.9999998423194256 0.3095652388638133 1.0012911418541535 0.35111447635803006 0.6868374850284908 0.36088447798262563 0.6855468749998863 0.31933593750002065
4 0.40070102869356106 0.8808847155237061 0.4830646806681216 0.8874720668414524 0.4758484286428484 0.9776758580282169 0.39348478598969905 0.9710885908750451
4 0.8293574527875762 0.9854636105024034 0.8320639719079281 0.95570248320071 0.8938754279056411 0.9613219817110886 0.8911692042792083 0.9910828346345741
3 0.5286647517779102 0.6097766137414912 0.627469868332355 0.5527817492009245 0.7038638146237872 0.6852011739207947 0.6050593308609677 0.7421951725014782
3 0.41846668375251284 0.600141517906138 0.4223102064935347 0.5565922835119741 0.5498215211792967 0.5678443801516512 0.5459785320406354 0.6113931208540869
3 0.42480466822894414 0.5859374991106748 0.56998823386823 0.5926374746090474 0.5664967008891608 0.6682876428666059 0.4213131386985651 0.6615877157405757
6 0.8177115546209279 0.4263655495476479 0.8138475304457415 0.4506536545148581 0.7009380242087673 0.4326913575038365 0.7048021932719166 0.40840343870035434
6 0.6928114973055699 0.38622654167417636 0.6909832303415442 0.4160892345600597 0.6145000960717653 0.41140675819522854 0.6163284927982886 0.3815442057763117
4 0.5781249997855866 -2.7623948421601486e-10 0.5781250004832827 0.018554687424492417 0.5253906246850875 0.01855468674532108 0.525390625369937 4.0293187616930955e-10
4 0.447370782864823 0.08978364941093027 0.46021641069717134 0.042683274508060955 0.5430138211569329 0.06526447107617145 0.5301682499317621 0.11236479655691223
4 0.6221448986518681 0.11634768169543437 0.6236241389209454 0.1577639621658166 0.5382489071753298 0.16081311439240584 0.5367697431356646 0.11939690508379464
4 0.4746096353981102 0.44140625000000006 0.4062497082495611 0.44140625000000006 0.40625008273480034 0.35742187500000006 0.47460931084424374 0.35742187500000006
4 0.5670288488244069 0.40588183122464394 0.573015663788965 0.4546261443609124 0.4729620856805923 0.4669135587660213 0.46697562979636587 0.4181695708115804
4 0.46935115712244624 0.5137470413189863 0.4263674021422048 0.5174844965574821 0.421057859333132 0.45642286918542435 0.46404122971750894 0.45268543069180334
4 0.5062828557420289 0.5200149704471233 0.5034050042188483 0.5631827024959705 0.43068125802051327 0.5583344807161208 0.4335593483175444 0.5151670027237588
4 0.391587022324984 0.42179491258796725 0.31438034874952336 0.4365786490378773 0.28641694312614163 0.2905454000890109 0.36362239896209303 0.27576178379893684
4 0.3588923977338254 0.24479062444661928 0.3656513229692564 0.29041130526914677 0.2832583155507109 0.3026177164072451 0.2764995656227711 0.25699719150773825
4 0.26267511093487883 0.6070783799920006 0.2606074751287224 0.5719286891080101 0.35586588890441817 0.5663255554282682 0.35793380586812873 0.601474946282074
4 0.39453134993004824 0.607421875 0.3613280840243078 0.607421875 0.361328215146159 0.560546875 0.3945312045773335 0.560546875
4 0.34198770196837813 0.6278729806863543 0.38302364732999195 0.6291965395556477 0.38068275460602763 0.7017646302802022 0.33964680973633676 0.7004410811428061
4 0.14967672517047959 0.6568089171067328 0.18539873296072074 0.65470792547062 0.18870555783939835 0.7109241780965921 0.15298355114680362 0.7130251573630848