1 1.0010332090351994 0.0009785740620921687 0.9999974143228201 0.39453896954603107 0.594830876562014 0.39346828652642485 0.5958709438612004 -0.00008958213466695125
1 0.4916959146548834 0.23452212934764852 0.5994427230755264 0.08471132886598869 1.1061253285058683 0.4491200992329803 0.9983845677803629 0.59892581403661
1 -0.051418221354310845 0.14705997300467832 0.05365878450254513 -0.15147513556876482 0.5722133786965742 0.031042399759644398 0.46713844482496825 0.3295760672527157
1 0.1909991241655007 0.9404949887748035 -0.22157417553989944 0.7887375628271601 0.0031923978453960444 0.17784657494229952 0.4157222846820332 0.32959477443296514
1 0.2694001437001816 0.5984677117369784 0.5435612679206088 0.25109514230865937 1.1086178009151126 0.6970286109197381 0.8344865604907454 1.0443740897072715
1 0.6661854947859638 0.5699841442831218 0.7707130866011767 0.4282746001599076 1.0558078392649577 0.6385457811828695 0.9512854073258268 0.7802506897686003
1 0.7851785760186658 0.9989950178318393 0.7186934126157212 1.0836257302293508 0.26396848143178886 0.7264597236313421 0.3304518070277709 0.6418341794279444
1 0.48828641534362305 0.9990159012141748 0.4205249538284761 1.0978791662709504 0.2098160012334347 0.9534928154086131 0.27757685552990097 0.8546329180873555
1 0.4903054359850785 1.0000317816656081 0.48983059856391264 0.9280397247360311 0.6421017056605933 0.9270355714755912 0.6425781418254246 0.9990259796617589
1 0.5351604995122443 0.9218758996911187 0.4867746399705766 0.994437897079547 0.39978187005988275 0.9364434699462688 0.4481675091690249 0.8638825420894545
1 1.0000010554707615 0.9990234375 0.91796875 0.9990234375 0.9179708094683292 0.8652343750000001 0.9999999922393954 0.8652343750000001
5 0.2253537370512504 1.009144088995898 0.1444009808787996 0.9772444232207335 0.5417204652619603 -0.03089448004034561 0.6226605053119556 0.0010022664640840868
6 0.42991846495897335 0.31415990372667746 0.4189893348454916 0.3444776282551631 -0.010929370234748603 0.1894968724908695 0 0.15917968749996564
6 0.26057129776506827 0.7835999736596251 0.28103221838523496 0.7537026908163149 0.4038403635240684 0.8377326408187287 0.38338006095466426 0.867629373850057
2 0.05208670237595925 0.9508137257291552 0.03236188639186821 0.9488417549618992 0.03706113725593241 0.9018507693395614 0.056785691719710485 0.9038227269163072
2 0.06925537334154797 0.9927340398476796 0.08144714136130915 0.9074218653190798 0.1320326650380821 0.9146490837210594 0.1198416009816583 0.9999606267271001
4 -4.364113692645333e-7 0.9990234374983112 9.59770204644883e-7 0.8984372310099666 0.06835977569630813 0.8984384967072825 0.0683593749990905 0.9990236971519961
4 0.1211556371183633 1.0000115699382333 0.12069178930505586 0.9633278728707014 0.2029814045299645 0.9622874124033362 0.20344569765234155 0.9989706576316842
4 0.9921875901895874 0.7509765625 0.958984286567329 0.7509765625 0.958984467451728 0.70703125 0.9921874452422799 0.70703125
4 0.909209589213333 0.8542525527342704 0.9479116701854764 0.8590891395498027 0.9400391891746267 0.9220692987013951 0.9013371158476957 0.9172327534809894
4 0.9142189899093864 0.875043159988171 0.9137441215976878 0.8660220537434845 0.9390645755943297 0.8646894801556931 0.9395394725082724 0.8737105560206465
4 0.9379510626612273 0.9465890212419543 0.8973253618947865 0.9415120791028422 0.9052433838827483 0.8781711924566858 0.9458683770810694 0.8832480900629122
4 0.8906251212605412 0.9990233689815161 0.8687417280268619 1.0113885933024473 0.8560464297925137 0.9889276763036119 0.8779296875 0.9765624999999896
2 0.42636777103155055 0.9289052154915891 0.37011581185072373 0.9101590648968215 0.3980465384843228 0.826369266497645 0.45429726251768443 0.845115192560868
2 0.4838193557560544 0.5448856222532338 0.5284813547613112 0.5823977762006947 0.48400174933954077 0.6353494086111507 0.43933996399061925 0.5978374868285207
2 0.44284092364318894 0.5127034706296073 0.43325707395376867 0.5292561474573078 0.4113145880247657 0.5165526438389784 0.4208984375 0.5000000000000294
2 0.5292780202780705 0.38037403162449573 0.5616353040365993 0.3326109475434837 0.6120337667048261 0.36675222834657933 0.579676669078367 0.4145151468949723
3 0.44458989515533176 0.3780185754368781 0.488446852276752 0.3216345657887915 0.5936457516953624 0.4034574410490935 0.5497892770777071 0.45984100592462307
3 0.6566738301381747 0.3510694413634245 0.6235025819307793 0.3988349664742298 0.49477313762349695 0.30943997793756955 0.527944275167556 0.2616748348532265
3 0.5949537043653663 0.49116211588968484 0.5353975299560716 0.45245273256233753 0.5987627645200746 0.3549686942157048 0.6583182715387466 0.3936777838418145
6 0.9942579324223288 0.8330175193005109 1.0113427100263834 0.8434859102705448 0.9096168921284971 1.0094634828688847 0.8925323307365716 0.9989953782557989