4 0.4377068794307206 0.027924728154928136 0.5606123532047604 0.017891673388463397 0.572754504708314 0.16663345553804854 0.44984903638999185 0.1766664881025172
4 0.19510003765162764 0.16224073650972187 -0.004812014373442253 0.07840678388688427 0.05855249553746944 -0.07269239871153495 0.25846399153920174 0.011141395278477925
4 0.25390625 0.03125 0.447265625 0.03125 0.447265625 0.1826171875 0.25390625 0.1826171875
4 0.607421875 0.0009765242708820286 0.6074219083783419 0.0546875007539833 0.35742185873891685 0.054687485982116285 0.3574218850554871 0.0009765657173386425
4 0.5326856311781967 0.15329921672662755 0.5090107827182919 0.003357235616443644 0.6693834969073578 -0.021964489401229276 0.6930585318132216 0.12797719705223468
4 1.0000000002621618 0.0009765286741468258 0.9991572238565141 0.10970917361640319 0.8299267155216512 0.10839726368216014 0.8307696520524814 -0.00033526584665275253
4 0.92578125 0.08886718750002567 0.9629797862661462 0.0299698498224302 1.0371984046661282 0.07684499960755034 0.9999999512035629 0.1357422647606251
4 0.8338799237974399 -0.0000055667662704773035 0.8345108274348831 0.1003001076380671 0.6760927642648085 0.10129637462755452 0.6754619867385827 0.0009908564131316504
1 0.999999213332103 0.10156030226178717 1.000036643111116 1.0000133489702387 0.11717974066971237 0.999982619281455 0.11720998141595373 0.1015963230852511
1 1.0123179098665105 0.8548666241113165 0.9925386981692554 1.0361641409994227 0.3606285883167857 0.9672065102928609 0.3804216206356159 0.785924949158088
1 1.0000015810253444 0.8955077947394737 0.8776480548959853 0.8968822588556807 0.8766726399264826 0.8099681989149604 0.9990234375001137 0.8085937499999993
1 0.5390724931319255 1.000003310027065 0.5387070718984432 0.8927624783261864 0.8218958772819178 0.8917970511405381 0.8222656590100996 0.9990332969668354
1 1.000007317509926 0.9833983961676637 0.7468158259537176 0.9848285266102017 0.7458436489947644 0.8119769728855865 0.9990234375 0.810546875
1 0.0002700707060512286 1.0000018122256142 -0.00007159041410886857 0.8653465312369473 0.37465128765722966 0.8643920248193627 0.37500004284743227 0.999039968843791
2 0.024123786859718166 0.08469281805762556 0.07614978354638424 0.11174622968656789 0.054148812710764105 0.15405575584735606 0.002122831696283356 0.1270023677255754
2 0.0009765606715745889 0.15624999997350114 0.0375970397490164 0.15678072517926098 0.036538859512461386 0.22979528262150126 -0.00008161953928720322 0.22926455855192251
2 0.08824028490028013 0.2110793265634744 0.06490576803969361 0.25912048805282056 0.02557876893536104 0.24001885157167924 0.04891330021155227 0.1919777624149214
2 0.14039763418395523 0.13895275447953645 0.12458529185630596 0.18111888745533994 0.07471366725030748 0.1624170580343491 0.09052603179134167 0.12025097595070328
2 0.1449747359056346 0.1459722452248263 0.12449852288284546 0.18464944783744813 0.05881009692495809 0.14987330994627476 0.07928631701952327 0.11119617234307662
2 0.11253304030003619 0.16982652780503854 0.15999068010944484 0.19774239203256366 0.12471899172908252 0.25770423968684997 0.0772613983830297 0.2297884385249697
2 0.18723058989462515 0.1891500480257942 0.19024798455325254 0.13785685173681372 0.2547077608513746 0.14164875129190854 0.2516904546459955 0.19294186324161156
1 0 0.2421875 0.30078125 0.2421875 0.30078125 0.8779296875 0 0.8779296875
4 0.13700235456394694 0.2365901967041493 0.1339919533875218 0.16131981788535657 0.4300025122579427 0.14947994633032077 0.43301354847460516 0.2247497155221207
4 0.20190488506159454 0.2107998008433657 0.21638394410297224 0.24389403018507755 0.12458067871716594 0.28405792847701694 0.11010176727484122 0.2509638244469205
6 0.8436872607394434 -0.007928967181295933 0.8743280481132842 0.0012632564171729459 0.833500580998475 0.13735484225066708 0.8028597981340226 0.12816263118432158