2 0.8812294490976456 0.922890543333278 0.8786717709465393 0.9469287845852381 0.8299382060911284 0.941744620946638 0.8324960309861353 0.9177065464960003
2 0.830078125 0.935546875 0.880859375 0.935546875 0.880859375 0.9990234375 0.830078125 0.9990234375
2 0.809570251090804 0.9609372612690935 0.8095705601111831 1.0000000120158572 0.7558593728939513 0.999999999716882 0.7558593768798119 0.9609375601609428
2 0.45117197847309853 0.9990234237076107 0.43044641994436006 1.0017860230820805 0.42607118967157476 0.9689711320907023 0.44679654582785133 0.9662085463578785
2 0.11642768618048649 0.916814924436637 0.10428815034106265 0.8715770443965947 0.160279709676729 0.8565553351858619 0.17241946826231924 0.9017928605810447
2 0.053268702042601035 0.8840008043744837 0.08943568391066492 0.8712392115360629 0.10717565544189256 0.9215029403535128 0.07100871996169644 0.9342644395824422
2 0.07767893078323596 0.7401338743598466 0.13239626776123714 0.729876208690264 0.14160546300217902 0.7789922817716373 0.08688814256913702 0.7892498881155935
2 0.07278946177746093 0.7469955845858749 0.06749734013067155 0.7214198993199913 0.13460054943436717 0.7075369634255115 0.13989281299166123 0.7331124550710856
2 0.11031194203735595 0.6911327726794565 0.11386729240177829 0.7160155844965053 0.07449223195476407 0.7216406302803106 0.07093699998642933 0.6967579246542608
2 0.008674063250282416 0.7055944097908063 0.06060477077653559 0.692613911219374 0.07686162835045707 0.7576419646324279 0.02493095626300601 0.7706223660324838
2 0.054912668752194804 0.6349148314737202 0.09848265380139765 0.6262020072620199 0.10922480256033396 0.6799130922153926 0.06565483164285979 0.6886258685586338
2 0.09434356657425269 0.5794374488078046 0.1006725103733288 0.6142420882585456 0.04670330603187267 0.6240546390002558 0.04037456060621025 0.589250174678767
2 0.08858747193607996 0.5322017259025663 0.04191360304105274 0.5405784275537995 0.03414607675415482 0.4973014660894118 0.08081962949813715 0.4889247936100116
2 0 0.4375 0.025390625 0.4375 0.025390625 0.5244140625 0 0.5244140625
2 0 0.271484375 0.02734375 0.271484375 0.02734375 0.3095703125 0 0.3095703125
2 0.43219706961690463 0.22013047418112705 0.4379068508180808 0.27437123578223105 0.3776166648560775 0.2807175692704731 0.37190702075815807 0.22647693439901082
2 0.3891324041920825 0.147985429178517 0.39671478315142394 0.20485210038357157 0.324048190960184 0.21454094419065603 0.3164659388964992 0.15767438720187743
2 0.42625876238514593 0.14745438932504468 0.3976511332231212 0.15447132697063867 0.3838133352606974 0.09805564877929196 0.41242090437867773 0.09103871889443658
2 0.5192575311806422 0.04211744278179577 0.5207792201300663 -0.002011129568749669 0.5821286747307113 0.00010438412742462427 0.5806069946064554 0.044232949899139395
2 0.3948884135766093 0.01532696485875063 0.412230710790368 0.06859239289305041 0.26947775775283844 0.11507008257359162 0.2521355531507652 0.06180473276737266
6 0.2324228354857496 0.9990231824358459 0.21414925472151936 1.0038758647348445 0.17928384503215966 0.8726192106895964 0.197556761886176 0.8677666206616114
6 0.18287631599264387 0.7860126431633743 0.1609937992157029 0.7910267817021746 0.09637613606685136 0.5090617739760612 0.11825747255727492 0.5040477745405192
6 0.04296875 0 0.2978515625 0 0.2978515625 0.50390625 0.04296875 0.50390625
6 0.19335967780477858 0.8583983720417673 0.17591059149856392 0.8621703929719785 0.15871012325067113 0.7826181581731376 0.17615886929161206 0.7788461751447763
6 0.07073650992833791 0.15524750048000796 0.0694211620805163 0.11897463835554702 0.37775089857495914 0.10779315790727928 0.3790664625188356 0.144065764924168
6 0.4656489611527377 0.04194572970193497 0.4736917566337979 0.05595569474757646 0.35981710445969384 0.12132829937725662 0.3517743351210356 0.10731835677850567
6 0.06973997783552477 0.328279132372171 0.050325402651765216 0.2849131991636355 0.2935957735555803 0.17600448716030193 0.3130104635737325 0.2193699520095552
1 0.691272571055265 0.5341578358018384 0.4061631044424985 0.2376410280689872 0.8329530936235869 -0.17271542591746625 1.1180549826448214 0.12379354830936766
1 0.673770333281368 1.066346695793495 0.4668361351219801 0.9461234700596908 0.9067798222147303 0.18900272333802792 1.1136866084359553 0.30921598123543975
1 1.000014937172864 0.6849454680554449 0.8925946758029113 0.6855522982229159 0.8916068699365951 0.5103724442295008 0.9990234375 0.5097656250000001
1 1.0000019236232447 0.9990234223573061 0.8886787606013513 0.9998997542523859 0.8877042720886266 0.8758763160162919 0.9990234375 0.8750000000000003
1 0.7640715230950264 1.0325273112857942 0.6521738975030758 0.9570939555164267 0.9670294238103452 0.4901498762149207 1.0789148893309175 0.565577430836017
1 0.836795698216747 0.9076851227113282 0.8984534126229846 0.6611319331709186 1.0422884437635958 0.6970975875314168 0.9806360694083196 0.9436460376510509
1 0.3646793987803676 0.29265362309265935 0.6447423864539132 0.2579598892519223 0.7134380216540421 0.8124632423940379 0.43337552332911855 0.8471553567510627
1 0.43415796427302666 0.8548919907887936 0.4865141256212837 0.8434021141741492 0.5087906869642893 0.944885885632425 0.45643457840844803 0.9563755980284515
1 0.5503368474445551 1.0004045836196571 0.4415484868934527 0.9654082754731548 0.5886426509606508 0.5082700031648666 0.6974192608563499 0.5432642134872561
1 0.4654746893445463 0.9739954194596178 0.22453144922587853 1.020484094679801 0.1638271821689159 0.7058884924490167 0.40475082864406886 0.6594017847851781
1 0.15142662480764102 0.7137369022334146 0.05568380534498374 0.27408054678055394 0.3392244540837055 0.21233917352442827 0.43497358737545255 0.651986999862878
1 0.06343754400586477 0.29635006230003813 0.019839116102161825 0.17170642107288112 0.324174049702151 0.06525527583448766 0.3677729673242993 0.18989767417935818
1 0.44548194278638675 -0.01790011497691654 0.48468427027478356 0.0027326728870449867 0.4316618121333704 0.10347535432808858 0.39245949570624816 0.08284258223171971
1 0.40950347027683165 -0.049056866431246765 0.44716554846331746 0.02916395648869909 0.11261350669337844 0.19024471772579474 0.07495172854100929 0.11202414797998848
1 0.5096295997383322 0.27315355436817096 0.4939386140382567 0.17273043535795604 0.5924848371146254 0.1573329358544957 0.6081760866248942 0.25775572084519077
1 0.4020561180270761 0.21553651459016498 0.40585945265411283 0.13313977628471432 0.5485242072059009 0.13972478514366587 0.544721203909944 0.22212121888900277
1 0.5425665890758182 0.09897748400833081 0.5512982570855911 0.13390395229635263 0.511776198348457 0.14378445294168185 0.5030445609967273 0.1088580113295932
1 0 0 0.048828125 0 0.048828125 0.2001953125 0 0.2001953125
1 0.26953125004354206 0.000976554110377583 0.2691066757306544 0.08293476938786133 0.07580298998107082 0.08193319330990234 0.07622766460576713 -0.00002500831734229258
1 0.00018039639121525397 1.0000037887197926 -0.00021350975055156596 0.9168372104616749 0.20665344307690248 0.9158551746191403 0.2070498510612424 0.9990192758062307
4 0.4816164960544711 0.1612737315152447 0.42206620634010505 0.1383698426709182 0.4813648392835148 -0.015806169774490432 0.5409148807272004 0.007097659848520887
4 0.6225108129717682 -0.021786618462466118 0.6579949806661034 0.011829940118772657 0.5667426883767348 0.10815178009331418 0.5312585474845264 0.0745352505259932
4 -2.474837401678087e-7 0.7275390842866453 1.8490140973881353e-8 0.6328124434100677 0.062499816787408236 0.6328126900678528 0.06250016025023797 0.7275387244856008
4 -0.000023197885298031906 0.7444444399091849 0.020830250573908415 0.743725488292462 0.022806560337471637 0.8010388661677579 0.0019531121457703193 0.8017578129431626
4 0.016361986356173475 0.8713364114249676 0.0008921149669731676 0.8089304039154551 0.1581170697327252 0.7699628954903968 0.17358777957156235 0.8323676368644914
4 0.06354381688674948 0.8829298699645063 0.06776714849468135 0.9504765728851212 0.00003800682543442235 0.9547095192950542 -0.004184647959959875 0.8871634547795542
4 0.003258942591514824 0.6149426351556541 -0.013937221614128248 0.5597995192974342 0.10117258939624207 0.5239061791490763 0.11836907317399437 0.5790487233673577
4 0 0.306640625 0.052734375 0.306640625 0.052734375 0.396484375 0 0.396484375