4 1.000083560926896 1.0000000000000002 0.003906023829017613 1.0000000000000002 0.003983214918548583 1.987846675914698e-16 0.9999999183206683 9.93923337957349e-17
6 0.7454389361373615 0.17054844808208816 0.7324837605418679 0.16104798699630923 0.8244445548344856 0.035647358587775034 0.8373996969439759 0.04514780240176227
4 0.8388671874998863 -1.3052938775111906e-7 0.8388674934780056 0.16210947600222997 0.6191405044022531 0.16210932689866173 0.619140644848585 3.282577731550157e-8
4 0.8602842991264197 0.017275504619428454 0.9594322128095882 0.08901621027429717 0.8497886018100189 0.24054611341669827 0.7506409221389276 0.1688056841257653
1 0.09008886548429018 0.6099045350760741 0.011837091586585302 0.5712702078012535 0.28370248724797875 0.020651942669390334 0.3619503384956033 0.059285106115270804
1 0 0.0009765625000001628 0.24411888242229907 -0.0005491639225119082 0.24607199520994527 0.31195084688972385 0.0019531116134885451 0.3134765625836642
1 0.09106468121467515 0.45764668428764227 -0.010748559777766786 0.44879369196509905 0.004599142990514338 0.2723089783418932 0.10641046257637754 0.2811618886748998
1 0.12866409634114007 0.3459555236593166 0.08288195932266262 0.3176788912065449 0.15329221744559618 0.2036822153932285 0.19907397555948592 0.23195869554734846
6 0.10795674220435103 0.28794905349703404 0.12599558156318835 0.2925685410607724 0.07752417184019578 0.48183913616051344 0.05948535261620691 0.4772197005346099
1 0 0.7783203125 0.0576171875 0.7783203125 0.0576171875 0.8662109375 0 0.8662109375
2 0.000976554506564753 0.44335937492926747 0.058753423985535846 0.4438706333762859 0.057760809896990395 0.5560369124581365 -0.00001605948762062326 0.5555256584053635
2 0.08384448276945022 0.6345620807251098 0.07062451372814849 0.7072654798749848 -0.011618829728035962 0.6923123226614957 0.001601609266685955 0.6196095464089302
4 0.041692141038197406 0.7827511329215107 -0.015024918519429775 0.7714095641675334 0.0009765625 0.6914062499999911 0.057692622199283505 0.702747716178107
4 0.22666963800452322 0.0035786517673070165 0.27673490022448277 0.015068996992448588 0.23744009227561946 0.18628230406343982 0.18737483685220013 0.1747919882753006
4 0.3768762027139019 -0.000010113241522742476 0.3773330546193847 0.04064926002108494 0.28752257765052036 0.041658360053869144 0.28706573685064996 0.0009989983079159949