4 1.0001091733952308 0.999025287334996 0.00000795367725459073 1.0000028559057161 -0.0008957322438618576 0.000977438122012253 0.9990234374655529 -3.17277499501649e-8
4 -0.01209526157504115 0.47884993816870725 0.011020809970659684 0.4166205046584556 0.12773198071658953 0.45997169348945277 0.10461656379118267 0.5222005712738735
4 0 0.6953125 0.140625 0.6953125 0.140625 0.77734375 0 0.77734375
4 0.12937733018964082 0.5281186187240133 0.15625749125933908 0.5508612027712678 0.11173249159514853 0.6034814186150006 0.08485245427198151 0.5807389689519774
4 0.15312841751142514 0.6579177117562599 0.13482153823508725 0.6075787251651403 0.21809339478886614 0.5772985539540403 0.2364004632737533 0.6276371174559625
2 0.1788822586910328 0.48484512647380823 0.13097992678854098 0.4624918933522187 0.17608758979963568 0.3658336865439207 0.22398935995852298 0.38818676677074904
2 0.16833687495045524 0.3471397654670407 0.19676374064715674 0.3618426827845133 0.17562940825177975 0.402702394154645 0.14720256832902123 0.3879995153224015
2 0.21714895451646044 0.42827695733008364 0.2471124427347604 0.3869787592207987 0.32614722354492187 0.44431849871752116 0.2961840318864688 0.485616430220169
2 0.2643715398861559 0.48914199713615364 0.24021618806102651 0.5471114182894773 0.17558947329166585 0.5201838381986396 0.1997449322925604 0.4622147286172534
2 0.14099106587252663 0.6024912044303866 0.1576165805445271 0.5730803037848815 0.19076047140845276 0.5918140346407827 0.17413507490982738 0.6212248331345146
2 0.04499003748344421 0.6102951487327153 0.05095907606335004 0.548624673444377 0.0964003081081728 0.5530225115452625 0.09043154008884358 0.6146927357588453
2 0.05616896297635776 0.6927664759060098 0.07588566729850754 0.6377767212807062 0.1496207558683409 0.6642109708293693 0.12990457628541208 0.7192002803707747
6 0.26293029039572957 0.48572934668477225 0.35986430923242096 0.5015391023706167 0.3126918939552752 0.790732880924246 0.21575797441653322 0.7749235783221832
6 0.15991877064311666 0.7352992124969342 0.17450244256554015 0.7490304124271406 0.07513031267160386 0.8545512714429607 0.060546875 0.8408203125000208
6 0.21243816788228287 0.34879737723248655 0.21027072572201178 0.3683062319652459 -0.0021676328356079466 0.34470394083497785 0 0.3251953124999872
6 -0.005894236069934777 0.3428147579166493 0.01185002311945027 0.33514194555955573 0.05643634225657479 0.4382484029711588 0.038692113301408426 0.4459211638201895
1 -0.07441118837812155 0.2283720188101569 0.006005996549220072 0.0586102204407952 0.42982409729802384 0.2593714139536355 0.34941022298778535 0.42913041448496275
1 0.2811345854033789 0.7578992164206239 0.31661333930799174 0.40324184160962745 0.651348388747806 0.436726531380824 0.6158816065669726 0.7913724470538016