1 0.07328684725337098 0.5815074203395154 -0.03806736299395652 0.5689489764957875 0.027407870609863494 -0.011557322619951542 0.1387571067641602 0.0010008599519163869
1 0.06522343810809161 0.2849690696828403 0.1788845332296205 -0.1545164813098007 1.034000808405267 0.0666301597693671 0.9203507547894105 0.5061078306122194
1 0.9996833623607699 -0.0000030953968810462125 1.0000043577697397 0.0702901841147844 0.7854771628345816 0.07126968126551664 0.78515625 0.0009765624999882669
1 0.21348571845453534 0.41709787354933 0.2370933151448753 0.31985779971896083 0.685851498501961 0.4287954366694956 0.6622472147416829 0.5260326902056229
1 0.0970650424088717 0.5192456591276295 0.1353249852289764 0.3801743353431741 0.8147841203308417 0.5670731819240483 0.7765335869927412 0.706136471850558
1 0.049445619440120936 0.6883863195244072 0.14406040979599766 0.4545260648316145 0.7431975500542194 0.6968854777931869 0.6486014601764509 0.9307299315659224
1 0.04547799329338886 0.6871045857633149 0.13954615277066296 0.4534341196142114 0.7510621832310562 0.6995703354348083 0.6570131630767264 0.933224585390933
1 1.0000014751317394 0.7666015625 0.8984365816994568 0.7666015625 0.898439082826485 0.5644531249999999 0.9999999329498905 0.564453125
1 1.0000054710359336 0.9990234375 0.62890625 0.9990234375 0.6289333103455874 0.5078125 0.9999937110180781 0.5078125000000001
1 -0.03070072514401545 0.8235404578504593 0.025172465769401242 0.6808141352384066 0.49920213818882075 0.8663357525018228 0.4433398290399282 1.0090529186457955
1 0.4198667460098022 0.9940543574481655 0.3794772364083201 1.0997955364525573 -0.03737130107356279 0.9405992856857177 0.00302131548721718 0.8348644903702322
1 0.00037078125387779437 1.0000053520718855 0 0.9580078125000115 0.11095666824587624 0.9570281991496222 0.11132813913229711 0.9990250352003051
4 -0.00000473366151254595 0.00043692230294917623 0.0498046875 2.1120870931593667e-16 0.05176254102673283 0.22319589183659153 0.0019531199114908304 0.2236328125446357
4 0.1626043235663701 0.37920886341450893 0.09282658412587352 0.38060439250498224 0.08734467497674814 0.10647575441604971 0.15712099449717698 0.10508023956301575
4 0.23828138356111594 0.4189453125000001 0.2011717832007207 0.4189453125000001 0.20117200786546618 0.32812499999999994 0.23828121570750227 0.32812499999999994
4 0.9289113796008905 0.325730508868592 0.9655528905916526 0.34238498588801575 0.9198015840642029 0.4430379830184829 0.883160139768961 0.42638361414346904
4 0.8789062977308504 0.5068359375 0.8535155740871687 0.5068359375 0.8535156568203774 0.46874999999999994 0.8789062356808017 0.46874999999999994
4 0.6860299967349874 0.777392057978208 0.6895019114858769 0.7426805884663794 0.7206357774600747 0.7457941272399004 0.7171639993606505 0.7805054708642545
4 0.759765625 0.638671875 0.783203125 0.638671875 0.783203125 0.66796875 0.759765625 0.66796875
4 1.0000005006116908 0.4755859342281781 0.9494760961698603 0.4759161439561389 0.9485000050601684 0.32650208144307347 0.9990234375 0.32617187500000033
5 0.9990089392157415 0.2695231652637225 1.0314958420220819 0.28763894300379117 0.6253078579366047 1.0159631556664361 0.5928219478306573 0.9978489072558278
2 0.6572788810989323 0.4339480330724207 0.7090892514836469 0.44309040415364337 0.6939689360613102 0.5287722941143663 0.6421585809579256 0.5196299812632721