4 1.000046127337555 1 0.4374989891628047 0.9999999999999999 0.43755346229227143 3.975693351829396e-16 0.999999954911118 2.981770013872047e-16
4 0.48247954214366473 0.5793310070006281 0.4534114763890784 0.4630618348894974 0.6606725918734355 0.4112485838060522 0.6897418886412652 0.5275158283182623
4 0.2676298502607324 0.7796898850630296 0.1322302626635974 0.5430525159025379 0.3539992303659574 0.4161769872604137 0.48939867924195823 0.6528084614460934
4 0.4984888170127988 0.4527192241396955 0.5164005493226114 0.5154034202168516 0.3304106637018549 0.5685431428785044 0.31250002792137366 0.5058598811727412
4 0.44841406550767715 0.672847501560767 0.4268206380943411 0.5762490009953348 0.6681190691971324 0.5223141904798635 0.6897140151063468 0.6189104737140929
4 0.294259798426765 0.836117690009741 0.2676351102612671 0.6718147798229899 0.676946779074683 0.6054924303205489 0.703577427258324 0.7697877677260022
4 0.3982472965667512 0.9017457000793824 0.307036933384893 0.9309264777428797 0.2646191597748384 0.7983663712237143 0.35582641658891134 0.7691861344800045
4 0.5437803737244167 0.7439447850410886 0.554553337149855 0.7888210654608993 0.414199126711992 0.8225062821060807 0.403427053786686 0.7776307676895102
4 0.6665545877498289 0.7218676782585081 0.7171212902356956 0.8414667885229505 0.47848123005576326 0.942337096197566 0.4279191718820812 0.822741930372178
4 0.41291675326419863 0.8224106787568058 0.48348802926034296 0.8198908733373128 0.4882314906069496 0.952708605284958 0.41766021722628466 0.9552283654242895
4 0.3244557399148107 1.00008993470763 0.32394545832096355 0.9515339471429362 0.4252702558187593 0.9504691151411145 0.425781259806854 0.9990243693203352
2 0.3585663166127233 0.923277158964543 0.4066690055616391 0.8978179615748694 0.4313250314231709 0.9443910648819349 0.38322247416112987 0.9698500709698693
2 0.3745861375601862 0.8343110550713105 0.39810981385676314 0.82575888540946 0.4109121979780639 0.8609656367943576 0.38738854257860567 0.8695177650679233
4 0.38943363463420155 0.7522709978169775 0.41475959738045276 0.8137641952295063 0.33744778904656414 0.8455980857561648 0.31212256379706105 0.7841055132055222
2 0.4349697401552248 0.5870811866675958 0.38369196675841977 0.595921316426033 0.3769373401589746 0.5567436207675294 0.4282147638607512 0.5479035219583325
2 0.42578125 0.509765625 0.4453125 0.509765625 0.4453125 0.53515625 0.42578125 0.53515625
2 0.18845544423516003 0.1977829006591459 0.24893372916164935 0.188233846669005 0.25818202883999675 0.2468065149540753 0.1977037486105928 0.25635554960222773
2 0.4304402364687121 0.03334459360966402 0.4296875 0.0009765625000243805 0.4777628847267579 -0.00014145699821405117 0.4785156251554099 0.032226569180828994
2 0.2925527982948779 0.16707995912191984 0.3388671875 0.15234374999999684 0.36129880391183633 0.22284328905183573 0.31498443021155254 0.23757946529569562
4 0.12726620690943946 0.4795082318601586 0.22469373213778 0.5879947586975681 0.09651416791518841 0.7030935873381777 -0.000911616471285015 0.5946087431968565
1 -0.0005749552138922809 0.7098593588772062 0.28555492612929356 0.7083296162044858 0.287109375 0.9990234374999997 0.0009794947260388653 1.000553123478121
1 0.0009765625 0.5976562499999999 0.07174174158558344 0.5972221718759809 0.07271828848843143 0.7564018665867833 0.0019531094893636691 0.756835937595142
1 0 0 0.083984375 0 0.083984375 0.3095703125 0 0.3095703125
1 0.09100873361546746 0.44219600823546734 0.1143107863277919 0.5633543342163578 0.001953125 0.5849609374999951 -0.021347715391129896 0.4638036637055365
1 0.08108587183335203 0.40181130000136633 0.018528210652334565 0.39242803201185306 0.030555249889971492 0.3122495243657939 0.09311237481324497 0.32163275176484724
1 0.194173258511114 0.5402417716601305 0.12295465049339782 0.2949133160296233 0.8260992082447274 0.09078704959466569 0.8973228916371454 0.33610741364496216
1 0.35844657456084406 0.22499709633629103 0.33451870510361914 0.14197809499540529 0.8259524288408784 0.0003344576671707783 0.8498807378150559 0.08335271911860667
1 0.40127086792563205 0.13856033830568623 0.3809428397538568 0.07682277322531775 0.7892952849234689 -0.05763380301107841 0.8096232936948127 0.0041033280589399465
1 0.3954099561321982 0.12606424738082161 0.11961838997376617 0.2007576401491124 0.08364798510376659 0.06794184578220994 0.35943850043406655 -0.006751397881636916
1 0.3203125 0.000976562500046138 0.3201147879022983 0.0458631376556168 0.0975660737369708 0.04488275772455578 0.09776382109669157 -0.0000038292705053974575
5 0.15758367181206268 0.49982401082865513 0.1287355232803975 0.5034592996713931 0.06550651927568651 0.0017132090056914246 0.09435332915472827 -0.0019219847295422396
5 0.001953125 0.7958984375000081 -0.00996701260419286 0.7795268142902848 0.12609605165835092 0.6804757638866686 0.1380160814210285 0.6968470773388975
5 0.1735568890983359 0.6753971283541541 0.20909744811967812 0.6603897600176227 0.3475983327398353 0.9883267907507224 0.31205816967360533 1.0033334905703613
5 0.14460884901211557 0.4998098825512307 0.20216557856747386 0.5036465571065879 0.18966920707998725 0.6910946604789624 0.13211248231982609 0.6872580514759922