4 0.9992330043436368 -0.00001162981001406679 1 0.6396484375000229 0.1667560255115177 0.6406153265142965 0.166015625 0.000976562500010475
4 0.2265799141196112 0.5124418929667843 0.3045291309451841 0.4008610158439617 0.5244121938192166 0.554456861880739 0.4464656766782582 0.6660353260204079
4 0.5158547901760357 1.0003315009186724 0.5148249884172174 0.6096935579323235 0.9989471957962905 0.6084198062745481 1.0000000264689106 0.9990332339744002
4 0.424421079801391 0.8044251015253905 0.36103217363472595 0.7468062670549562 0.5010665988594383 0.5927725158479492 0.5644539824522781 0.6503901217904698
4 0.6294781216147385 0.6018926996512749 0.5859256261890096 0.6859520604059106 0.4765399823218104 0.6292832194011372 0.5200926037119871 0.5452248263828781
1 -0.060844632635280504 0.7018342092231581 0.0009765625 0.32812500000005523 0.48455901951308533 0.4081138680229298 0.42275529192704653 0.7818076078201378
4 0 0.9990234374999699 0.000017063166751540848 0.7207030730237649 0.2695385695544701 0.7207181054176555 0.26953124986130206 0.9990290552108987
3 0.25390625 0.79296875 0.3828125 0.79296875 0.3828125 0.9990234375 0.25390625 0.9990234375
3 0.41770644331040785 0.9625980800413065 0.32346212786239903 0.7833990412637579 0.6522536096448448 0.6105127274973351 0.746498797709819 0.7897037393664544
6 -0.0035868330417088146 0.3248333699669456 0.00282115463289756 0.3045440696997169 0.360919635611026 0.4176355026298915 0.3545121572417429 0.4379243664768595
6 0.9871642527623408 0.6451638660703573 0.963801533628839 0.713481846700811 0.35364188139283215 0.504830304250606 0.3770064036267513 0.4365163803872091
2 0.12109378001764526 0.07031250000000006 0.021484353128016664 0.07031250000000006 0.02148438937285846 0.013671874999999962 0.12109374297449449 0.013671875000000014
2 0.1659909959827246 0.2008535665121085 0.14568257365522186 0.20009200308754913 0.15165858169302737 0.04073358358728484 0.17196688021522277 0.04149514462937726
6 0.001953125 0.26074218749997385 -0.06119027850593284 0.2098200202168947 0.10315149253551681 0.006038141433009127 0.1662945089645973 0.05696006287418956
6 0.14263397667309619 -0.0003638836854949402 0.1557134827360187 0.00018109558545194011 0.15370450606462782 0.04839654167202861 0.140625 0.047851562499999174
2 -0.0009062722954240598 0.08799218264461553 0.00739063944058671 0.04235937529702171 0.03970313273123338 0.04823439757205204 0.0314062389445553 0.09386718873304888
4 0.1095002538929748 0.000995624995559167 0.10920602391263401 0.03306718701389153 -0.000052272959806032304 0.03206481373258328 0.0002419655336325377 -0.0000067393262967413255
4 0.06446318119174066 0.06100105539155558 0.20939593837044868 0.10559507898940704 0.138492601811663 0.33603167904038933 -0.006440055145617407 0.29143798551728034
6 0.45130183778178434 0.2914273578874969 0.48674231524216793 0.3029210192876725 0.43528237177622486 0.4615902611660346 0.39984194403064066 0.45009671005432017