4 -1.1881923001055839e-7 0.20996093749978736 0.00000123652421279985 -8.953630111012531e-7 0.6074215294014493 2.581582662005172e-7 0.6074223796831575 0.2099603596198625
4 0.796875029851094 0.0986328125 0.7187499847854042 0.0986328125 0.7187500488137175 0 0.7968749505081405 4.969616689786745e-17
4 0.7141874130340966 0.08271355519060893 0.7207832583513891 0.124926423223697 0.6423751878360235 0.1371777102580707 0.6357794050753682 0.09496489730367162
4 1.000285794877982 0.0009788661575504333 0.9997551322009031 0.06625341686762638 0.8785264547035467 0.0652678036599347 0.8790571580469759 -0.000006712323022943256
4 0.9989685583176424 0.5584791627501293 1.014956666974399 0.6359418183964541 0.7293419700710047 0.6948793115776801 0.7133562999841843 0.61741874894167
4 0.7310040752736313 0.7010949961759095 0.8765554260237423 0.6694587064374037 0.8975495213264821 0.7660328422000847 0.7519982808474879 0.7976687823141987
4 0.93359375 0.64453125 1 0.64453125 1 0.7685546875 0.93359375 0.7685546875
4 0.876952873713094 0.8320296306688614 0.8769539870650078 0.8876949035671632 0.7050779926101995 0.8876955302953485 0.7050781317266228 0.8320314986313447
4 0.8593763669009604 0.8476543409273987 0.8237670802694765 0.8239196832610776 0.8509599542569504 0.7831307038358426 0.8865689217037698 0.8068652157315944
2 0.21511738168555894 1.0000353920690923 0.21462802944733994 0.9632967334336603 0.29083826380190203 0.9622816339491437 0.29132802871049535 0.9990198759031628
2 0.3662109375 1.000000000000017 0.3656167691351584 0.9518053521617622 0.46065363038269425 0.95063351876304 0.4612484706843816 0.9988274920897532
2 0.6247529972962411 0.8798369835941275 0.6769174551697006 0.8765775143896061 0.6799459179587757 0.9250331163663091 0.6277814621755624 0.9282925638132515
2 0.597655763606781 0.8281246847139468 0.5976563837955382 0.90136721276666 0.5371093799283244 0.901367136558447 0.5371093427212372 0.8281251881205315
2 0.29089870788254757 0.8475475396847568 0.292650745205151 0.8930785036263512 0.23654312073222172 0.8952366863616297 0.23479143545546322 0.8497060634007103
2 0.33789057004014467 0.8876953121788812 0.33789063321978574 0.8652343657893204 0.35351564135226 0.8652344150112061 0.353515625 0.8876953146101633
2 0.03710911303232933 0.8417966670566716 0.037109416527073336 0.8994141188516632 0 0.8994140624999931 -2.0339712136774324e-8 0.8417968929633614
2 0.1604482200611983 0.7211154259775104 0.15741595257100016 0.787828103687311 0.08529911546338553 0.7845501954773226 0.08833190926930001 0.7178380698962705
2 0.33203137808754946 0.7783203125 0.3027343394727495 0.7783203125 0.30273449934520613 0.734375 0.33203124085093805 0.734375
2 0.4998185138078952 0.7326292507346602 0.5298932111127215 0.7306246170094126 0.5322524943491089 0.7660139999186256 0.5021777978489581 0.7680186255265988
2 0.5732421706828745 0.7187499990109262 0.6257947367076895 0.7218407940159672 0.6227370829565189 0.7738211483050195 0.5701845185558341 0.7707303716280421
2 0.7207034863919262 0.7646483882268449 0.6990879131132033 0.7675955131257821 0.6866383285164375 0.6762981789455077 0.708253470082127 0.6733510839216137
2 0.7306672524207443 0.7643119410972692 0.712818408928797 0.7653033892172569 0.7078576091137165 0.6760065756308383 0.7257061062221055 0.6750151370980514
2 0.7334585234925726 0.7920975357122857 0.7782770023073908 0.7930509232064136 0.7771749510402515 0.8448476127574037 0.7323564724432572 0.843894231428732
2 0.793678581661311 0.808670292841454 0.7928713218609573 0.7852606197843685 0.8259677218882189 0.78411951269411 0.8267750722379787 0.8075290919889162
2 0.7289345193011059 1.000039838055393 0.7283504235535929 0.963218528657715 0.7948018442425564 0.9621645161620936 0.7953862994978635 0.9989854615460257
2 0.8593753808764859 0.935546875 0.7968749543889544 0.935546875 0.796875428740691 0.884765625 0.859374976681238 0.884765625
2 0.8740234108588538 0.8515624935708634 0.8947707013335275 0.8565692989967475 0.8871973252521457 0.8879447783439403 0.866450042283077 0.8829379943598024
2 0.8983190832782384 1.0012780652344886 0.85546875 0.9990234374999984 0.8576271481723552 0.9580188898971326 0.9004769593321953 0.960273503900576
2 0.9527877476876938 0.9580347321264576 0.959660939475043 0.8778759301351765 1.0049195188581734 0.8817557710172285 0.998046875 0.9619140625000374
2 0 0.53125 0.04296875 0.53125 0.04296875 0.5791015625 0 0.5791015625
2 0.12109375 0.5908203124999734 0.12540080956955535 0.5283812977966432 0.18277825717893847 0.5323388210892201 0.1784715226802973 0.5947775318557228
2 0.2324219655546358 0.5810546874999998 0.2070312275351398 0.5810546874999998 0.207031342105779 0.5312500000000002 0.23242186515710728 0.5312500000000002
2 0.201171875 0.46875 0.2421875 0.46875 0.2421875 0.517578125 0.201171875 0.517578125
2 0.24552920205485407 0.4979855622701798 0.24625367613168692 0.4567084256336605 0.3091112624010748 0.45781156684496155 0.3083869807813926 0.49908851301291696
2 0.2578125 0.521484375 0.31640625 0.521484375 0.31640625 0.5849609375 0.2578125 0.5849609375
2 0.5078124455498028 0.4335933806604611 0.5078130059254136 0.5214843675517087 0.4277344008100954 0.5214843741473177 0.42773435322840214 0.43359389821575556
2 0.5466192791722051 0.4660537911272938 0.5972958407116948 0.463750484225619 0.5996657564210182 0.5158888287088051 0.5489891955907069 0.5181921266073766
2 0.6237113426254837 0.5595841987527778 0.6229982781676426 0.5931048104648158 0.5735691744584983 0.5920532524230108 0.574282381080593 0.5585327856623004
2 0.4962061212944491 0.5958074670807676 0.49501551746925543 0.5636610550955128 0.5291122511488311 0.5623983413671411 0.5303029480045325 0.5945446565757965
2 0.427734375 0.537109375 0.474609375 0.537109375 0.474609375 0.587890625 0.427734375 0.587890625
2 0.5585938935884087 0.6699218750000001 0.5156249565544613 0.6699218750000001 0.5156251786086159 0.625 0.5585937324892711 0.625
2 0.6328966225909198 0.6707084437861982 0.5900248940196207 0.6727496961294651 0.5878377866349638 0.626815910382526 0.6307091245281526 0.6247746673818846
2 0.5902919312457016 0.669370463887088 0.558972840435672 0.6726099518380212 0.5555951764325755 0.6399582272322687 0.5869140625 0.6367187499999967
2 0.5075352099107704 0.6522755349919476 0.5081128902313594 0.6747968820052999 0.46687388646626005 0.6758544031396793 0.46629630249833554 0.6533331502208669
2 0.33799964668753546 0.6682007063210005 0.3364594245739454 0.6235339235668629 0.3756099275892666 0.6221841084884723 0.37715031565517165 0.6668507184764774
2 0.23046875 0.611328125 0.294921875 0.611328125 0.294921875 0.66015625 0.23046875 0.66015625
2 0.6746140905331686 0.5705502385702852 0.7254192463130948 0.5649058372083963 0.7309927918330459 0.6150679921686287 0.6801876400653555 0.6207123678261853
2 0.7366323519596563 0.5062756511552251 0.7149717847930788 0.5082446489544896 0.7124903978807424 0.4809489919688296 0.7341508761669502 0.4789799982395146
2 0.8386566712748618 0.540584259294252 0.8202613954284743 0.49229980264141565 0.8875921533496012 0.46665029070072034 0.905987540598403 0.5149344788861752
2 0.8496094656376272 0.42968749999999994 0.8144530858161261 0.42968749999999994 0.8144531806821078 0.38476562499999994 0.8496093639465698 0.38476562499999994
2 0.6297753398785062 0.34190990903952173 0.6835497338365712 0.32968896737500253 0.695550465231122 0.38249239898241205 0.641776083192326 0.39471330412709915
2 0.5878907484934643 0.34374999999999994 0.5292967585061206 0.34375000000000006 0.529296883127472 0.298828125 0.5878906163841293 0.298828125
2 0.4559957029423458 0.36583136388539456 0.45462486318729134 0.3343012828968704 0.5242113144066707 0.3312759197377932 0.5255822651623703 0.3628058828580772
2 0.45800781249954525 0.3515623735581466 0.4580079163389428 0.3789061879151332 0.41015627549688816 0.3789062568697734 0.4101562443155444 0.3515625145074447
2 0.7237642956421269 0.3326349891249373 0.7186478973698058 0.298282262857326 0.7801574716752384 0.28912143926152845 0.7852739525536663 0.3234740632356384
2 0.7207030979888032 0.3623046908866861 0.720703127865022 0.3320312460788863 0.734375008029474 0.33203126447698583 0.734375 0.3623046875000458
2 0.7207983154975182 0.3162871423760218 0.7228229875161105 0.33450838218883805 0.6988138862834603 0.3371760663212638 0.6967892382145919 0.31895484845718347
2 0.6810228947878159 0.24605099051631232 0.6860116591797123 0.2880969397784008 0.623465179730033 0.2955177853423904 0.6184765359787434 0.25347194602791007
2 0.8776341975666355 0.2963048926758266 0.8202648892196294 0.30536299952854 0.813122887645136 0.2601297266673092 0.8704919756885374 0.2510716376266096
2 0.716796875 0.21484375 0.763671875 0.21484375 0.763671875 0.283203125 0.716796875 0.283203125
2 0.7852279914468454 0.22223567759903 0.7631477219842964 0.22286653622596214 0.7610815284808723 0.15054833902974793 0.7831617038433478 0.1499174817808229
2 0.783203125 0.1484375 0.8046875 0.1484375 0.8046875 0.220703125 0.783203125 0.220703125
2 0.8320431302691986 0.20243277946623695 0.8082399990057638 0.203424567641117 0.8061481196938303 0.1532187565173295 0.8299511868935951 0.15222696966991664
2 0.836914055543275 0.12890621322925458 0.8422652438879368 0.157190737677668 0.8061324117974209 0.1640266883341849 0.80078125 0.13574218749998518
2 0.8375606136892202 0.19623517040644503 0.8558257031090761 0.19471310075475962 0.8585466067983134 0.22736397182009208 0.8402815175858223 0.22888603986523293
2 0.8298015762956084 0.15893770009582017 0.8463944986146998 0.15783151628394815 0.848779729076341 0.19361000514370386 0.8321868068640015 0.19471618788407613
2 0.8622384072970135 0.1216549372831176 0.8936960952887603 0.12015696447400862 0.8975183830647211 0.20042509948778808 0.8660606952689704 0.2019230693236709
2 0.8851562638728865 0.11894529487054233 0.9103125236227925 0.11535157533639863 0.9217968753990817 0.19574221426301014 0.8966406171555263 0.19933592677631135
2 0.9687790368616334 0.2004853837898526 0.9448000389437539 0.20288326171529103 0.9390180471111762 0.14506303496243722 0.9629969735832447 0.14266516059223946
2 0.9140625 0.31640625 0.95703125 0.31640625 0.95703125 0.359375 0.9140625 0.359375
2 0.9117367972360171 0.2739454264422148 0.9482817140302586 0.2683232769295568 0.9534975634289822 0.3022263501533139 0.9169526484899961 0.3078484911972519
2 0.890625 0.2890625 0.9140625 0.2890625 0.9140625 0.322265625 0.890625 0.322265625
2 0.9240614163516057 0.3881016433417048 0.9786365894277651 0.3917397672479547 0.9723710764415046 0.48572295479543887 0.9177959055136853 0.48208485369007054
2 0.9228515477436758 0.5117187492973858 0.9521749427988198 0.513114971074427 0.9489271078381307 0.5813197913450447 0.9196037133416439 0.5799235775496744
2 0.5004155676698474 0.30919112288481804 0.44553719740952147 0.31090603652235194 0.4431011996144889 0.23294873257901963 0.49797922615096013 0.231233824217516
2 0.4669664649460401 0.3037035863382836 0.43518200256630735 0.3050854881202864 0.4325398305878707 0.24431382180176003 0.4643241296457745 0.2429319236067238
2 0.501953125 0.23046875 0.564453125 0.23046875 0.564453125 0.2587890625 0.501953125 0.2587890625
2 0.8564453124620286 -2.2371200431316495e-9 0.8568867585089492 0.026045219202512914 0.799269567755573 0.027021780289312035 0.798828125 0.000976562500017423
6 0.6142578125 -1.6772456328030265e-15 0.6269531315455197 -0.0009765614115442917 0.6365464165378398 0.12373621397896982 0.6238510976244243 0.12471277414588941
6 0.8504911141137654 0.008346956663255327 0.876492553780281 0.0006428322647451043 0.8968365728201206 0.06930392716299567 0.8708351346083418 0.07700804822798818
6 0.9999999769573833 0.0419920893568901 1.0158122393373787 0.10933951646104553 0.7245795308421066 0.17771586344962575 0.7087676129851843 0.11036868003628691
6 0.674629899025831 0.19591361567106774 0.6623316406479489 0.1717138990348156 0.7348288555302815 0.13487120594308089 0.7471271217855247 0.15907087312833754
6 0.6192330578729752 0.15821980581871833 0.618612434878969 0.1253231761881029 0.7164549070544126 0.1234772515641438 0.7170755980149579 0.15637380959883224
6 0.59375 0.169921875 0.607421875 0.169921875 0.607421875 0.2314453125 0.59375 0.2314453125
6 0.6312916242941355 0.16223742825642926 0.6289863026775038 0.18759604906847352 0.5911244818081514 0.18415407636678313 0.5934298262640141 0.15879548085396764
6 0.5077769163473249 0.19332143816694614 0.5079874799890831 0.21088195736867427 0.17388713198909045 0.21488629666186768 0.17367675309105834 0.19732596553547885
6 0.20118614830232673 0.4463309556488687 0.20102404957049202 0.42367456789995744 0.6171299141232112 0.4206927705867945 0.6172926300198469 0.44334851765787314
6 0.718747531039071 0.9042968029210919 0.7187514792796037 0.9892579022335131 -0.000003698977025123895 0.989253371250683 0.000001141253278547083 0.9043012850847448
6 0 0.572265625 0.05078125 0.572265625 0.05078125 0.685546875 0 0.685546875
6 0.04293685211519005 0.6946555207873566 0.04301155669418222 0.6710343987727947 0.6562678392103862 0.6729544020057634 0.6561946494697395 0.6965740227366256
6 0.6776224504725405 0.8006559542372225 0.6778451414705842 0.8222782095818626 0.0002208494171327402 0.8292374290926405 0 0.8076171874999991
6 0.6407604655229306 0.6023791544630921 0.6399458205726205 0.626831730415381 0.37246900775153335 0.6179183924298937 0.37328423869860217 0.5934664342512043
6 0.37790329709719117 0.5949033588792153 0.38234763987804854 0.620084279198452 0.3208434459555747 0.6309380295093985 0.3163992688351982 0.6057572552678546
6 0.39060840896991067 0.35128416219204595 0.3908533864075707 0.36981338980083256 0.00024457103620534326 0.3749741044928356 2.2737367544323206e-13 0.35644531249999395
6 0.6705827157928752 0.19574567138014293 0.650418290679454 0.271922450896636 0.570966818123452 0.2508913109276337 0.5911313810688625 0.1747147381986633
6 0.583606639016466 0.2516129122493679 0.5862668857026847 0.30215152306595233 0.49820874447277674 0.3067863037370423 0.49554869580413197 0.25624787709780006
6 0.588024287274493 0.2603932338082366 0.6151603352210486 0.2557033947614198 0.6758254960027443 0.6067030658152707 0.6486894761910662 0.6113927939525112
6 0.6543415981489034 0.6589916931245473 0.6771347078700956 0.6556155809256567 0.7140416467481145 0.9047417725433776 0.6912485593611564 0.9081177831856931
6 0.6494140625 0.6074218750000014 0.670349052223628 0.6046572236563225 0.6785865705203378 0.6670272912608941 0.6576515841221635 0.6697919256709692
6 0.905761593618081 0.27086973632941935 0.898017529043841 0.24963609639694373 0.9951406222385231 0.21421512605892745 1.0028847233547822 0.23544868349809847
6 0.8925783704156629 0.47265625 0.8652342375429498 0.47265625 0.8652345990710728 0.28515624999999994 0.8925781184382231 0.28515624999999994
0 0.3417780307357816 0.23054444617614483 0.33967503645840225 0.3610569621276612 -0.0018756469535219367 0.35555002206082154 0.00022930571617507667 0.22503951236913478
0 -0.00012797169415534881 0.4214834899117251 0.19619128608167102 0.4192271070793662 0.19730484272486137 0.5161072565444139 0.0009855837010945834 0.5183636237004958
0 0.09208503629429288 1.0000054983011495 0.09160363906028124 0.9396338757530787 0.24895236905547335 0.9383784596923497 0.2494351525615457 0.9987486831273308
0 0.6937532572915188 0.9492611611611411 0.6932683224175662 1.0009085823125932 0.4663575168534635 0.9987740659774761 0.46684417761423447 0.9471283905888908
3 0.0006749881504219957 1.000003311389861 0 0.9384765624999628 0.09360999670195724 0.9374495103968632 0.0942858244609397 0.9989754170414359
3 0.34765625 0.234375 0.400390625 0.234375 0.400390625 0.3525390625 0.34765625 0.3525390625
3 0.894899824966501 0.6225116952533202 0.9764616428179806 0.6574617491225403 0.9290817199808998 0.7680144613677458 0.8475201649426936 0.733064853881614
3 0.9653419052679055 0.8316217566500272 0.9531651287616114 0.8894511735544818 0.8984375 0.8779296874999525 0.9106145809219015 0.8201006898664094
4 0.7189244077612784 0.9467855626456761 0.7105504664243654 0.8756199370448453 0.7929344459720369 0.8659284060394515 0.8013090892164882 0.9370932089722065
4 0.9018743954113688 0.837780954247853 0.9044629627267113 0.7575962048770315 1.0025834962495992 0.7607630514287737 0.9999959167321322 0.8409468441001788
4 0.9486586363740344 0.9567920478549087 0.8767456366744 0.9418140028224984 0.8954166568738628 0.8521977269955229 0.9673278985700335 0.8671755827800922
4 0.9999994173576852 0.9570305412149475 1.0000000136647031 0.9999998474626647 0.9101562556945737 1.000000028046817 0.9101562341170393 0.9570312911360283
4 0.6395147145221927 0.3937338612652176 0.6839928469364622 0.38726474906753566 0.703955162898751 0.5245066710018752 0.659477044282994 0.5309757200928942
4 0.6928459268766574 0.37053994971609033 0.732891044230314 0.3687198200498115 0.7373389082493986 0.46657344876648615 0.6972937916337969 0.46839356708257907
6 0.6874624532899816 0.38089790786229477 0.6967699420428062 0.38077703968713467 0.6987612529853777 0.5341095388040665 0.6894537642631349 0.5342304056943402