1 0 0.0009765624999997902 0.5688268241617607 -0.0009131503168976297 0.5707799035186554 0.5869775267968274 0.001953068586203699 0.5888671876874083
1 0.0008266448737686005 0.8482971412391023 -0.055528311872194536 0.6048792528976442 0.5976745539438753 0.4536464941382976 0.6540417880379437 0.6970512674063706
1 0.4745591102933986 0.8253967797137873 0.4577674956700548 0.7489090419367114 0.5997891588814355 0.71773623589491 0.6165816919382223 0.7942226162850259
1 0.00010756943675005459 1.0000016633905695 -0.00017195476459619385 0.8503743388037492 0.49385078819091177 0.8494379007863166 0.4941406862488975 0.9990550194069866
1 0.4220056920606794 0.9347609041132162 0.40293376462284414 0.8373418136700125 0.6632914237499108 0.7863801425522724 0.6823658758175952 0.8837958033684723
1 0.4089510490333623 1.0014452271285204 0.40781310576744545 0.7749195771907699 0.885566388471716 0.772514337600801 0.8867187585617557 0.9990251192309654
1 0.904296875 0.484375 1 0.484375 1 0.7001953125 0.904296875 0.7001953125
1 1.0115111381497854 0.7251549832759847 0.9075240010317884 0.781979062492038 0.7969720903101916 0.5796944634443614 0.9009555012319197 0.5228716327567132
1 1.1019423897481602 0.5786946163194094 0.9758061608403068 0.7193639823654134 0.5871933818671096 0.37091707674990526 0.7133269628967582 0.2302518776308191
1 0.8449619670789161 -0.06162431434956838 1.0365704755791967 0.015018737599374441 0.9073947544044358 0.33795732618262897 0.7157864602661448 0.2613148617475356
1 0.62109375 0 0.796875 0 0.796875 0.1123046875 0.62109375 0.1123046875
1 0.9354076457493647 0.18651333999727834 0.9908298566344911 0.25046046771421693 0.8865062443977649 0.3408741602766568 0.8310843996458743 0.2769273825871683
1 0.8412184587045886 0.26741176225024327 0.8962411902125496 0.34535801613793915 0.8371194042076695 0.387090777900658 0.7820969910627582 0.30914481001736366
1 1.0000002469658966 0.28027343616506073 0.9419145094641408 0.2805874104404692 0.9409383228553452 0.099923347564765 0.9990234375 0.09960937499999994
4 0.5338848881687 0.3443043552904528 0.40766342144115697 0.35591975048772373 0.37549400578063796 0.0063351662887816355 0.501712756515758 -0.005280092006770057
4 0.5128231439583715 0.323238949981507 0.5638328409197584 0.30014185362435064 0.670992955398674 0.5367919199705703 0.6199834950891727 0.5598886194717027
4 0.0007306807805207427 0.9376948352742454 -0.022101073756289225 0.84006147207681 0.4649038407202397 0.7261835433554826 0.4877399441486432 0.8238109778331875
4 0.6170837176434816 0.936027480072337 0.6135585716187961 0.9853713426233323 0.5627573102501628 0.981742731227708 0.5662827942919648 0.9323992354390958
4 0.6926190048509397 0.6738693212016906 0.729525258387639 0.7672016747596325 0.5956573686704587 0.820125902600106 0.55875291866937 0.7267950770386915
4 0.5474866423858202 0.0002977283422070121 0.6865346445842988 -0.01756151778619262 0.7363509187777026 0.37029365248472607 0.5973029832348402 0.38815269484000664
4 0.7377979259987342 0.11381636665762747 0.7662167337891788 0.15814933770697168 0.716275494416891 0.1901629212189289 0.687856753976007 0.1458300093280662
4 0.8572524453345522 0.6594429526394056 0.7841438129927383 0.7020858635369824 0.6061623947867929 0.39697274863043425 0.6792676781906266 0.3543310873296028
4 0.9009354061169006 0.7534276081837094 0.8616738401885868 0.7809065447313531 0.8050595122307413 0.7000292746305817 0.8443204716263608 0.6725506372771867
4 1.0000020358604615 0.9951171875000002 0.9355451170010838 0.9951171875000002 0.9355472185976623 0.73828125 0.999999876867264 0.73828125
4 0.9734448091381864 0.8461187253378513 0.9240670179042354 0.8835706361345742 0.8450037732263809 0.7793516090373458 0.8943804736966285 0.7419003176917904
4 0.7773437867778057 0.8037109475283984 0.7571811607044765 0.7982130865828723 0.7658803643498686 0.7663163266166317 0.7860428395404142 0.7718141658284926
4 0.9324947008107074 0.9970485109712449 0.9009475887372673 1.0192425212044405 0.8012307599298083 0.8775398861474265 0.8327767900175331 0.855346413099535
2 1.0000001941123173 0.4013671875000001 0.9218748101795882 0.4013671875 0.9218752631587677 0.298828125 0.9999998021559122 0.298828125
6 0.8515625 0.4091796874999675 0.8295063090339454 0.3843235024508127 0.9195743542392165 0.3044046173464935 0.9416304294338715 0.3292606415052528
6 0.7652411807870294 0.13836662624755397 0.7521300199415464 0.13307173945480213 0.8074849125524679 -0.0039972301390910035 0.8205960296869534 0.0012976457965814222
6 0.906253185343644 0.46777170589696626 0.867894272675926 0.48862418923956275 0.7080938089571873 0.19467576602205364 0.7464517452357313 0.1738236027705149
6 0.9995467589714053 0.4657863365183328 1.0037294256235327 0.48412397569169413 0.9436356959682826 0.4978297434243802 0.9394531249993179 0.4794921875000342