4 0.4882342169941012 -0.000004870313293369454 0.4890999285352109 0.3411404458657727 0.10234543581111666 0.34211805036518006 0.10148345411130322 0.0009767634609554867
1 0.46839118582624906 0.18215990017725872 0.5382649550025462 0.4776216195686705 0.021285162590743312 0.5998625275148883 -0.04857812094167002 0.3044094904678693
1 0.8632812488626769 -3.413632605228258e-8 0.8632814073353074 0.11035149956540662 0.5273436476529696 0.11035142153771285 0.5273437662556262 5.007204584404614e-9
1 0.6700035356417402 0.07594585571131636 0.5694692226094276 0.4248596653570293 0.41981588099622513 0.381738981115493 0.5203512927214433 0.03282723366889849
1 0.6423253620168907 0.4297596688648904 0.5372369786658737 0.3885768261723245 0.6612533577886097 0.07212811058142801 0.7663394811328317 0.11331048222862167
1 0.8691054895022035 0.533462492227988 0.6585525593721968 0.5272240861164661 0.6727692665803033 0.04758153320936076 0.8833143028389259 0.053819832411800675
1 1.000003794775921 0.5996093749999999 0.8710932453658415 0.599609375 0.8710969660016872 0.11718749999999992 0.999999881167696 0.11718749999999982
1 0.6445217922075699 1.0000066396387188 0.6445340538990649 0.42578018486642655 0.9999972930370404 0.42579669241245643 1.0000079663942643 0.9999984344264423
1 0.4445385823535162 0.9421368993817778 0.12176097472547553 0.9301838065322258 0.13886996418909803 0.46879451248598275 0.4616138525987026 0.48074695868513745
1 0.4746082518122421 0.9990241205231009 0.4746323992434327 0.4238223248993413 0.6972764372147822 0.42383428867412065 0.697265625 0.999023437499989
4 0.9999999868153964 -9.645832413397155e-8 1.0000000981594894 0.1376953426691456 0.8437499013116394 0.1376952275562001 0.8437500231486865 4.443712685104343e-8
4 0 0.818359375 0.095703125 0.818359375 0.095703125 0.9794921875 0 0.9794921875
4 0.12197519673566148 0.5633566285126602 0.11573449584966511 0.6195215298725094 -0.006241234570666165 0.6059689625861608 0 0.5498046875000132
4 0.22820700773706903 0.5744615246081594 0.20609017288097675 0.5368857477763762 0.40587795002261373 0.41930012410713596 0.42799477531934826 0.4568752498155992
2 0.22101006078821683 1.0001644584946867 0.22026330052142384 0.9261106033191048 0.3332364119912654 0.9249715841931181 0.33398438275673925 0.9990242054200544
2 0.22508722067152576 0.9806577992010762 0.2238791109327849 1.0024006809456636 0.1806640625 1.0000000000000353 0.18187230558078227 0.9782572599225765
2 0.0627555063941827 0.7479939283144301 0.03982146505563833 0.6842968991575953 0.10206576950679391 0.6618894115483357 0.12500001542332484 0.7255859803356153
2 0.5667090419896113 0.5797324485649001 0.513559295529376 0.5832754510898229 0.5086162838140353 0.5091259933397287 0.5617653792312467 0.505583012547892
2 0.5063407297159301 0.6369119279259081 0.5057928716937568 0.6133509135400648 0.5560926597979687 0.6121814094698714 0.5566406278564955 0.6357423103209948
2 0.032602852344666644 0.01785585706251654 0.08725452327701078 0.001460367482207867 0.10480576042687062 0.05996452327865707 0.050154092807474626 0.07636000670879324
2 0.029986218157660005 0.06037454437965327 0.001953125 0.06738281250001357 -0.004136024376407477 0.04302619297455871 0.023897058630723222 0.03601792614103491
2 0 0.1171875 0.03515625 0.1171875 0.03515625 0.1728515625 0 0.1728515625
6 0.474551383987432 1.0002353752008164 0.4379261411360176 0.9984831880592699 0.48577806033074467 -0.0015681768790564475 0.5223988218206159 0.00018392015489422994
6 0.49589450088592457 0.42767604219481764 0.49642531568292725 0.3992133070182584 0.6624558655196324 0.4023089043704624 0.6619253549021096 0.43077133677145524
6 0.4672646956330482 0.4145998608204029 0.47630855312581843 0.43630370795269263 0.4216671586254961 0.45907097298305527 0.41262340209937065 0.4373672115045308
6 0.4499934393031708 0.43800826995153985 0.4750195997769424 0.4774691677151821 0.37170199861702713 0.5429879483237616 0.3466762460038808 0.5035274088959593
6 0.21514376553182046 0.5493530357433916 0.22288253231067756 0.5880402133349972 0.11208015437762242 0.6102013034360488 0.10434182513347423 0.5715145044284466
6 0.03125007210894637 0.5517577060623348 0.02282407869245162 0.5641950309775345 -0.0074494221087206824 0.5436872868517224 0.0009765625 0.5312499999999799
6 0.10987802832232774 0.5711296212217678 0.10690201829982016 0.5836279494747043 0.05435618386252372 0.57111721264524 0.057332233811962396 0.558618942867826
6 0.11914064843017513 0.6083970069910846 0.11877312054195954 0.6308361714762898 -0.00036777546074517886 0.6288842249176557 0 0.6064453124999445
6 0.12680934468926353 0.6093156377766038 0.12904332247239836 0.7164478288432856 0.0001911330940629341 0.7191326212542367 -0.002041421402168453 0.6120018047395722
4 0.007709104747277706 0.26116617612591836 -0.016350044291471022 0.18669738123829274 0.11375929858718337 0.144662433638906 0.13781862162795733 0.21913092464298187
4 0.22682029629402223 0.9200802657232202 0.2184986090987877 1.0095371947452267 0.07880912387975059 0.9965436099596171 0.08713244688078703 0.9070884782401017