5 0.3260521246012331 1.0057552774753549 0.3021573268109705 0.9568139666587061 0.5247198480315092 0.8481787256687741 0.5486149698788267 0.8971182934008887
4 0.013671875 0 0.47265625 0 0.47265625 0.61328125 0.013671875 0.61328125
4 0.44654267789201185 0.00018472634997806952 0.6242580424600419 -0.019131855593891474 0.6666909629935844 0.37125428244639325 0.4889756425118321 0.3905706456925111
4 0.47967679422117726 0.3439321780187228 0.5436673763102817 0.37859128363947137 0.43699356113700105 0.5755291741353035 0.37300336688133484 0.5408706127359781
4 0.39325803650285707 0.5418492135319328 0.4572069939802077 0.5934137180638234 0.3111229305637835 0.7745585021642565 0.24717505659725703 0.7229952043345121
4 0.25329724165544576 0.7359485145546357 0.2923702106070323 0.7669312763984457 0.21711791911673117 0.8618147798140735 0.178045359174007 0.8308324737890072
4 0.18487187296454977 0.8367956353737082 0.22600821127286963 0.9219104454727364 0.01257057931354666 1.025034143873047 -0.028562412604969722 0.9399221782371842
4 0.0009765625 0.69921875 0.03487046058478427 0.6990566119161891 0.03584699973976058 0.9031581785614322 0.0019531016818064018 0.9033203126115448
4 0.07421875013233148 0.0009765562797297618 0.07306102157269834 0.05539009746413145 0.02454573936017823 0.054357852680418116 0.025703479182539013 -0.00005567675571087223
4 -0.00410161909985618 0.08554685444799436 0.029296910937887333 -0.014648472110409535 0.07851563450719823 0.0017578220945696544 0.04511714860734628 0.1019531089869893
4 0.0572834854873463 0.5263327428094671 0.06608491941619832 0.5659351396449472 0.028860754346055728 0.5742071292828341 0.020059466160205375 0.5346048593047618
4 0.39328600060991903 0.7826252408482348 0.46667977260801763 0.8597214514280723 0.24040818891387516 1.075068156749838 0.16701786313763023 0.9979752894269992
4 0.41807830484947317 0.7491509767658718 0.4422099130687229 0.7592039710667078 0.425191984634921 0.8000470283149719 0.40106040620185013 0.7899940865012977
4 0.34575621948545177 1.0020247930985622 0.3445910931804974 0.8933092295141589 0.6460476240723665 0.8900743131309528 0.6472174276001397 0.9987852101280374
4 0.5712291956320996 0.8859733172473536 0.5886382962759171 0.9149811011193438 0.5587682412542563 0.932903024195406 0.5413593013718128 0.9038953802253663
4 0.6582030822979732 0.8437499043057246 0.658203494176405 0.9267578540388982 0.5957029995419134 0.9267576267105067 0.5957032886874458 0.8437503828509381
4 0.5646517294003388 0.8805797427643111 0.5955417400051601 0.9082111669506983 0.5699502852569367 0.9368132953416051 0.5390604146541591 0.9091820181893258
4 0.6806730816667823 0.7721005324513941 0.7247323304889051 0.8989506945058173 0.4067303892608152 1.0093672089449326 0.36267791061925436 0.8825227626118665
4 0.49968412864564016 0.8135296234165912 0.4622002960526288 0.8659967836431889 0.4224783865537347 0.8376240762054599 0.45996211837098144 0.7851572363611922
4 0.4434934069076917 0.7115780622263662 0.45601447145440943 0.7221711042564855 0.441864579617004 0.7388936952719568 0.429343538832768 0.7283006788901426
4 0.7166404579965047 0.6944253829827656 0.7239924339783101 0.7826016240123782 0.4747449610063086 0.8033751013757834 0.4673956856836412 0.7152013826237378
4 0.5636409921588665 0.5121695868110617 0.5989508566486847 0.5334432887312501 0.47967025240677685 0.7314008406258805 0.444360735217856 0.7101276062857677
4 0.5884698929987735 0.5155104517229786 0.5607612682397303 0.48276617118389464 0.5994603404387817 0.45002096893536414 0.6271688877546922 0.4827651263014801
4 0.6701100148078467 0.24000238288003475 0.7269584163270792 0.2634627161197505 0.6384111521736031 0.47802018660711815 0.5815629171949013 0.45456014532266076
4 0.694256753900163 0.24168601716087143 0.673986428954322 0.23830766007325677 0.6952861955087428 0.11050995421623198 0.7155563697406251 0.11388829779380612
4 1.000000014432203 0.14648437500000003 0.9765624862391178 0.14648437500000003 0.9765625013317276 0.11328125 0.9999999986033572 0.11328125
4 1.0000000921628498 0.3251953125 0.9667968245180418 0.32519531249999994 0.9667969428348897 0.251953125 0.9999999987545607 0.251953125
4 0.9680288835162401 0.37862073715567024 0.9429085612002837 0.3717700105410112 0.9519230792461713 0.33871698999577726 0.9770433125294176 0.3455677037739134
4 0.8717402851491443 0.3358574467064696 0.8578630288611748 0.3623497126252274 0.7962667108561163 0.33008513306794546 0.8101439782061561 0.30359296099626776
4 0.9002159767092053 0.37291393996565664 0.8818699384212323 0.3891010045517094 0.8549671292859102 0.3586111812873117 0.8733131196626118 0.34242415291681993
4 0.7541823848101785 0.29901668022572525 0.7532394884962059 0.31504579272638267 0.7330886237065215 0.3138604564004212 0.734031534147789 0.29783135901907315
4 0.7897961885523728 0.31551940253880734 0.7924250988119184 0.3321684858299412 0.7682538875859564 0.33598500054537805 0.765625 0.3193359374999665
4 0.8242187527565648 0.3583984391538802 0.8135913464296891 0.35202223238264574 0.8194507286733597 0.3422566096029596 0.830078125 0.34863281250000805
4 0.8450482158444856 0.3727711354200223 0.8461167521447805 0.358880968324176 0.8638901915148836 0.36024817756829536 0.8628216699785298 0.3741383308483329
4 0.8989453394123075 0.3971094314723151 0.8784374750307506 0.40003899304969526 0.8754687488994932 0.3792577104589304 0.8959765631593655 0.3763281525143315
4 0.8019934447712558 0.34560206414990485 0.8073142049281614 0.33230067547557296 0.8197738729875255 0.3372845611334727 0.8144531237969659 0.3505859405074749
4 0.7554709916352067 0.6377624531768826 0.7355104717306631 0.626001058791634 0.8047393495061215 0.5085235852381635 0.8246995098602383 0.520284845256307
4 0.738481654587531 0.628539589010609 0.7639795739337387 0.65607357806023 0.7227746500824423 0.6942262506713255 0.6972768911532512 0.6666924173017647
4 0.6534521810160641 0.5997941108425762 0.6560126613749162 0.5844330798520074 0.6753327161627567 0.5876531312951683 0.6727722664355724 0.6030141350704233
4 0.687259001720463 0.60189736560512 0.697265625 0.6064453124999923 0.691647244775595 0.6188057536559122 0.681640625 0.6142578124999984
4 0.7135642188569591 0.6311285511283904 0.6985787592860788 0.6251350701739207 0.7049096737322316 0.6093078531268264 0.7198950903501782 0.6153013244291418
4 0.7148426008424167 0.623046474911746 0.7320184245907058 0.6831509670253063 0.5751776882304966 0.7279624880341609 0.558003037680578 0.667858994510527
4 0.9610995007277552 0.5451033881416306 0.9422408565421847 0.5238891371879222 0.9749122624957636 0.4948479996755684 0.9937708525453672 0.5160621766585279
4 0.8433212558593368 0.547899102559311 0.8696884771293298 0.54496969167591 0.8726419756158066 0.5715512306443803 0.8462747554563066 0.5744806348608713
4 0.8003526298065253 0.6387193708875889 0.7834406420515734 0.6251913410484049 0.8054492447434995 0.5976807071633731 0.8223611605357064 0.6112086920492317
5 0.4821595782273107 0.8358368163088145 0.48779864815503515 0.8485216490481454 0.4249156570235755 0.87646982451388 0.41927672094664103 0.863785105389988
5 0.6225092484718289 0.7809266994236024 0.6281492659745709 0.797137943392455 0.5149734937522226 0.8365039510419725 0.5093337579128274 0.8202929460048549
5 0.4392387818639918 0.7735375101978297 0.45209867994810793 0.778212835228384 0.4159733794422209 0.8775584155869183 0.4031135127579546 0.8728831528370848
5 0.5027742564190021 0.8064614468837836 0.4718466091364917 0.8193457235953961 0.43576017028442493 0.7327382294275877 0.46668721676428504 0.7198540947045904
5 0.6309994219974442 0.7893536155854519 0.6301038530081087 0.7687572692608227 0.6694316601902983 0.7670475155263407 0.6703273208244127 0.7876437652655655
5 0.8152347421706736 0.750996555493561 0.8132009018897861 0.7356978831765766 0.9993528413860986 0.7109530821636891 1.0013869493586753 0.7262514279347821
5 0.643554568530817 0.9550780800693479 0.6948324246931179 0.9744439491283882 0.6782309099394297 1.0183891701361223 0.626953125 0.9990234375000107
5 0.9244975554100847 0.5800433169021718 0.8725933938585513 0.5523629877283497 0.9742383197307163 0.3617820258422609 1.026141043540747 0.3894618705476853
5 0.6837263512010168 0.9664659393864834 0.6020867360336979 0.9112019973165127 0.8491522731068244 0.5462945990680489 0.9307859150692366 0.6015557495254039
5 0.7799454300758271 0.7782833251907882 0.8517783738130902 0.6980189809121266 0.9993550688669757 0.8300691226712836 0.9275241866038186 0.9103314959977902
5 0.9697265592296844 0.781249924804166 0.9702758016971984 0.7938789705785274 0.9478148320075661 0.7948555742093226 0.947265625 0.7822265625000557
5 0.9732459758663481 0.7969685936455895 0.97265625 0.7822265625000517 0.9994102306959576 0.7811565036082245 1.0000000019938398 0.7958984873365457
5 0.9275509369697374 1.0010899081486369 0.9033062721665601 0.9989354076176924 0.9124646396179514 0.8959084618222566 0.9367085891319675 0.8980629305322567
2 0.9607958798811751 0.884554186714473 0.9632231133939513 0.8044903569493475 1.002426816652246 0.8056787656921981 1 0.8857421874999829
2 0.931640625 0.9970703124999534 0.9341851582898926 0.9080804391430698 1.0025436170219564 0.9100347310076423 0.9999999920881919 0.999023714294628
2 0.900111330228583 1.0201437330698058 0.7212802928073643 0.9988596737274561 0.7477907984203966 0.7762237090559599 0.9266111453247277 0.7975071314469965
2 0.929164006230053 0.6515451939337701 0.9334221088035974 0.5706629451365666 1.00425753384593 0.5743918458408318 0.9999999940382622 0.6552735507565166
2 1.0000000338446853 0.5595703125 0.988281244027462 0.5595703125 0.988281282849016 0.521484375 0.9999999991093773 0.521484375
2 0.1731524452178519 0.8084710627082182 0.16282680629160495 0.8431975820125676 0.07174236778803333 0.8161192235138006 0.08206824131877966 0.7813931139276967
2 0.09062936760733464 0.7806440432524043 0.09949889009590152 0.7492675047801328 0.2099847045419665 0.7804934348727721 0.20111568215122588 0.811869545508481
2 0.27791395719350476 0.7159205012061751 0.26908686036858853 0.7446048168526233 0.1473489742838865 0.7071471501263565 0.15617628816971774 0.6784632375061862
2 0.6830021615556916 0.6600139136243018 0.6551654320167017 0.6736069406330668 0.6322040463116991 0.626590779689133 0.6600405341755504 0.6129978228828198
2 0.9131226896556655 0.28448955707641105 0.901457458970981 0.34087251089525095 0.7163578601631571 0.30257678520208814 0.7280234351070476 0.24619431123162366
2 0.7615426494993471 0.024398053333551308 0.7379450561392105 0.022252817632897246 0.7400742838315182 -0.0011686730929377257 0.763671875 0.000976562500002814
2 0.7686695791078364 0.05520450279056046 0.7512063411809322 0.050838695652231744 0.755974266498697 0.03176700594804683 0.7734375 0.036132812499995996
2 0.7636718756392611 0.06738280972995797 0.7600509107691096 0.08307364765048629 0.7473555960483509 0.08014396065667052 0.7509765625 0.06445312499998869
3 0.9730512486454472 0.13899628613153547 1.0216570061994616 0.14935471524439783 0.9893868713146503 0.3007766068158217 0.940781127348032 0.2904182320671969
5 -0.010520398670337272 0.5068563855374442 0.0650006958665017 0.48747754565393525 0.13454893903121956 0.7584839663672447 0.059028057406976586 0.7778622807044473