2 0.0009765608789393809 -8.956218350250222e-12 0.043738981349861206 0.00023625559797198702 0.04276242042067224 0.17699406752837876 0 0.17675781249999992
2 0.06250011890813312 0.38769531250000006 0 0.38769531250000006 6.060121222617454e-7 0.19335937499999994 0.06249968071267631 0.19335937499999992
2 0.0003715683066047859 1.000506094902624 -0.008138022733078287 0.4298230814749833 0.09916604774832649 0.428227104108629 0.10768243619907025 0.9989028132082358
2 0.11241607381100494 0.14552336416322068 0.08629240443281105 0.00445537500206624 0.18679535153410143 -0.014156144740481528 0.21291912757419595 0.12691163743920839
2 0.17478767059117217 0.16346405165661004 0.18159555645479486 0.20771424376495465 0.11804553170873078 0.21749119540224163 0.11123773846532004 0.1732410864392066
2 0.11206873230253223 0.2232721164622335 0.1911768817110442 0.20931215055387958 0.20346582358627074 0.27894976754774564 0.12435768310024287 0.29290969594516997
2 0.21318618424231772 0.3080405238822728 0.22279138166129542 0.36406719448553887 0.14245143706148156 0.3778398402231375 0.13284650806633636 0.3218134064192849
2 0.390478824929005 0.22198590660119205 0.26378776375270263 0.24345885564605296 0.22359135345459435 0.0062967453742655425 0.35028111154895214 -0.015176076333049309
2 0.27042064720706094 0.28809773105846487 0.40403349792507015 0.269878358140996 0.4132622866983411 0.3375564270540466 0.27964945070539216 0.35577574041721005
2 0.20898444763827229 0.6806640625000002 0.167968740288984 0.6806640625000002 0.16796886167605862 0.65625 0.2089843650948069 0.65625
2 0.23530268616536887 0.6270169266334582 0.15540984255335388 0.6364152405871016 0.1299403178849161 0.4199145413679116 0.20983036522466136 0.41051639551163965
2 0.45209345406590273 0.5521444019942008 0.3382224688933775 0.5725812735241138 0.3049675315647846 0.38729409221697436 0.4188353825898048 0.36685751644861814
2 0.24853790578492863 0.40017798683339656 0.27407513143737106 0.3979574897035382 0.2811364072192646 0.4791624124354581 0.2555991831471829 0.481382897467615
2 0.228515625 0.43261718749994954 0.22983693905689506 0.4273322676205949 0.24546192887817142 0.4312385379486702 0.2441406213197297 0.43652345222006306
2 0.2504209346770949 0.43727590162285523 0.25663018952673156 0.4579718128555724 0.2069956542690079 0.4728622456998255 0.20078648634478213 0.4521664085062272
2 0.16589698273753584 0.6847769239377565 0.15796445108151147 0.6393485659932986 0.2474666551095197 0.6237219759088105 0.2553995078484377 0.6691499154292396
2 0.15534713290287527 0.6810070787974877 0.2674841657357092 0.6674547553157196 0.2979460178019053 0.9194616332836524 0.18580905891087696 0.9330135328234508
2 0.19961707995344113 1.0000430983478805 0.19914867464547115 0.9299425717892734 0.35109255863210365 0.9289268586306133 0.3515625159300271 0.9990258134807282
2 0.3546331259622093 0.6992845625970839 0.4833958550786974 0.6681179276736081 0.5596423668445141 0.9830637598367038 0.4308800897227911 1.014229098164953
2 0.47790781604874155 0.6761842343968796 0.3643229076595844 0.6959358958510228 0.34272848155171687 0.5717619943378676 0.4563107651138125 0.5520105644093195
2 0.35058410074009316 0.6771303545714799 0.32394295808308016 0.6803015474338989 0.31179203840395076 0.5782323107437694 0.33843266082396894 0.5750611492555825
2 0.3324457899242361 0.7043130313291439 0.32761703271114584 0.6790987616994815 0.3917950747040777 0.6668097204062431 0.3966239617930114 0.6920238179934654
2 0.7870799499145278 0.11084538886599521 0.691325119975204 0.12879938004543018 0.6738687143373454 0.03569795520901346 0.7696233271385609 0.01774398610338216
2 0.8658412905231216 0.11256858206245053 0.8755542769786189 0.05429157232713346 1.008577911652992 0.07646244289132492 0.9988650548666556 0.13473933147232472
2 0.8632514783057559 0.2152090086047565 0.8775395400069783 0.13234108490963148 1.012404440192995 0.15559419750600695 0.998116747054496 0.2384617856509338
2 0.7223334012254554 0.27420165123440154 0.700520070704556 0.16849067347457428 0.789013721841684 0.15023037591047045 0.8108272789405646 0.2559410460224009
2 0.872734556795649 0.29895402324938797 0.8820642536309151 0.22347424961805534 1.0030001724234126 0.23842213105559737 0.9936708875783324 0.31390153452396513
2 0.8539797519127887 0.2527116377623927 0.7961951797404936 0.25470419033486325 0.7917208608264446 0.12494199613731363 0.849504987381124 0.12294945141788306
2 0.7277243252656262 0.16463134970195573 0.7189779689467741 0.123590580649938 0.7978129071091189 0.10678983017230569 0.8065593127223565 0.14783052932713076
2 0.7499973923787593 0.40183772188827593 0.7403601562518816 0.33678655436817473 0.8426436383761029 0.32163388939628285 0.8522811782494273 0.3866846860259765
2 0.8519116136180855 0.10010428545346374 0.8108031490141911 0.10206182845566479 0.8080944260972274 0.045178166984162146 0.8492028379778276 0.043220625256003224
2 0.7774997460799113 0.2813671330778899 0.7840625399473993 0.32730469188912376 0.7329297012038296 0.3346093689919224 0.7263670315132913 0.28867192218879895
2 1.004157722497439 0.3286645469474256 0.9913476144982951 0.4503638015452445 0.8690384665999318 0.43748929762183314 0.8818493401383876 0.3157909317572494
2 0.7634332558832284 0.4956094850766136 0.7518402443682817 0.4111480213871363 0.8287085676216748 0.4005979076628678 0.8403019522520481 0.4850589193835095
2 0.8940866740364299 0.31691163261175664 0.8960873340244007 0.30145327755880436 0.9948016155465211 0.3142285241159555 0.9928010369792446 0.329686806269831
2 0.8793660064847018 0.5209936549948857 0.887857225725952 0.42194433575816515 0.9850226137440359 0.4302735611022242 0.9765321506449709 0.5293221714062218
2 0.7631549217379643 0.498908259384767 0.8364551564563953 0.4805849740934546 0.8647174538349418 0.5936355092060243 0.7914172843295546 0.6119586164535991
2 0.9347784891859874 0.6745641289070596 0.8921096174888135 0.6656183643884866 0.9221924369700218 0.5221502198581339 0.9648602323175055 0.5310958696263721
2 0.8776769570480383 0.7145544971144457 0.8043894502103512 0.7233984609855625 0.7873436608546172 0.5821538601258684 0.8606291098824386 0.5733100225377278
2 0.9335936962229425 0.7402340656713788 0.9335939586817403 0.7734374398662541 0.8750000232180355 0.7734375948915813 0.8749999849820824 0.7402344449539588
2 0.9411817071392079 0.6951437705063218 0.9317131320684666 0.7382733112021556 0.8826753103601277 0.727509100127482 0.8921440521842214 0.6843797950108212
2 0.823563211417536 0.7594898280129897 0.8263902339940614 0.7227479888491238 0.8686583612096683 0.7259996948763894 0.8658315272010668 0.7627413567353759
2 0.8434356049508551 0.8324648879580999 0.9165045811167829 0.8305917756952834 0.9190043493218809 0.9280838293697381 0.8459353742214262 0.9299569171106927
2 0.9251585283878967 0.7838872072974362 0.9192985737238359 0.8454112282147949 0.8388333049250605 0.8377480765691073 0.8446938075069284 0.7762246722927607
4 1.0000314799617627 0.6707987510976269 0.9454353545569347 0.6710128360946379 0.9444297367917898 0.4142765801015863 0.9990234375 0.4140624999999999
4 1.0000011377109104 0.9150390625 0.9160150309751316 0.9150390625 0.9160176669062139 0.70703125 0.9999993816942379 0.70703125
4 0.9670589273581527 0.9137038953804764 1.0151102645494348 0.9270476434361579 0.9914106431886012 1.0123670121718744 0.9433593749998863 0.9990234374999848
4 0.5401146780335466 0.2699067680916591 0.4841495086395753 0.2810997276229955 0.4280348928913327 0.0005258333639389662 0.48399938786576513 -0.010667054625220999
4 0.5847763637700609 0.5565088731992321 0.5344163693741848 0.5649015267081798 0.4918450466094555 0.30946419622065074 0.5422032109295287 0.30107170608358647
4 0.6472048177556644 0.946249448748076 0.5881398763523293 0.9589860699167615 0.5448962572720575 0.7584868971978753 0.6039581694998333 0.74575061338347
4 0.5449282036661316 0.0008812883992923025 0.5713388286213785 -0.003891695295166888 0.608756723500278 0.20315438291566326 0.5823461028794554 0.2079273514521237
4 0.5906069195949613 0.23106605243671086 0.6286926742402557 0.22732003129663073 0.6509963271944343 0.4540740892390387 0.6129105800715706 0.4578200660562126
4 0.6891275788109397 0.82806308250723 0.7296513245200913 0.81965472627204 0.7666648264438436 0.9979971889148996 0.726141145839506 1.0064053332764265
4 0.7083076111890705 0.17975519421642677 0.6487468761902164 0.1857112301301736 0.6391844328327352 0.090085453280473 0.6987449313179468 0.08412942936197491
4 0.681640625 0.21875 0.724609375 0.21875 0.724609375 0.2939453125 0.681640625 0.2939453125
4 0.7675979143232325 0.5022499605449621 0.7312320240801 0.5092429726500788 0.7073755009156457 0.3851875772533903 0.743740781212523 0.378194625752031
4 0.7975803125101493 0.5998316466442237 0.8031892146326527 0.6559116098340546 0.7434349234960109 0.6618869485093739 0.7378263731317247 0.6058073105024614
4 0.7502336767465749 0.7567901981074804 0.7846830594061203 0.70645027744326 0.8353766929305948 0.741136044712335 0.8009277068077836 0.7914756125710487
4 0.820957630881253 0.8488117135634502 0.8591420818391953 0.8778250080925989 0.8305754683550504 0.9154124830516315 0.7923911774786347 0.8863993724550291
4 0.09896161793210467 0.9184968019508772 0.14204071682024733 0.9284354180017867 0.13074992569090682 0.9773622442114714 0.08767085124259211 0.9674237001879629
4 0.37109375 0.84765625 0.447265625 0.84765625 0.447265625 0.958984375 0.37109375 0.958984375
4 0.30159532691777713 0.7916558443548798 0.2801334097657673 0.8164150510339958 0.25031532500315734 0.7905727756851355 0.27177716224366577 0.7658136866275087
4 0.3046875 0.884765625 0.349609375 0.884765625 0.349609375 0.923828125 0.3046875 0.923828125
4 0.2064974879640431 0.46178219033339163 0.2677041194118601 0.4479624429895663 0.2871289210519308 0.5339872862748828 0.22592232048077676 0.5478069407889218
4 0.34570326595712686 0.515625 0.30078112582066296 0.515625 0.3007813741796781 0.431640625 0.3457029702916543 0.431640625
4 0.2658281953488313 0.2916570887785159 0.2646033838728954 0.2230398800554208 0.42118675632639224 0.220244741992086 0.4224119812347453 0.28886151603105353
4 0.2573720618988773 0.2305364355507817 0.264699336023682 0.2781622479182601 0.20966183632253887 0.2866295392562099 0.2023346803014192 0.23900383409824288
4 0.22028480545736784 0.1042803549197452 0.18006850476774616 0.10130137364238256 0.1849180475066987 0.035833050608577485 0.2251342917038528 0.03881202977136295
4 0.11052889985853653 0.17695648218434787 0.10300706519592495 0.1374663827953735 0.23107990624441754 0.11307186090693766 0.23860182741418612 0.15256184758120703
4 0.14843754222772532 0.3671875000000001 0.11718746094732069 0.3671875000000001 0.11718752030731139 0.33007812499999994 0.14843747804161467 0.33007812499999994
4 0.4235378367161502 0.4553481004652952 0.5066373070586678 0.4375432798946203 0.5758765036748628 0.7606680615321112 0.4927772089362179 0.7784723395543788
4 0.8405724721543493 0.2381698121616292 0.8722917868329887 0.300096229390428 0.8026666664660524 0.3357577589925606 0.7709476000341056 0.2738315542847221
5 0.9998413668471358 -0.00000234830457993662 1 0.05566406249997045 0.6564085595174447 0.056642936839268285 0.65625 0.0009765624999878228
5 0.08047022059213305 0.39264616281423936 0.08000043201673179 0.4288367199129796 -0.0004699684538991278 0.42779193494832013 0 0.39160156249996525
5 0.44359355668666467 0.3276689290958883 0.45022724245700374 0.36334733282046583 0.1193758378936991 0.4248567828341661 0.11274293710403072 0.389179077842541
5 0.1738964614876295 0.9988987970916826 0.10526773821823099 1.0031303433481207 0.04346571637825036 0.0008726213132046864 0.11208579854803702 -0.0033586949874926703
5 0.45471263819115393 0.14828878123432315 0.41069737805958084 0.1559435866267201 0.3839844251511977 0.002343738363409002 0.42799952951838804 -0.005311053035415119
5 0.5123008400555591 0.44876101490623427 0.46375866855100867 0.45693632534580336 0.4156346249866374 0.17119894711926928 0.464175373592866 0.16302376563754134
5 0.5906495181076252 0.0007713319900493264 0.6453328891178671 -0.00957416112916803 0.6709314979733563 0.12573277857890966 0.6162481305151459 0.136078257777975
5 0.80859375 0.9990234375000502 0.8085939979290515 0.9765621776542919 0.859375076080255 0.9765626863191554 0.8593749999988631 0.9990237734955653
5 0.731520487473972 0.6585783548065229 0.7619443684676526 0.6524945174429734 0.782677409921007 0.7561605857745689 0.7522535496685805 0.7622443539093922
5 0.749987490193007 0.7653641395203028 0.7930179098101462 0.7570907416890454 0.8095190336298401 0.842897620372405 0.766488639264935 0.8511709294522708
5 0.8410866507111905 0.9708921047991533 0.7900304167865215 0.9886010976990407 0.7470521242954646 0.8647217124716594 0.798106627148627 0.8470130490290506
5 0.7214701676364257 0.40144517109051975 0.6576485926798341 0.4137182678699277 0.6125892474843795 0.1794073425872417 0.6764094922447157 0.16713437815625246
5 0.6965145657268295 0.4757360385620734 0.7363285909557362 0.4677740123311631 0.7659255212927292 0.6157605775028893 0.7261115256894755 0.6237225034937804
5 0.7173566271346772 0.45457360549492404 0.678985189249147 0.4634280380404484 0.6651269000682305 0.4033748927503165 0.7034980347757482 0.39452049705564335
5 0.5630155808577229 0.9354525947447644 0.5985940989743312 0.9289856416711529 0.6108282574854229 0.9962742324769823 0.5752497571324966 1.002741120437605