5 0.6003002369999422 0.5852550953776667 0.5695816251744645 0.5469692004308155 0.89550535238061 0.28547973182656644 0.9262233719996402 0.32376452899376496
5 0.5800520086805818 0.2950403296527704 0.43703379801456776 0.29155211993621666 0.4413625584215879 0.11411385266967881 0.5843791190690126 0.11760204168270443
2 0 0.19140625 0.015625 0.19140625 0.015625 0.2529296875 0 0.2529296875
2 0.1996371732177522 0.42265428654629195 0.1546773609649108 0.4580152199702745 -0.007981927612604522 0.2512081035071095 0.03697709861251042 0.21584764346611546
2 0.14674425159432758 0.4470087647466116 0.1910747893049347 0.4120137380887494 0.2660149974581145 0.5069393753655962 0.22168473653516685 0.5419340930050721
2 0.11604051485483069 0.4424657519937138 0.20372040164977534 0.5575362094851914 0.14699161022747376 0.6007574248909525 0.059312444145120935 0.4856876258066066
2 0.09980605293765166 0.4263272890631229 0.04377126925214725 0.46866302194628257 -0.04489923239293603 0.35130543699063815 0.011134863429901998 0.3089700924065292
2 0.06510638754537013 0.5727438253435722 0.025232096538957194 0.603233130369065 -0.011744721891318477 0.5548788699767918 0.028129289118396628 0.524389726058267
2 0.10325481584550289 0.6294787812062738 0.054424154158368765 0.6704918854294365 0.020680061440657482 0.6303203679911288 0.06951042043999678 0.5893074709653051
2 -0.00024055414235135686 0.6351351687123358 0.03600219529755577 0.6340998085449588 0.038195860477458154 0.7108787108666296 0.0019531114500068725 0.711914062887084
2 0.34088720619661217 0.6038721907228629 0.41553761719649174 0.6984143494739111 0.31497482035467783 0.7778055438420609 0.24032579194943082 0.6832646649325844
2 0.546875 0.9990234375000245 0.5468761920046745 0.943358319421253 0.6367191854742487 0.9433599158591117 0.6367187343427076 0.9990242969014576
2 0.29859050884613225 0.7934608289721043 0.10344561909118966 0.9632323799298705 0.018607501656219938 0.8657326551468626 0.21374857705825434 0.6959639329309165
2 0.8466495412953918 0.9166481898737899 0.8842627979071267 0.9647786377379141 0.7989658378612603 1.0314169154798514 0.7613534222033422 0.9832872389951386
2 0.8625609416445741 0.9092234799859227 0.953874422261265 0.8460239332845518 1.0155384966874408 0.93509731019311 0.9242258291437793 0.9982958871823226
2 0.99680254447469 0.9025566990041266 0.9635361124637711 0.9284245992483435 0.9166311045445354 0.8681182656883337 0.9498970858492157 0.8422506325514655
2 0.990234375 0.93359375 1 0.93359375 1 0.9521484375 0.990234375 0.9521484375
2 1.000000114255613 0.9990234332695587 0.9708154716742001 1.000104027448258 0.9698390268023331 0.9737368398725088 0.9990234375 0.9726562499999986
2 0.706972789493534 0.9004283293351908 0.6346117496415218 0.8191755791532814 0.7991901788630003 0.6726376108258808 0.8715495978899526 0.7538881591528321
2 0.6803411051099602 0.7765690621711115 0.63555866902459 0.8129496839587997 0.41681366277998677 0.5437222291823262 0.4615941661006673 0.5073428490205746
2 0.46459206192719193 0.4826426615581597 0.49740282126606417 0.45866762708239095 0.5535133824876084 0.5354513425561491 0.520702773777316 0.5594262006495795
2 0.5960771256270618 0.40129260683459805 0.6564468395954464 0.47890516422695756 0.5709897948282787 0.5453713628456113 0.5106207436017485 0.4677594147343195
2 0.804685142065523 0.417612248448105 0.8369127140659884 0.3935714293623552 0.9379810066033087 0.5290483245815752 0.9057536881521173 0.553088849208251
2 0.864088482100783 0.5854193452353327 0.8319651882006838 0.6093739613866569 0.7304715949749152 0.47328186137199085 0.7625942835975366 0.4493275784994006
2 0.7175058662222682 0.6858803158655731 0.6185282746801022 0.5452439750189924 0.6758591296144232 0.5049003750967117 0.7748364624731039 0.645535815448687
2 0.6289062618599246 0.5849609311145046 0.6245967378846444 0.5872812091936601 0.6177607974518651 0.574585900121237 0.6220703125 0.5722656250000014
2 0.6191406372433903 0.5966796797095939 0.6138325607624893 0.6000571899133862 0.6054687481318979 0.5869140636886716 0.6107768134168055 0.5835365582276639
2 0.6628604015545534 0.6245147360581823 0.6416065560306379 0.6400991158029118 0.6241582269948367 0.6163059586607973 0.6454119912677925 0.6007216223165331
2 0.6767577817049641 0.6406249549977615 0.6923768808900377 0.6634498028563919 0.6738221663916875 0.676145108911059 0.658203125 0.6533203124999641
2 0.71268699722782 0.6701434274376266 0.7215323785100054 0.6860627444101292 0.6885328085938909 0.7043958168190574 0.6796875000001137 0.6884765625000411
2 0.5964494846105026 0.575252083568437 0.6181872887542568 0.5614204043797938 0.6347546253076644 0.5874549325190105 0.6130168506928158 0.6012865739231913
2 0.9990226988072664 0.5761705407882586 1.040171214400175 0.6504915775523472 0.9095842402713288 0.7227810156879253 0.8684369849073619 0.6484610691113871
2 0.9355707724280364 0.4486747422751718 0.9621854149787623 0.41893093682024857 1.0064875662211534 0.4585699674100272 0.9798730520101344 0.488313650216105
2 0.8571643237307853 0.19726764010476447 0.9292743907019485 0.28806929898404293 0.7175482656385839 0.4562041716763645 0.6454394631313107 0.36540370454028953
2 1.000033912440017 0.24594806512092537 0.9147927280919248 0.24655260789790887 0.9137829206381411 0.10412016536242011 0.9990234375 0.103515625
2 0.845703125 0 0.919921875 0 0.919921875 0.048828125 0.845703125 0.048828125
2 0.7548150954169159 0.004346528339532572 0.7941881012988006 -0.024526972457692094 0.8571509204181211 0.0613315178297846 0.8177779299481927 0.09020500093053839
2 0.9990234330022076 0.08007811330590699 1.0088394376965653 0.10559961627393175 0.9685285255609415 0.12110380917690211 0.9587125408507973 0.09558232317740865
2 0.7357369106249507 0.08529755245621529 0.776296823777443 0.13646456146481534 0.5849551779886042 0.28813825706504087 0.5443956480781935 0.23697160763959071
2 0.4900675034766664 0.1723989731937187 0.41041831243114757 0.07283713005235333 0.6025158367638141 -0.08083987044148351 0.6821647727173286 0.018721608421098598
2 0.6522092289526427 0.08299215005115707 0.6939525870853913 0.13572015841277965 0.5503507893291726 0.24940456494958266 0.5086076833282505 0.19667679372632638
2 0.69926056842246 0.07940935688269316 0.6775557804984373 0.09856061339869172 0.6573785447759519 0.07569308058083318 0.6790833230545559 0.05654183128747519
2 0.5394168281250131 0.3187495611169408 0.4939995209622339 0.3554324262698013 0.31750687547321377 0.13691880442965476 0.3629236681290422 0.100236263934213
2 0.47337226845877467 0.3627088648940777 0.36618652684774133 0.4484553147299561 0.24899920723987634 0.30197148595964973 0.3561835852636932 0.21622588951546554
2 0.25079390447183414 0.1131730660844975 0.21584555850847664 0.07752571845012657 0.33028616278591016 -0.03467065680272391 0.365234427789801 0.0009766163456161152
2 0.09511716945223725 0.04609368731660316 0.15066514061891212 0.01668602277531443 0.25043292824307173 0.2051362147578603 0.1948850409547731 0.2345437603724697
2 0.240234375 0.0009765576069845608 0.2402343814908363 0.03906250071489851 0.14843749603267042 0.039062497865425504 0.1484375 0.0009765624999813964
4 0.0009765353548800704 0.7246093748835252 0.055210386563658176 0.7248420829098747 0.05402857143269557 1.00021086814082 -0.00020527979222606518 0.9999781686838873
4 0.1627382976807894 0.6051080297367895 0.2281317620529535 0.7195278601304952 0.0550198361082721 0.8184469765507328 -0.010370734078946953 0.7040296531300017
4 0.18856446759332357 0.6560025126636445 0.18994299041708018 0.5912460853558185 0.2762568283475275 0.5930832539710092 0.27487884918400596 0.6578391462578382
4 0.3489850482709471 0.7677233278846544 0.452672713488937 0.6934575438533873 0.6235107304195253 0.9319277467571556 0.5198254230729162 1.0061906966460785
4 0.22821228790007808 0.5968736758767796 0.27478176642932794 0.5048089918454898 0.4822256966223222 0.6097300643440016 0.4356585376173143 0.701792763965085
4 0.28114468991134345 0.857120346985467 0.32272530894169904 0.7720020595390855 0.4409200963485773 0.8297285595711357 0.39934116361712313 0.9148454085080184
4 0.2586910487850673 1.0003563213841606 0.2570737182878702 0.8756554342767184 0.3898628003790918 0.873933493385669 0.3914824611148333 0.9986320260765529
4 0.7368371247733876 0.9427700380504388 0.6933386178919818 0.8811599970592556 0.8842751247558454 0.7463829732752384 0.9277730631786199 0.8079911320460873
4 0.9962602488269567 0.6553434398066447 1.0282887255483502 0.6884903132775629 0.9510481002749884 0.7631127997648557 0.9190200094711827 0.7299663095613551
4 0.7136410451445272 0.7342250169703315 0.7614206670322119 0.766071882148751 0.7061309704049563 0.8490065342284644 0.6583516552527726 0.8171600513196167
4 0.5274947781266519 0.6681948930692515 0.48828033683435024 0.6943345622479594 0.4271331966732532 0.6026132410920549 0.4663470123263096 0.576473858013234
4 0.658571000824054 0.8279393669864417 0.6189199345659517 0.8598749629431649 0.5327386666983784 0.7528924667650674 0.5723889037474237 0.7209573947892473
4 0.4801409636372682 0.5528631731618022 0.38381210221587025 0.5903219078078529 0.3239019033812838 0.43626649435081166 0.420228665160721 0.3988082114843946
4 0.34149727237536354 0.40872857733721185 0.2820008924005606 0.44839151695217294 0.19561274719455923 0.31880965045593 0.2551083789610402 0.2791470504851356
4 0.6563904584699003 0.3943603992525949 0.6978304040633247 0.439744359703475 0.6517038008187228 0.48185975907654227 0.6102640511849131 0.4364759875903483
4 0.46089341358481306 0.5140316917328257 0.3899025512442904 0.42276119687513414 0.6716943701994751 0.20359110320527574 0.7426842631754198 0.29485965801128644
4 0.999999979720883 0.25195298784710435 1.000000379043513 0.43750008926111456 0.9218747535783223 0.43749972630278455 0.9218751098356961 0.2519533830416894
4 0.731445307070544 -0.006835941578722783 0.7591796963658908 0.04863281482512538 0.7076171837155698 0.07441405373399544 0.6798828149119345 0.018945315150034253
4 0.7341511849216431 0.057525240164970334 0.8408429909690085 0.049622196610672 0.8557298860093852 0.2505955996799653 0.7490380871146272 0.25849860629483795
4 0.7012436861808737 0.24748238030163636 0.6819899572813028 0.21172595142450995 0.7234535271526283 0.18939943491295078 0.7427072608220442 0.22515580768184815
4 0.8368684491007343 0.1263532120611354 0.8118265881007574 0.08611723125771763 0.9839039722716052 -0.02097942383690693 1.0089458405847154 0.019256505603717458
4 0.9319021272623331 0.12999143853570305 0.9092655643572698 0.10069708832472876 0.9803057871519059 0.045802467925150046 1.0029423337604157 0.07509678198699288
4 0.6023437744938747 0.13339843066577478 0.5554687073482683 0.11777345737607317 0.5740234403712066 0.06210938571537675 0.6208984325388656 0.07773434549441421
4 0.47753912177836355 0.15820309207686153 0.4433592905492105 0.19238271394259523 0.4140623922833129 0.1630858360588373 0.4482421875 0.12890625000001504
4 0.282361651927431 0.13930773417586853 0.24572461509512777 0.08457818178099108 0.3990448985837247 -0.01805729180721618 0.43568189440600236 0.03667214068602539
4 0.23529220096816061 0.12417451625593484 0.31873704225836264 0.12856630193625387 0.31123208263591096 0.27116062736792357 0.22778724239447 0.26676886062106925
4 0.21985853200203564 0.24363946528267583 0.17275659709810043 0.27200759164503907 0.05074061882157821 0.06941589483522183 0.097842127084391 0.04104793533253031
4 -0.03522665801961011 0.14374357714986996 0.02001739019146953 0.10024014214112402 0.20113922158179776 0.33023917603246056 0.14589555902841767 0.3737421443711568
4 0.15330925772764203 0.37219581661195605 0.19366479556538252 0.33829934993206634 0.30940020895059206 0.47608151301459345 0.2690450353754841 0.5099775850715155
5 0 0 0.052734375 0 0.052734375 0.0947265625 0 0.0947265625
5 0.080078125 0.0009765610374099637 0.08007812604046194 0.023437500162884366 0.029296873982161742 0.023437499239113833 0.029296875 0.0009765625000337451
5 -0.0033765912094168016 0.10089243929279479 0.07453225764334093 0.04297384569396414 0.762326497404274 0.9680811143312504 0.684422161062912 1.0259940871512698
5 0.15715100647207692 0.9034895932119089 0.19014763513052912 0.9493039058315884 0.0698268248424938 1.0359356685922414 0.036831299108939675 0.9901223488154375
5 0.19041769718990054 0.9114164831528121 0.1728966878558822 0.890628907683128 0.3068950019330714 0.7777117989275308 0.3244157160153236 0.7984989019512728
5 0.3214845489504796 0.7837889798782136 0.31660097245821817 0.7691407501658547 0.3529292851261516 0.7570314229756222 0.3578128950756536 0.7716795864214906
5 0.36851708505230363 0.7630262452379832 0.3541103733422233 0.7406190701123628 0.44068284193906493 0.684966144659079 0.45508951254180374 0.707373061361693
5 0.18108810161629663 0.9340033659964004 0.15831110361114042 0.9199902495198132 0.18459929042387557 0.8772723154164707 0.20737604654516417 0.8912853344724866
5 0.41531503647104273 0.8597052375811034 0.45499934826216304 0.8554326997011211 0.47001772223143234 0.9948917187287017 0.4303334248388637 0.9991641719591278
5 0.3443041365106865 0.8206567399663324 0.3673672312343115 0.8362766115552013 0.33334356454429326 0.8865020869404043 0.31028056891864253 0.8708823380704
5 0.03515625 0.873046875 0.064453125 0.873046875 0.064453125 1 0.03515625 1
5 0.09994305686518601 0.7870377163238789 0.0838399072873699 0.7669121174362178 0.13004848356990806 0.7299456309564896 0.1461515630477379 0.7500710934692095
5 0.24609380325466645 0.6630857777543808 0.22929509807852355 0.7134759003671355 0.17538937221411288 0.6955074297966555 0.19218822910886502 0.645117601512879
5 0.27629099080115793 0.6476183073112141 0.2578017464668392 0.6212879552960234 0.312802118982745 0.5826710948451785 0.3312913149201222 0.6090012794669671
5 0.023321694113633384 0.7983674054123453 0.03924692338478053 0.78472005589977 0.07061258089504463 0.8213137315777407 0.05468742729669884 0.8349609998039144
5 0.2125506095288756 0.061429613480218845 0.1946419316589072 0.03934222863977383 0.2692007257746809 -0.021110785900451456 0.28710939464792773 0.0009765867324184427
5 0.2431618915099989 0.15075133552885586 0.2033455971350122 0.16751604878170243 0.15762868817819253 0.058938411326996704 0.19744484727107192 0.042173730872512034
5 0.319916475240575 0.18107840952430462 0.272605420486002 0.14842720805522208 0.34297476527251547 0.04646379471043433 0.39028567800278324 0.0791149273950744
5 0.3010827451619207 0.16658579295563503 0.3257210237053414 0.1592610083184996 0.3519780306417033 0.24758031510637135 0.3273397612475719 0.2549050784226637
5 0.6787109324309313 0.025390618371160762 0.6930139638037645 0.044094558598666934 0.6285650923128969 0.09337897798001094 0.6142620753853407 0.07467505123090423
5 0.8657459712476339 0.17452719585856874 0.8309028924320501 0.14193213855721484 0.9141666085947691 0.052926304112290344 0.9490096068871026 0.0855212929635939
5 0.9350486515625107 0.0750623687500256 0.9252632778850511 0.059795090720785114 0.9906097680722041 0.01791209851816373 1.0003951378845386 0.033179364710091294
5 0.9839460879784383 0.25385147582473866 0.93483913376906 0.2918393703178265 0.8707765270352184 0.20902686664664308 0.9198832310178204 0.1710391201811627
5 0.7046461169898066 0.7180244146482005 0.6806254790916455 0.7362775495686158 0.5480802133233738 0.561873656300941 0.5721001463666653 0.5436209233382768
5 0.8493647782199787 0.624335262168987 0.8328017048731908 0.6003692277292343 0.999755230179062 0.48499739441736855 1.0163181835248452 0.5089630024434655
5 0.7877796217380819 0.6334214422776245 0.8083675172050562 0.6590816069317852 0.7061807159543605 0.7410566516299896 0.6855931986758605 0.7153968378113914
5 0.6918426477408275 0.7225331955348289 0.7184142445278212 0.7373699249557328 0.668129136566904 0.8274110015825016 0.6415576694615766 0.8125744521077737
5 1.0000015309944956 0.8798828125 0.8906243245107817 0.8798828125 0.8906261458981817 0.732421875 0.9999994293666532 0.732421875
5 0.9863280681058768 0.9052734762683838 0.9863281421837655 0.8593749903327348 0.9999999997959321 0.859375035601187 1.0000000099827275 0.9052734374999387
5 0.7324309818302481 0.9816761536627866 0.7274489540033073 0.8553904939675507 0.8945250135413971 0.8488007747610811 0.8995098761914733 0.9750834455592133
5 -0.0037105021156094153 0.4690155122445114 0.03066837156075053 0.4436857362307774 0.09529694160812596 0.5313966172105576 0.06091824796487799 0.5567261830919168
5 0.05175718464329293 0.5683584300704079 0.08593897031391862 0.5341805152303853 0.14843902110101226 0.5966814705399017 0.11425750600096762 0.6308591156285798
4 0.8672320508619578 0.16743752488802366 0.8904983478897748 0.13405583859354295 0.9418855106885076 0.16987127986812592 0.9186192742798767 0.20325291209926807
4 0.06048881889819313 0.05268075051086615 0.04388774663141248 0.02979817949318132 0.10561044538371789 -0.01498100566020653 0.12221151619985449 0.007901560125686505
4 0.14949448716379266 0.02643612128227322 0.11738281097882464 0.02890625008007156 0.115234375 0.0009765624999964528 0.14734604769273574 -0.0014935661685809116
4 0.838477517797287 0.6130861290887163 0.7856628252778819 0.6526934317548613 0.6819529566922711 0.5144131447161423 0.734766600637613 0.47480642228968417
4 0.852538405508767 0.6210941307614404 0.8837906614011217 0.6523421630562772 0.835938578467335 0.7001941222493704 0.8046865350886492 0.668946302732008
4 0.5560650839439631 0.537202907556289 0.5826757558292002 0.608156876266993 0.5328038083713409 0.626858641878982 0.5061935307229533 0.5559050068375379
4 0.9673936948306618 0.9035632914085143 1.0124770759540525 0.9135790123692692 0.9923717523912501 1.0040536534967777 0.9472884141500799 0.9940380672146457
4 0.8417649437030832 0.3785883114442378 0.9345657420146836 0.3202601814489922 1.0279579833177195 0.4688414486690218 0.9351577210311461 0.5271689050694598