1 0 0.29296875 0.166015625 0.29296875 0.166015625 0.580078125 0 0.580078125
4 0.214843743005531 -2.39416894665599e-8 0.2148437599320232 0.07031250456720654 0.12207029288060767 0.07031248646497117 0.1220703125 -1.2579342246022698e-14
4 0.7842193300067493 0.166437032367786 0.8583389454728376 0.17173121594115884 0.8514236997120861 0.2685447393147219 0.7773040866892416 0.2632505728669257
4 0.781626844072207 0.5108774996267287 0.787139026290447 0.4557641585739038 0.9174759285850769 0.46879847211377856 0.911964332279922 0.5239112775792905
4 0.91015625 0.400390625 1 0.400390625 1 0.53515625 0.91015625 0.53515625
4 0.06502821742822107 0.6751493794534889 0.015394800325452707 0.6875563023731557 -0.018094879397153818 0.5535954888793563 0.03153728105803566 0.5411887327901178
4 0.09084481437355407 0.6915135387433212 0.06324203959673014 0.7137711430550394 -0.007291551352977876 0.6263100250811613 0.020310835952159323 0.6040526657645828
4 0.23332125932245162 0.3175854472334091 0.21922957352364847 0.3799910264264926 0.11504062075687216 0.35646471336722163 0.12913254508384853 0.29405947580609276
4 0.24218798965296173 0.6787109375 0.1484372492664079 0.6787109375 0.148438834239073 0.5058593749999999 0.24218663547003416 0.5058593749999999
4 0.2675506991694192 0.8330774069419314 0.1995157668259253 0.8600868176108731 0.13398951701844908 0.6950571126927776 0.2020219293099217 0.668048263648078
4 0.14161105303696786 0.8390752037820589 0.289710512212082 0.818753024828364 0.314453125 0.9990234374999973 0.16635378261207734 1.019345099082548
4 0.5078125 0.8125 0.583984375 0.8125 0.583984375 0.8916015625 0.5078125 0.8916015625
4 0.5765727810606904 0.928239619130614 0.49282677201154 0.9183894334348578 0.505999954205663 0.8064287017024143 0.5897434851358412 0.816278739779267
4 0.6377882212502755 0.8837043139195198 0.600134727726072 0.881993162184521 0.6034050795143457 0.8100536711568387 0.6410578742827511 0.8117648069854958
4 0.5427348893201724 0.7349132047398202 0.5536411293339825 0.7857990181009308 0.5136258594426408 0.7943736392601395 0.5027198975139981 0.7434880682845715
4 0.45354947214991626 0.4691271806329178 0.3849674784852368 0.4731611749018148 0.38110870752393566 0.4075563846544862 0.44969009660155734 0.40352240829271957
4 0.4550781426684125 0.26074219515622443 0.40744656605966156 0.24010210930047882 0.44705285247573556 0.14870342831447628 0.4946841879013846 0.16934345589674346
4 0.4853515563374913 0.13476562321088245 0.5033064495887629 0.13997829529605535 0.49374138506948384 0.17292464154718776 0.4757864935214684 0.16771197365675228
4 0.876953125 0.05859375 0.916015625 0.05859375 0.916015625 0.0986328125 0.876953125 0.0986328125
4 0.4639742639708402 0.06351668705555336 0.38127406697276456 0.10110766612961072 0.33558972296714273 0.0006019724533234964 0.4182897820269318 -0.03698896310860625
4 0.34685540570410467 -0.03787673050599842 0.47742675982351557 0.01850610660558045 0.36382069377043535 0.28159360783804055 0.23324955114981094 0.2252110901722079
2 0.09187772333450539 0.14453796834930407 0.04483425676926345 0.08894126703105401 0.10909885288276655 0.03456360351650863 0.15614227776381995 0.09016023739730575
2 0.18347194632826813 0.1975686421912825 0.14869478030732353 0.2442694855999369 -0.012043720937072067 0.12457141013472431 0.022733364695113778 0.0778707877256152
2 0.2563230374429395 0.1752897866269973 0.1717043722243261 0.06578335164059199 0.30433504493043984 -0.036703754823548415 0.3889536145358079 0.07280245888667915
2 0.2049286864212263 0.006728201819829126 0.24076262402002158 -0.012041953004753156 0.2559393067399469 0.016931719683752185 0.22010537015762566 0.03570187324664069
2 0.6489177759524409 0.04647476990297321 0.682024846089007 0.04948449974235727 0.679351306570311 0.07889343992308491 0.6462442365005927 0.07588371092922466
2 0.6914934055934054 0.015054808324869225 0.7556990267484025 0.029986313159380454 0.7253148689813997 0.16063821904291029 0.6611092559257941 0.1457067413886379
2 0.535107208282966 0.0073624493518396564 0.6794229310626179 0.038630743971625595 0.6440620165398059 0.2018351009939988 0.4997463131265931 0.17056688816456272
2 0.639648437479309 -2.336403491072706e-9 0.6398026088004372 0.017421201497706627 0.5294510435401207 0.018397763077534473 0.529296875 0.0009765624999914179
2 0.47704487497458103 0.19162441629758784 0.5012525055418564 0.15358452822245594 0.5777115538525095 0.20224061334076526 0.5535040422033717 0.24028039664335926
2 0.6382933276304357 0.28589144112126286 0.5910041321412791 0.3602019870587588 0.42974476075232815 0.2575825935001883 0.47703386668763414 0.18327264649973327
2 0.7000271023322284 0.37883868915608304 0.680629982362575 0.4273300111553602 0.5880248003307997 0.3902881153842281 0.6074220280039526 0.34179707438677354
2 0.6343693163948956 0.34892707599553957 0.6403242914050224 0.28580946397542534 0.7054139375860586 0.2919503173614574 0.6994591809660733 0.3550677266016744
2 0.7181665195886353 0.2897529534706418 0.6147518057865682 0.28734799704244707 0.6174402421403329 0.1717673470576999 0.7208540752507133 0.17417229292341707
2 0.8413007005735835 -0.0024522096822603935 0.9075699093335743 0.007942945707363978 0.8885179727408286 0.1293990934715019 0.822248766597454 0.11900394988229304
2 1.0000001507839897 0.13378906123290873 0.902974219563248 0.1346044043172324 0.9019977644012442 0.01839346700834018 0.9990234375 0.017578125000000173
2 0.8882192687437964 0.13981517596183118 1.0095512417116197 0.15329626549456823 0.9783963972844276 0.4336887680626146 0.8570644423997464 0.4202078468153012
2 0.9008119849920604 0.23921809228068075 0.898839046187959 0.26683948230107524 0.8491483493897931 0.2632901751026596 0.8511213366791708 0.2356688377401763
2 0.32530644708720047 0.42805132301881527 0.2744559218288032 0.4132205285941442 0.3033640670079194 0.31410824583728786 0.3542140437986063 0.3289389558318529
2 0.3524768005657961 0.33226402222389584 0.39255400589854617 0.3315847760160745 0.3936433099927399 0.39585392912528355 0.3535661047577605 0.3965331729110022
2 0.3945845938835646 0.34903877279642465 0.41812880357247195 0.3498506050584388 0.41589037163703324 0.414765312141652 0.3923461620971693 0.4139534829532727
2 0.439212985959216 0.40067877548564557 0.4948610681652781 0.3956201306404325 0.5016009437003959 0.4697586910811258 0.4459528648731066 0.47481731103527514
2 0.42101075444657 0.3721920322517282 0.4473748253329859 0.3732465462576698 0.4461736252416131 0.40327658765543817 0.41980955446001644 0.40222207552118255
2 0.2914092961757433 0.47662078350821707 0.29080759284374835 0.43026062237435725 0.382512826933862 0.4290702681067771 0.38311481915832246 0.4754301399917489
2 0.39375191726423964 0.4756633094918309 0.39525000258242926 0.5280763408066519 0.28914216420469074 0.5311082949617932 0.287644517463832 0.478695692673269
2 0.3671875 0.52734375 0.396484375 0.52734375 0.396484375 0.5830078125 0.3671875 0.5830078125
2 0.3946287007316869 0.49813823397882534 0.39368464674828374 0.4688718033966089 0.42679025329766773 0.46780399028287256 0.4277343761789325 0.49707034904543174
2 0.4281639235756529 0.5449999886276934 0.42746102536727903 0.5049218598162938 0.49168872472012026 0.5037954557049477 0.49239182494318356 0.5438733786357723
2 0.36878461772550963 0.5398807072266588 0.36697616527305854 0.588714492602154 0.28895814709574097 0.5858251355819689 0.2907669137899802 0.5369916777978442
2 0.2958773687590792 0.634912601490608 0.2947541896775192 0.5899699628796559 0.38405382066025595 0.5877383583274964 0.38517736465826147 0.6326806197646335
2 0.402378582353208 0.628940291274614 0.4016524850422911 0.5671604718524365 0.4996162848874519 0.5660090212765403 0.5003429272125004 0.6277882921823372
2 0.38841892280299817 0.6402927868637867 0.38901754415337564 0.6803670124796697 0.3008256300922767 0.6816837018864603 0.30022737015326584 0.641609834160798
2 0.4004971600410272 0.7093125924359792 0.39259140494004896 0.6413269510144988 0.4945015278236724 0.6294776876435937 0.5024078984636162 0.6974626167036841
2 0.3971410566409759 0.6787634613561045 0.41482851390730957 0.7848658992576393 0.3065106707980476 0.80291817717864 0.28882469231098185 0.6968170499897159
2 0.5105927642645156 0.7844065046831183 0.44824201997425916 0.7968745316735126 0.43494587801103535 0.7303917403905957 0.4972956738723724 0.7179238111640639
2 0.31489513159078797 0.7962756400023079 0.4083887436790974 0.7851855333369279 0.4161657549747133 0.8507353312956869 0.3226721585313044 0.8618253459080142
2 0.33278224083005625 0.8660596232958682 0.4432099581699731 0.8439792374481667 0.45387693126792783 0.8973143300193375 0.3434492628347243 0.9193945543120555
2 0.45703125 0.791015625 0.515625 0.791015625 0.515625 0.880859375 0.45703125 0.880859375
2 0.4343713294325653 0.9212664499830796 0.4563275876056423 0.9638745546682994 0.3739597500136824 1.0063063961855594 0.35200416965244585 0.9636988722284616
2 0.5115555473115592 0.9039966248096106 0.5210283800759044 0.9297010503257584 0.4616527188263717 0.9515765824869521 0.45218015731700234 0.9258723870273483
2 0.4400153314262525 0.9702187104878431 0.4691136012476136 0.9583673848999215 0.48521379015824095 0.9978863325753531 0.45611556255198593 1.0097375824877162
2 0.5478957141626779 0.9475995758170118 0.5407497705407422 0.8928247116248723 0.6209918259903588 0.8823588570684711 0.6281382915391305 0.9371331013807263
2 0.6096794969570283 0.9741921873011811 0.6067494638932658 1.0064191583804998 0.5192265039446511 0.9984631882609656 0.5221569186396664 0.9662366402372172
2 0.6504844030822596 0.7205048453757229 0.5638508255589159 0.7136661481818263 0.581807960291485 0.4862334088265507 0.6684379131824016 0.49307196206056175
2 0.980743163643524 0.6239382056909727 0.9715533447807729 0.6968090022178132 0.736516729728919 0.6671689372919594 0.7457079827771622 0.5942998717402308
2 0.836916133521072 0.7460922750052352 0.8086883372674265 1.000119439592885 0.700432371462739 0.9880903261562981 0.7286633621596366 0.7340668377013312
2 0.9094507208385494 0.8107681328873348 0.8446684533824964 0.804291139255275 0.8490584896049995 0.7603943746579438 0.9138400772952764 0.7668713340194281
2 0.9130859308476147 0.7578124989498183 0.9377587649207726 0.7617075027016064 0.93359375 0.7880859375000043 0.9089209187530969 0.7841909459965326
2 0.8381142842938516 0.8897513816339947 0.8492395537681432 0.830435273296837 0.9322585396532759 0.8460025764317831 0.9211340217427733 0.9053180243792407
2 0.875 0.91015625 0.9296875 0.91015625 0.9296875 0.96484375 0.875 0.96484375
2 0.8744459250831369 0.961332798167283 0.8503746455398868 0.9573220056339815 0.8550728510614363 0.9291333833626848 0.8791439364616735 0.9331441593787568
2 0.8417969019435532 0.8720703188382728 0.8274267508815001 0.8686898494366369 0.8352393459567793 0.8354867330275029 0.849609375 0.8388671874999952
2 0.747012263247484 0.7320255154314346 0.8351931237423287 0.7408420280683716 0.8297978645140347 0.7947947723601141 0.7416170120590095 0.7859783153019856
2 0.0009765274777464583 0.7109374998813095 0.11993040561412727 0.711340635311622 0.11895387791378198 0.9994265577202589 0 0.9990234375
5 -0.01456265006186186 0.6493868731221323 0.04292919785598315 0.624195873759065 0.19961885308680394 0.9817328541490985 0.1421277170062467 1.0069226310944153
5 0.12035153255499154 0.6676560230283672 0.13183594377721874 0.6660156241033798 0.13523438766344498 0.6898047752265123 0.1237499773012587 0.691445170072978
5 0.15770214936162574 0.8244144198863786 0.13950385784539776 0.8285876241517536 0.11168503586395673 0.7072981424038103 0.1298828125 0.7031250000000011
5 0.3371242394633782 0.9982678458912443 0.27900306214939974 1.0045004781983136 0.2051339040840503 0.3157406223651658 0.2632462746209967 0.30950849531653996
5 0.41780037918022117 0.21606131704366985 0.30590926295519694 0.3954172359668857 -0.017755415200326752 0.19349967465396245 0.0941350373111618 0.014146468442168587
5 0.001953125 0.06542968750001597 -0.015473350516344908 0.05127067034078858 0.03635341769393108 -0.012516076457788843 0.05377988949578594 0.0016429382692997167
5 0.080078125 0.000976562500028162 0.0908374639966496 -0.017267531515332897 0.13211890262812176 0.007077935979814423 0.12135956417739635 0.025322029347931454
5 0.41965796858403337 0.2083772804027549 0.40450794707896875 0.19755591927838254 0.44449427870608815 0.14157520124122486 0.4596442614360967 0.1523965426094958
5 0.4748109449366211 -0.00327733640578365 0.505027650881857 0.002118493991098771 0.4815551601907373 0.1335645257027667 0.45133845579664467 0.1281687028146502
5 0.5509823399050902 0.7371605856641035 0.5301739901512974 0.737890625369728 0.520745020989807 0.4691528281431192 0.5415523253602714 0.46842280700515154
5 0.6580137978464791 0.8885789573564632 0.6841862916327273 0.8921879933587171 0.6711367285005281 0.9867978097939083 0.6449642447985298 0.9831888229802893
5 0.6860749452746404 0.8610901153575066 0.6540855098693328 0.8557595323116228 0.7058434555768827 0.5452124454518771 0.7378308505237783 0.5505428588027842
5 0.9799446259161186 0.7359593403034284 0.9754982385369431 0.7659729295308223 0.7303711460407385 0.7296604178160346 0.7348182147821944 0.6996476517497747
5 0.994848706623543 0.6478698691803771 1.0322662972488388 0.6529574706731867 0.9844726534425945 1.0043948698381169 0.9470551075677349 0.9993074994075166
5 1.010035335113571 0.549097335591994 0.9955641898775411 0.6205283874037534 0.6722219782342336 0.5550223034294718 0.6866946297957384 0.4835930718953551
5 0.7668715251877529 0.15834979425419854 0.7880626055952007 0.16084283595198506 0.7819299333756362 0.21297059251175943 0.7607388536167718 0.2104775544962564
5 0.7892039744488102 -0.0028614630518110705 0.8123117491115863 0.00010106535785210691 0.7937911884829418 0.14456156277256088 0.7706834145852781 0.14159903935210585
5 0.7468297295323509 0.4533433514409983 0.7231817987367322 0.45003782258037267 0.763641010639617 0.1606034883749693 0.7872883266949202 0.16390897463816181
5 0.803037326179151 0.2663605952308365 0.8755602199421446 0.278120671640777 0.8503878487121028 0.43335016339736004 0.7778649777577584 0.4215901849624246
5 0.8449494754885336 0.1711199855431383 0.8215949443587078 0.11160353498703773 0.922459973686955 0.07202384702940555 0.9458145438512702 0.1315401548503309
5 0.6220068863095776 0.43386615276570767 0.5824629423266288 0.4813167173616745 0.40591356893162356 0.33419134950239554 0.4454570793777748 0.28674146375863047
5 0.3652817675422284 0.2682753733357002 0.4184657426958438 0.22287564300105359 0.47054677512949183 0.28388527469516145 0.41736294364818605 0.3292848516013156
5 0.7124875266570143 0.5065607282414045 0.6930894657768931 0.5328408055819931 0.5730970391084611 0.4442766085950983 0.5924949958341585 0.4179968123205157