5 0.8939521308981284 0.3321209800880837 0.9220566221040372 0.343570513411066 0.9082308144634226 0.3775066015380683 0.880126335877776 0.36605709087543
5 0.9152603460711362 -0.007888120676819604 0.9895477668972035 0.002150655564334523 0.9449299090043723 0.3323225741980904 0.8706425061228629 0.32228388264876723
5 0.5796998849817783 0.303462511906604 0.565939300816467 0.3943018569167776 -0.01200073554048231 0.30674705826606147 0.0017618608502516508 0.21591017530971707
5 0.5886344976566988 0.3905853509991963 0.6034419744576098 0.29928817973719496 1.0139915090223894 0.3658698228094411 0.9991865318320379 0.45716469129617626
5 0.8896484375 0.48828125000001127 0.913608449336607 0.4829652820211327 0.9896726621793732 0.8257596049164072 0.9657127112162698 0.8310753849495993
5 0.13866220856129985 0.4051766982752683 0.15374575836528948 0.4036684282959663 0.15799040778733797 0.4461150319878133 0.1429068586151061 0.44762329779338206
5 0.1600800796384192 0.6264590613622173 0.11766052254949955 0.6211152046483799 0.15198571686880769 0.34867250129577854 0.19440356837492345 0.3540162494182503
5 0.15631434237786834 0.8115227382301009 0.11564233647800393 0.8119647596305754 0.11361535888806884 0.6253890665633048 0.15428568124491449 0.6249470543942727
5 0.4787933076063382 1.0224944230531192 0.3100776857949086 0.9983985371352663 0.3341825020344231 0.8296907875968944 0.5028900673933094 0.85378608674414
5 0.303427262707487 1.005577881951553 0.25981692611401286 0.9971936495946546 0.27457043544268345 0.9204786965357713 0.31817980328810336 0.9288628333662938
5 0.3046875260292836 0.8583984054857375 0.2945918061838029 0.870734901998158 0.2812974396932759 0.8598577158323705 0.2913931441345312 0.8475212470146158
5 0.3557736743617852 0.8415716276822753 0.36801842073214175 0.8795200499239842 0.2792806089236137 0.9081454688329513 0.26703641704534675 0.8701975185735598
5 0.302798729711526 1.0068496021684892 0.260476290747647 0.9966366229553834 0.28287400523731776 0.9038496637789163 0.3251953125 0.9140625000000115
5 0.3431312250487508 0.9078253653282666 0.27859421589243993 0.9067064373738555 0.28214600778994736 0.7020061014389868 0.3466796875 0.7031250000000001
5 0.37109367920459135 0.6083985453604851 0.40940519021546606 0.6160598853460223 0.3967098818724253 0.679536536771655 0.35839838495110143 0.6718752452792132
5 0.3326038314411335 0.37112709166455005 0.4331209879354674 0.33846141247994344 0.4961229225779107 0.532317222375987 0.3956060080088264 0.5649824316426305
5 0.6569703745627749 0.3975727196709105 0.6817147502306398 0.38225570559642197 0.7307890612895562 0.46153015907941153 0.7060447569651842 0.4768470796126519
5 0.8263344318000918 0.5964660554674887 0.8053983422364581 0.6107893894388058 0.760605321409912 0.54532279338493 0.781541201275445 0.5309995590547583
5 0.9433599999504167 0.7685542501002306 0.9295952298693919 0.778188135453837 0.8697231730144495 0.6926575820290469 0.8834877186521908 0.6830238073159329
2 0.04773438142933628 0.0867577478387022 0.037656273047673494 0.1573046861893306 -0.009101595462311707 0.15062499836506468 0.0009765625 0.08007812499997048
2 -0.000009668939583207248 0.0008798731001716608 0.0087890625 5.41843519708311e-15 0.010751856387287262 0.01962793943098775 0.0019531249542978912 0.020507812504568873
2 0.0632535217429222 0.028245498072470517 0.11322892627072179 0.03459155738679245 0.09580240444290666 0.1718255803313929 0.045827002698274555 0.16547953442938412
2 0.027326469472541248 0.08326707511143978 0.006974209124564368 0.08191025997074647 0.00801991211915265 0.06622476523660105 0.02837216529133002 0.06758158013928278
2 0.09894365438833574 -0.0016785475766932947 0.11642852685110938 0.0015593914962249785 0.11098878893483288 0.030933977013438495 0.09350391653799761 0.027696038159654383
2 0.12058190247125822 0.08524380398907215 0.0977909419310663 0.08334455981545973 0.1005455308488763 0.05028960201270894 0.12333647562422811 0.05218884551915797
2 0.12599017436536997 0.06436566088840535 0.17301155041752736 0.07169922920695884 0.15579614771809247 0.18208048660600884 0.10877477544136127 0.1747469341787593
2 0.16308593629457846 0.050781249758911094 0.18524639469205795 0.05521333528927748 0.18036358304811984 0.07962739692499939 0.158203125 0.07519531249999152
2 0.2323742062595784 0.09320208442191977 0.22201315886866269 0.18645198360291673 0.16863564825621324 0.18052114413649986 0.17899678750495696 0.08727135503860359
2 0.17705829846556753 0.11177884045072346 0.16128305110510155 0.10862379979003764 0.1666165914166413 0.08195613565181643 0.1823918265320117 0.08511117505393094
2 0.2161764453634305 0.07994024770551476 0.22215074671794355 0.05305605078800484 0.30507812321377514 0.07148441767861233 0.29910385236053116 0.09836858778603427
2 0.2791011766846623 -0.0000173531010743722 0.279467508639641 0.016467562264675346 0.23474133096374317 0.017461476896628015 0.234375 0.0009765624999542126
2 0.2294682541551083 0.20138617530351333 0.2377098250091194 0.1272149118853392 0.3551829564488571 0.14026782190677584 0.3469416369432565 0.21443885484893815
2 0.3668359465696085 0.14601561903459806 0.350156240094293 0.14363281543425113 0.354570314485386 0.1127343776036027 0.37125000071500835 0.11511717973429014
2 0.3681640369576371 0.15039062045142285 0.4140909253580958 0.15856928292586625 0.3999686204126647 0.23787155308236443 0.35404173727010857 0.22969291019209073
2 0.5370302503142739 0.09520165361674451 0.45563236603300084 0.08163534357101467 0.47133661320890496 -0.01258973574800805 0.552734375 0.000976562499995392
2 0.45652004298187876 0.062467220008904305 0.43751310956997713 0.075772070801304 0.40122299337588174 0.023929060483308413 0.42022991654391717 0.010624214623404264
2 0.4677734374939746 -3.2207338926299734e-10 0.4679757008633487 0.010719945486836985 0.4162178878929126 0.011696507845871817 0.416015625 0.0009765625000152992
2 0.3302159974685992 0.05113740566871756 0.3130284925741762 0.062074905376986796 0.28994715107103275 0.02580422643195412 0.30713464979055516 0.014866729288151274
2 0.21972656249670308 -8.156142521003562e-11 0.22000424326597567 0.0069420177852316306 0.1955901806629754 0.007918580259868482 0.1953125 0.000976562500046866
2 0.6357421874812417 -5.454669495461109e-10 0.6364960666940078 0.021862474152640535 0.6058886019718557 0.022917903488821792 0.605134724001914 0.001055429863294164
2 0.7151627661539806 -0.011597598946807747 0.772637562813884 0.0523531233227621 0.6623922527029436 0.1514342630017495 0.6049175395243083 0.08748363003491372
2 0.6986478409235133 0.05046574559204278 0.660426677025157 0.04568810105292737 0.6653996412820788 0.005904447468475582 0.7036207927135365 0.010682091237973467
2 0.7880273830255646 0.0010328487010870622 0.7869847725705768 0.05420635111869854 0.7261931890006963 0.05301435402019289 0.7272358139645121 -0.0001591297953969083
2 0.789415060263309 -0.0019780842715514447 0.8405051914249952 0.00006552012967436205 0.8378531851803928 0.06636568919695322 0.7867630540355322 0.06432208548279426
2 0.8503607513315501 0.0054319853440615426 0.8939407155260142 0.009940254361474629 0.8857238052595449 0.0893704000746006 0.8421438413305395 0.08486213360153805
2 0.830078125 0.0888671875 0.890625 0.0888671875 0.890625 0.17578125 0.830078125 0.17578125
2 0.6846690174575087 0.22108403179534075 0.6607613553031797 0.27441590231936186 0.6066442387901816 0.2501565475497202 0.6305519321101656 0.19682479110411333
2 0.6890904800503677 0.21232393041836586 0.7432554583286901 0.2197581990107925 0.735227761913734 0.2782457739358801 0.6810627874157262 0.2708115217785784
2 0.8746243612206399 0.21101247437579537 0.8637169956833759 0.2982722332025979 0.7449668567131766 0.28342847399661353 0.7558745584578901 0.19616911911339108
2 1.0000000497173005 0.2060546869413825 0.978693868498226 0.20629408051566614 0.977717352240802 0.11938001801950274 0.9990234375 0.11914062500000032
2 1.0000001417569138 0.3212890625 0.9648437414227828 0.3212890625 0.9648438972410531 0.21484374999999994 0.9999999931848151 0.21484374999999994
2 0.19931907898717327 0.34574047636741856 0.31900035704029506 0.3639518439289141 0.30053246623708674 0.4853128480486823 0.18085121375156632 0.4671016212914953
2 0.3231804977056072 0.39811235382081506 0.4137341193172688 0.444825151771884 0.2211675627462455 0.8180779169663561 0.13061511718774454 0.7713669362783493
2 0.305477467696619 0.7530438861220758 0.2405284311921605 0.7191623697435315 0.3247026004781901 0.5578288189276426 0.38964968241566567 0.5917097158598543
2 0.5111764154914908 0.8436624943076838 0.35582669292546143 0.820690740139005 0.4191601578047539 0.39250123007479565 0.5744978519384176 0.41547209852094685
2 0.30122876118400654 0.8118755104609168 0.2634783085674144 0.8596843485135153 0.17019656950265016 0.7860416937930679 0.20794667819802726 0.7382335511790717
2 0.0009765557604168862 0.7871093748817863 0.045302282351372014 0.7878868575514053 0.04378305466082111 0.874483072481799 -0.0005426717146974624 0.8737055983367511
2 0.08060434355093093 0.7424878900265537 0.07256531508039643 0.7826770880523147 0.030122355120738575 0.774188551834615 0.03816153252580534 0.7339995551543103
2 0.10425804608610179 0.7399213727863907 0.06597650391347543 0.7344533949292861 0.07578152875078104 0.6658209325703519 0.11406250787786121 0.6712888694305861
2 0.00023306697539737797 1.0000039616747922 -0.00042848131386108435 0.8752668508253738 0.27119118761152095 0.8738241187829692 0.27185753806486446 0.9985563772794388
2 0.28699048164685337 0.8278430031454637 0.297998935083001 0.8359140426037921 0.24124495635783205 0.913305693544308 0.23023659099635552 0.9052347564978741
2 0.13631028831412095 0.5227319763596011 0.12599512325141404 0.5887477018841715 0.005463682784238699 0.5699150171504941 0.015779388397618277 0.5038999515266225
4 0 0.017578125 0.0654296875 0.017578125 0.0654296875 0.0654296875 0 0.0654296875
4 0.09667968749181455 -1.886375815468512e-10 0.09730984690611422 0.014493661549831404 0.07484890902344432 0.01547022388487181 0.07421875 0.000976562500049244
4 0.15917968797714366 0.04882811975188213 0.15743468697462504 0.0680231798629932 0.12591252492347849 0.06515753190453902 0.12765753067435526 0.045962476992674306
4 0.24218749415717866 -1.2348394719282608e-8 0.24218750914792508 0.05468749923734066 0.11328124169403964 0.05468748490568364 0.11328125623731466 2.5044205240602286e-9
4 0.35396458919490215 0.08854125942173917 0.2948031912009128 0.12823181177236223 0.22621979496864242 0.026003750946189372 0.28538110802401206 -0.013686764081849136
4 0.10513936400570856 0.20664986467534113 0.10705327522180141 0.18049410594738866 0.15462625395798568 0.18397513912775892 0.1527123822811518 0.21013086070030293
4 0.258100690942797 0.23266202156789378 0.22411306610899828 0.23575176126385022 0.22119942935330528 0.20370129658411842 0.25518698186442634 0.20061156019599888
4 0.2834455812668466 0.19216721745353413 0.2809267734792229 0.2349878618502939 0.2220770397512979 0.23152613628568924 0.22459592382847404 0.18870557282943093
4 0.42825164609803323 0.22403929381259147 0.4349801054186173 0.28010705476733705 0.34417829471090045 0.2910033013125746 0.33745005697574015 0.23493574156994296
4 0.46191197759696934 0.21140492736847585 0.5133056617786451 0.2545747837018393 0.4747139569310548 0.30051717279949086 0.4233203662353162 0.2573474176012442
4 0.3924491248847062 0.1523067499757741 0.43108797516470077 0.13084096959475197 0.47171655553074743 0.20397264781694738 0.43307774112747666 0.2254383787180355
4 0.3473360543493982 0.21543599244376865 0.3449186833565818 0.2420273981611579 0.2845158686280911 0.236536301378827 0.28693328950066643 0.20994495161947838
4 0.3126953008339797 0.09824214384302982 0.30931439501182467 0.1388133027552977 0.24708377540423498 0.1336274248577531 0.2504647220099514 0.09305631211174481
4 0.33343749805385414 0.09660156626992396 0.3520312498749263 0.09925780626896599 0.34867187659290266 0.12277342643985814 0.330078125 0.12011718749999821
4 0.5897535753268812 0.12466944459657449 0.6091046633389396 0.09080528422336118 0.6621093771785809 0.12109378410878259 0.642758334093628 0.15495790547162783
4 0.6150372537194926 0.13978160972956066 0.6290339503219684 0.1897689368919376 0.5198587472103782 0.2203379761350725 0.5058622287458547 0.1703507992500864
4 0.5394910101556434 0.24253797664369614 0.5375539475054438 0.17473611197561734 0.6044077535178758 0.17282615431843606 0.6063449555720126 0.2406278763361502
4 0.6835145108277629 0.16063134301446702 0.7093804465067706 0.19684323021954123 0.6716903151606175 0.22376470796239725 0.6458244342181843 0.18755287002251614
4 0.7226803153256469 0.18222353508329173 0.6832451357162199 0.16830533256775473 0.700336536972145 0.11987987175023909 0.7397716325619967 0.13379805806209083
4 0.7760797418052334 0.13161115443450577 0.8345629389236819 0.13415387926683917 0.8312315742158489 0.21077534479074644 0.7727483773884387 0.20823262500718656
4 0.8837590119468359 0.14770132778847703 0.9114032470462234 0.1511568288737702 0.9077674306359995 0.18024336736016158 0.8801231959989764 0.17678786880390476
4 0.8942554947082044 0.18229536309132466 0.8900391072555749 0.23710936292529952 0.8305951030794176 0.23253678370810152 0.8348115843567712 0.1777228866378734
4 0.9003906504239012 0.2568359375 0.8710937374981995 0.2568359375 0.8710937697944701 0.2265625 0.900390617584776 0.2265625
4 0.7226111690971493 0.061884021656839615 0.7805438662832103 0.06912558493196022 0.772220555671538 0.13571211883019826 0.7142878593261912 0.12847056272302113
4 1.0001026767190524 0.12194841392919668 0.9631862540687735 0.1222751076203498 0.9621071248748194 0.00032669312710644085 0.9990234375 4.472655020808071e-16
4 0.9124148784898125 0.0010208401384325788 0.9110720182765135 0.06950708095429342 0.8590086843494191 0.06848622140060567 0.8603515625 -1.8083192729961518e-14
4 0.9628266000172516 0.21316278135072572 0.9602010712159199 0.18428214121226488 0.9781634189439501 0.18264921420343289 0.980788961872463 0.21152983842067127
4 1.0037110111976517 0.31484370663352856 0.9997656197831475 0.3424609423577847 0.9480858967154973 0.3350781178598954 0.9520313471857662 0.3074609525300422
4 0.9809346338696514 0.354086388394564 0.9707931580235254 0.3912709288845901 0.9126199463895546 0.37540561449328197 0.9227614997096225 0.3382211963897323
4 0.8473117005208906 0.3023322866164126 0.8352480447948665 0.32243787726757056 0.8091106432067363 0.30675546023325945 0.8211742975922789 0.2866498978386025
4 0.7292624028001455 0.24126840148704565 0.749425549838179 0.24281937978530704 0.7465188448577464 0.2806065880257596 0.726355698086877 0.2790556120663067
4 0.7287217762711862 0.2841437541950914 0.7187230542181169 0.31747232466421405 0.6678342304974194 0.30220575873656 0.6778329978707234 0.26887726707095355
4 0.12952554701814734 0.3293872799816238 0.12735803892371678 0.3488947879915964 0.06690638964687423 0.34217802261688474 0.0690739505585043 0.32267057510901404
4 -0.0011360503521018472 0.3293199174490644 0.00036195313805365004 0.3058533519170348 0.06360164274838098 0.3098901209699003 0.06210371591976127 0.3333566137724988
4 0.02732543635931961 0.6296790467883923 0.029918818987084705 0.563145335892716 0.15189267994401234 0.567898831960559 0.1493000638876083 0.6344318068493155
4 0.0009765493142595005 0.6367187499008752 0.043399554931852435 0.6370376691303703 0.04242300557689305 0.766920477258672 0 0.7666015625000002
4 -0.00003210666920949734 0.8458127952982128 0.014198968005189272 0.8452858423099443 0.016184185907491155 0.8988871137642217 0.001953111458078638 0.8994140630014299
4 0.2667381412815075 0.8571235812608904 0.22808690468582427 0.9241060392933176 0.13224338027282556 0.8688123858302276 0.1708946198797321 0.8018308927384742
4 0.18530892705405222 0.6814497844615631 0.15529596133285395 0.657442478331564 0.2042674067685084 0.5962285545856749 0.2342800675048693 0.6202356695605185
4 0.17708830636263428 0.4905199675919932 0.24006916438111148 0.49839190903235797 0.22489482627327106 0.6197860415278393 0.1619139819076736 0.6119141810096321
4 0.2732578427593353 0.3611385044020426 0.2738581282611676 0.33893125480732306 0.31700648163837286 0.34009753943896365 0.3164062486449666 0.36230473763127385
4 0.3321418573630126 0.37233550825779277 0.34180981239524044 0.32261959016410025 0.5387367875978271 0.3609123402196412 0.5290694645368603 0.41062771174261314
4 0.49164147657074864 0.535288639876743 0.42990120664035203 0.5161291902919538 0.4653438422412819 0.4019273479149275 0.5270831166283187 0.421086630192545
4 0.4497505273070601 0.3589399167339502 0.5164662187281692 0.365611172956547 0.5097559763431718 0.4327136247684645 0.4430402887820719 0.4260423957578446
4 0.34491991205004524 0.49318347955634584 0.39133084714171673 0.49782417366965875 0.38305423448673537 0.5805903504872366 0.3366433041791197 0.575949688043237
4 0.7726444251743487 0.6576946935308687 0.6313213537122238 0.7453433560590127 0.4527522801984105 0.45744281035950146 0.5940691321504801 0.3697966501104739
4 0.770305734188014 0.7320718377508874 0.8273046300740816 0.6987830700218305 0.9525401389521448 0.9131773589572858 0.8955420169213539 0.9464650904053153
4 0.6844557591144849 0.7632117743026529 0.6150043416199651 0.757870236419689 0.6191752723697164 0.7036537317060809 0.6886258515468171 0.7089952372520474
4 0.6327810268456915 0.8042543182734271 0.7237041700315103 0.7944650508954897 0.7450880444115455 0.993033644301003 0.6541649432106169 1.0028226450921784
4 0.9489383247165506 0.9933141037458122 0.79179102729438 1.087903035014622 0.6044848599868828 0.7767776202306833 0.7616208675683538 0.6821929713375922
4 0.4999999999803322 0.9990240291216719 0.5000119491393207 0.6249963937991986 0.6562548616567483 0.6250026709855947 0.65625 0.9990234375000194
4 0.32516464707885007 0.7975716641677525 0.3079200257275261 0.7670670164466882 0.35831261568614536 0.7385846338933769 0.37555724351454955 0.7690890758249395
4 0.3836726159688624 0.836496566581305 0.351584309176701 0.8402270277177423 0.3457375713651345 0.789943670972458 0.37782548138534366 0.7862132330729049
4 0.4327666346384831 0.7531554437912276 0.45230048966561753 0.7824507300846363 0.4187220111107308 0.8048362886914837 0.3991883145356496 0.775541142722436
4 0.39085517817829896 0.7421291926188112 0.35236536440743293 0.7190385466379464 0.40423837834350707 0.6325850083594083 0.44272755018357657 0.6556754040310255
4 0.47070318153600965 0.697265625 0.4453124539916189 0.697265625 0.44531253518277936 0.66796875 0.4707031077933834 0.66796875
4 0.40234375 0.6396484375000273 0.4023438907695436 0.6152343165828877 0.47070311837296686 0.6152345922197255 0.47070313743995484 0.6396485526647185
4 0.9297124063498359 0.46423648816389845 0.8836662627896885 0.6044658203285171 0.658705578610693 0.5305998732036881 0.7047530020677186 0.39037309329966147
4 0.999999924494432 0.4472650573985126 1.0000006904823522 0.5693359557356307 0.8867184996055357 0.569335560835812 0.8867187989048944 0.44726571380129887
4 0.9192788214248822 0.5587035069973401 0.9885628086685756 0.5395933216493041 1.0417815182584036 0.7325156150177503 0.9724976909966472 0.7516254248328205
4 0.9144182917360695 0.5612375931890514 0.9445339244014122 0.7017575847060241 0.8762403743230607 0.7163912827753947 0.8461258335845514 0.5758722386728357
4 1.0000002358800657 0.8583984375 0.974609235845378 0.8583984375 0.9746094748272753 0.78125 0.999999990689048 0.78125
6 0.10161947779477032 0.733168782305635 0.11816383205075454 0.7373040433188673 0.08766099576541819 0.8593169777133135 0.07111666416415119 0.8551817797166985
6 0.1582113695891394 0.8379304105438362 0.14984837359907033 0.8502525195929603 0.09067087636140059 0.8100969327680244 0.09903384688925598 0.7977749339464212
6 0.1572328500525373 0.8376331186470448 0.16078189546635713 0.849291136579806 0.07972076938244754 0.8739625765768859 0.076171875 0.8623046874999583
6 0.08203128113996172 0.7900390460171716 0.07548010755112955 0.7935066743265855 0.06640625 0.7763671875000195 0.07295739883136321 0.7728995671954619
6 0.0542966212066176 0.8048831076371318 0.0671875961971864 0.8091791697240779 0.04785167497027487 0.867187319403946 0.034960715730221636 0.8628912907052123