2 0.3745040053529465 0.3617320018140375 0.2970165266882532 0.35019151377257307 0.3253357674404924 0.16005259880450373 0.40282207494203703 0.1715929980472816
2 0.45563270077309426 0.3687446045535351 0.3745506691381024 0.3552312354815682 0.4054847543809501 0.16963172368556279 0.4865655628386776 0.1831449886477234
2 0.704787765168021 0.27191754174636146 0.807047100089676 0.1744188289942994 1.0485282271037022 0.42768386352224885 0.9462707728929445 0.5251807169972414
2 0.4885152600377296 0.17902347470689042 0.5721872335162743 0.190976201843443 0.5376953257421064 0.4324217506269654 0.45402337717428054 0.42046916052376415
2 0.5687541317905698 0.18684314460759294 0.6350169386490734 0.194941693434296 0.6111062337652129 0.39057614306677596 0.5448434416455257 0.3824776641830756
2 0.723761869454961 0.29062139442726576 0.680614706497181 0.28494423545606784 0.6919693539961145 0.19865037533319058 0.7351162314138264 0.2043275148654292
2 0.6318793764271504 0.22305760572580421 0.6840793047274474 0.22940604898818454 0.6650810128655849 0.385615140374235 0.6128810925230255 0.37926674287504364
2 0.6749083252797163 0.3332469513768154 0.7173688391376345 0.33922255100396703 0.6981314734385933 0.4759100172934558 0.6556709700441843 0.46993446915053827
2 0.6321259725525579 0.22426821761578178 0.6352377344990146 0.19128490225681125 0.6906846803092321 0.19651588606737547 0.6875729822181711 0.22949914153498233
2 0.10457031197927336 0.136171837303037 0.0999609408069091 0.16843749361926558 0.046914035780787344 0.16085938327525426 0.05152343925556124 0.1285937666910456
2 0.08275488220044735 0.37483427410608433 -0.011089722547467318 0.36392241605419334 0.006013823639136717 0.21683758539709136 0.09985722634201011 0.22774937426603042
2 0.19922218474755482 0.10898825928709058 0.2874933218856768 0.11398467721118177 0.27896835115825525 0.26459297495469875 0.19069721551466046 0.2595965785966929
2 0.25955465975278 0.3736987573884031 0.1722694650941321 0.3595448293814849 0.18670771854260693 0.2705115797174638 0.2739921592021801 0.28466544556520545
2 0.3572555916404099 0.40256328947681186 0.3329338910837123 0.5776806311321818 0.19960012524393278 0.5591622382339616 0.22392327289492187 0.38404668282294807
2 0 0.484375 0.052734375 0.484375 0.052734375 0.69921875 0 0.69921875
2 0.2207709375501281 0.5548560538678854 0.19147346457054937 0.5665741255452357 0.15355592941716623 0.47178025101120424 0.18285298210889778 0.46006227420476153
2 0.3178988961144569 0.4450759691731541 0.3195988829672842 0.42071237523601285 0.36498115236940976 0.4238787594151127 0.3632812435874939 0.448242279405319
2 0.37868067851070464 0.5571591698742822 0.3499281445150473 0.5528194763069888 0.368365247203883 0.43067618737411684 0.397117261898984 0.43501584137916094
2 0.34509322961469024 0.5703693947987855 0.37664825879039654 0.5752234033130478 0.3554914855692459 0.712743359388892 0.3239364713923578 0.7078894166228609
2 0.16143714596466907 0.7067644852961174 0.1545198053391914 0.5974546681812473 0.3263482016584476 0.5865817929374151 0.3332672768341354 0.6958897547464621
2 0.4697664226296183 0.45255574990894004 0.4632707889300036 0.4998798306464591 0.40636169770084507 0.4920688998808216 0.41285749415283135 0.4447450143679298
2 0.5899928771698342 0.5138969840109386 0.6012622466734001 0.45755691412492683 0.6977920325927016 0.476863668209641 0.6865231404967744 0.5332033200913611
2 0.5478737832108891 0.4598857468215334 0.5365201401613149 0.4988108369366561 0.45761974974368513 0.47579843309150055 0.468973526398031 0.4368735691979739
2 0.5248650084618021 0.663706074095267 0.4176642065657461 0.6512422145580765 0.4341276589603922 0.509669299975356 0.5413257834704837 0.5221330032137917
2 0.6711331631714756 0.5338162813750175 0.667116622080357 0.5609269396552995 0.5968983651903272 0.5505244922064143 0.600915036668539 0.5234139918913377
2 0.672793775248465 0.6421813088780025 0.5882868433376416 0.633731604605977 0.5922128028345242 0.5944757670097117 0.6767191124496321 0.6029254399519689
2 0.6631117777963027 0.5668201608041247 0.6613441174147283 0.5919216384796006 0.5831939534183448 0.5864185051953579 0.5849617729512602 0.5613172014268295
2 0.3661550684079202 0.7180895199899697 0.38151986616855993 0.6259236054582715 0.5291138584536839 0.650524897933953 0.5137506794513911 0.7426893764290748
2 -0.00043342720368855225 0.7666176121951072 0.032363033521392026 0.7654031677276787 0.03474957274067947 0.8298402529732211 0.001953112531282386 0.8310546879617086
2 0.7849433694833579 0.46273477220139797 0.8723953745374047 0.4708690111505177 0.8548185634763286 0.6598223548823055 0.767366572726246 0.6516882465002045
2 0.869530124728044 0.5900384695844425 0.8900401750673836 0.5490234483207937 0.9533211683730087 0.5806646131834481 0.932811419290374 0.6216793776319753
2 1.0000001858351197 0.5888671875 0.9628905319224259 0.5888671875 0.9628908004141294 0.515625 0.9999999974887714 0.515625
2 0.9456744067974796 0.5915379450375297 1.0018345629505347 0.5937840796533889 0.9990296811552071 0.6639063949154415 0.9428695258985726 0.6616602753766255
2 0.5457068011999127 0.745334689640672 0.5570880580052062 0.6448371923212269 0.7561853858036329 0.6673804615764334 0.7448065038680625 0.7678757884870014
2 0.8704179770014662 0.7817004015344681 0.8294765125546064 0.7735134021801675 0.8484825376626759 0.678486323543165 0.8894231475819652 0.686673235008779
2 0.7494132171538013 0.7675938831300401 0.7535861662657908 0.663306861545815 0.8313515294645413 0.666418221991753 0.8271795013258725 0.770704355263513
2 1.000006003630233 0.8101012772680345 0.9199724433948404 0.8108781687976454 0.9189917840659518 0.7097612571664212 0.9990234375 0.7089843750000004
2 0.8554073485285016 0.9664654296452185 0.8671875 0.9990234375000523 0.8178740562618714 1.0168602992753237 0.8060942078351445 0.9843025478452302
4 0.970703125 0 1 0 1 0.0634765625 0.970703125 0.0634765625
4 0.6298590104595405 0.1759956026885034 0.600276284371148 0.17270865809479638 0.6038729192628125 0.1403391937610524 0.6334555992239075 0.14362613576198555
4 0.07853974002773612 0.42970639832740515 0.05280999556259758 0.3899441048101893 0.09281575530178543 0.36405810612028094 0.11854548100575357 0.4038202841988661
4 0.09055089846560804 0.2991312510401398 0.1274043592632097 0.30220226763778096 0.12238686167472679 0.36241236993626064 0.0855334019493057 0.35934136267817646
4 0.0009765605168468028 0.18749999996949113 0.023867777789973843 0.18785216698140056 0.022891217261076235 0.25132872876201257 0 0.2509765625000003
4 0.24214191033445331 0.3849717741811421 0.20510025665601006 0.5516542978293701 0.1012850075105689 0.5285840905924744 0.13832753726376268 0.36190277340201576
4 0.09298773484431422 0.6514815320037785 0.040130759654744 0.6500134375962753 0.04377260173623654 0.5189297206500745 0.09662832274170796 0.5203977974521894
4 0.19422944038740297 0.6683795422262766 0.13071138356724532 0.7052568702119459 0.06350330091527212 0.5895097590351972 0.12702006506276575 0.5526329092539465
4 0.294921793142521 0.564452954074821 0.29492215513107567 0.627929767891144 0.19335932514491105 0.6279296044181717 0.19335954773157482 0.5644533764234826
4 0.12390631153812137 0.6051488504225825 0.0864859876405717 0.548132162790625 0.15862708071267662 0.5007902140652359 0.19604732685218096 0.5578064820263773
4 0.35497496586583566 0.5230238754885951 0.2777572700784958 0.5170844739324475 0.28339886710614337 0.44375039140623923 0.36061573731956287 0.44968976123154597
4 0.5248615030742485 0.4704645624721868 0.5536321675488125 0.4301888127560869 0.6253172961303335 0.4813931699734182 0.5965469186239716 0.5216686625216128
4 0.5435550970206577 0.49980472887343114 0.5267572579292619 0.5333981126911213 0.47363216176802325 0.506835620443993 0.49043002751989206 0.47324238816888076
4 0.4290831015554204 0.6715527349211261 0.37023087829766155 0.6673494908489394 0.3830656818074658 0.48767160496010026 0.4419160456603777 0.4918747825257125
4 0.23616094490955675 0.7193794929771875 0.2642438753272245 0.6832787906749657 0.2957486449939779 0.7077828439017723 0.2676658851149796 0.7438833897224728
4 0.6838043159001472 0.6560351441802154 0.7207521364318836 0.5616269870349876 0.7862198779132541 0.5872458905469358 0.7492728045791637 0.6816534115396242
4 0.5788150842889763 0.7435213312310359 0.5821980144405643 0.7739615067365995 0.5534728792030137 0.7771531769805595 0.5500900603936998 0.7467131034523283
4 0.6528240121543831 0.7574123414152392 0.6855789301995401 0.760389515254934 0.6824251112517459 0.7950815740567589 0.6496701948491364 0.7921044124758001
4 0.6397990138062823 0.7878612470970273 0.6018628329494504 0.7954471260848279 0.5930738528469419 0.7515014748329459 0.6310096467194626 0.7439156357126955
4 0.9756931340393749 0.9682212443178952 0.8795529173108889 0.9780291213101224 0.8633407219342644 0.8191295472276175 0.9594768163082108 0.8093218812395542
4 0.7548484940817843 0.802570168528391 0.7562674586075673 0.7685308034113144 0.8466866337262218 0.7722990174003226 0.8452680534463752 0.8063380124470604
4 0.506906417552841 0.7393592693287525 0.5008430494635832 0.772702968315473 0.4508277215960561 0.7636093487162632 0.45689123857414415 0.7302658456394683
4 0.44464515060110443 0.7234441122099944 0.44787190414081124 0.7621565088495157 0.4068161542066946 0.765577813288878 0.40358959468051125 0.7268655974101053
4 0.3923222202618035 0.711823710782736 0.3961541876866477 0.7424728765342459 0.337259832420159 0.7498347275462472 0.33342808784686895 0.7191857635816586
4 0.17498264928008211 0.7856220426800591 0.1844353352012149 0.8612229687172014 0.07674346975443314 0.8746838858057608 0.06729192404100104 0.799083989640724
4 0 0.818359375 0.046875 0.818359375 0.046875 0.9462890625 0 0.9462890625
4 0.39379659679946144 0.8405247336543856 0.3968832776203044 0.9976751808201006 0.19888596344014786 1.0015575020201133 0.19580371449455924 0.8444113218349942
4 0.5516468706888418 0.9483458484712998 0.4314390384339504 0.9438947871250729 0.43521575912302524 0.8419658641345713 0.5554202652728009 0.8464168640151623
4 0.19051387104195783 0.8580287325671914 0.19526044832480238 0.8032591610003154 0.4097555771909356 0.8218419504736462 0.4050106212882838 0.8766100226385449
4 0.3538428232077422 0.98171430640881 0.3564937085747033 0.9207729395590442 0.41311200401094084 0.923235108532245 0.41046164070246505 0.9841759742422922
4 0.5951171822517836 0.8738279324873746 0.6496161534453222 0.870622900845125 0.6523033703867895 0.9163058914363963 0.5978044010076928 0.919510903105765
4 0.7284891971295337 0.9837253960799274 0.6853845382345298 0.9112008648115333 0.776235957391691 0.8572181839913392 0.8193405653893251 0.9297416206910678
4 0.8026452760834673 0.9759978765064395 0.8273600420783396 0.8888760550902817 0.9471797934089636 0.922857520133859 0.9224668654081825 1.009977764258037
4 0.5606468740955961 1.0001252164396972 0.5602276867745104 0.9381970079014686 0.7498566189842677 0.936912034298093 0.750277527459275 0.9988385085303874
4 0.4627295401782021 1.0012702148492387 0.404296875 0.9990234374999981 0.4079803489119058 0.9032744577116589 0.46641138923098424 0.9055212037570662
4 0.8657039587658346 0.2151138485186045 0.8986550435810159 0.18806530290181422 1.0268199884578735 0.3441952598879791 0.9938691271205471 0.37124357011947573
5 -0.007610060261299623 0.06162445208175772 0.007904415738721582 -0.04609072884815414 0.8807953913227493 0.07963352994787644 0.8652822334651091 0.18734695501845697
5 0.7132864006417776 0.05404178185226773 0.6765591853903743 0.09797042984514508 0.6128617118920374 0.04471519639738579 0.6495889204085188 0.0007865644819075717
4 1.0018857483833017 0.2657933045164363 1 0.297851562499996 0.9592402786111052 0.2954539557076141 0.9611260791389213 0.26339575239369484
5 0.6862516921875113 -2.4599602614444387e-14 0.8138583986639105 -0.12348788440704461 1.1198795643413177 0.19274027756239517 0.9922737396328785 0.3162272656089966
5 0.7296152117635302 0.30680308132333267 0.8312172724209859 0.3256709631440613 0.7756572603833547 0.6248390488139588 0.6740553038848702 0.605971579638844
5 1.0081911362904066 0.491092496441599 0.9774941450527876 0.5574116923056862 0.7970169193428092 0.473879206161446 0.8277141565748707 0.40756097849973527
5 0.7368882124399079 0.16593713928114612 0.766282965711298 0.16925584007974742 0.7513257890132081 0.30173416963480687 0.721931038364346 0.29841548464303147
5 0.29398334066559073 0.11502210408869741 0.3359032831640434 0.1201972901896759 0.3040834784648041 0.3779394171956697 0.2621635441989838 0.3727642816401415
5 0.5458191596411552 0.4875806735094826 0.580924635915494 0.49190088042141084 0.5477548053142982 0.761405881595236 0.5126493493306725 0.7570857856921993
5 0.9098052888951997 0.815897430381096 0.8823036610314148 0.7952744304423143 0.9910553940491127 0.6502748481418786 1.0185562501997083 0.6708974181628268
5 0 0.38671875 0.052734375 0.38671875 0.052734375 0.4765625 0 0.4765625
5 0.14940308451843975 0.3352539676752109 0.07416567143468455 0.3219308414323278 0.1135789956165354 0.09936710807033466 0.1888151940889884 0.11269011753117113
5 0.19410367685452456 0.10368450754610585 0.19149071977915355 0.12023329840756344 0.1312130440259125 0.11071580056229255 0.13382601443265685 0.09416702583630385
5 0.0786349911935531 0.399523609813431 0.12862956076060073 0.40763029127548867 0.10683525243325676 0.5420289490704201 0.056840702924318975 0.533922347104656
5 0.1368690646874029 0.3986627109840991 0.10945003131598696 0.39317912215669826 0.12755411706541508 0.30265940034416067 0.15497288948506593 0.30814296237934025
5 0.053939424455052176 1.0059711650860186 -0.009670795187616932 0.9971380938035614 0.041044307302172456 0.6320307757466954 0.10464883266888592 0.6408634488538734
5 0.04329961605662902 0.7717693492368133 -0.00670113331648281 0.7655202732536932 0.001517432606760849 0.6997751602333154 0.051517451406539294 0.706024190160095
5 0.0830078125 0.80664062499996 0.09697855143224388 0.6865350207086334 0.2811224319593748 0.7079504868879389 0.2671544916897801 0.8280535478153312
5 0.8942462285885995 0.7867584375635783 0.8793941097801508 0.9123612232666873 0.37785587105622653 0.8530475374836929 0.39271483106358573 0.7274525207435018
5 0.2767461459535525 0.8173368183926464 0.27921701730815585 0.7852250793063985 0.34329071347951867 0.7901542130562247 0.3408201123733079 0.822265699011267
5 0.955481961956707 0.9289728442255843 0.960866611793108 0.8805259571534082 1.003954850234095 0.8853138333672921 0.9985705172246071 0.9337604311230756
4 0.09187223611922946 0.9673972046255912 0.06407718649927574 0.9618396724893745 0.07744889376169795 0.8949828523323162 0.10524341810446458 0.9005403301444264
4 0.07237150914863832 1.0000104814518764 0.07200401800457712 0.9694700073582877 0.15392902306336964 0.9684841367502937 0.15429688462859303 0.9990242368634455
4 0.270314381454682 0.8060127460167973 0.24438088726287788 0.7512738031520871 0.30399220442461683 0.723037038370212 0.3299257938821256 0.7777755589884101
4 0.333984375 0.740234375 0.39453125 0.740234375 0.39453125 0.8203125 0.333984375 0.8203125
2 0.9495269799413109 0.7006758239053905 0.9034000507066366 0.683380609921779 0.9181693386472034 0.6439964498453559 0.9642959071939003 0.6612915886644558
2 0.8808304405532681 0.6692352275162887 0.8628461306045665 0.6674370240107872 0.8675066557252649 0.6208327286189612 0.8854908000629393 0.6226309237390406
6 0.48922200662775595 1.0090008688505216 0.48375763642843594 0.997752609404623 0.7093821796419206 0.888172143259907 0.7148466326001426 0.8994199959405852
6 0.9811368840427122 0.9305311592530543 1.004498831622982 0.9407490239276186 0.9745337559487552 1.0092411895025375 0.951171875 0.9990234374999802
5 0.3798828125 0.9999999999999706 0.37921814616333904 0.9833858463200124 0.40612828986434124 0.9823095693549262 0.4067930208909729 0.9989236556014767
5 0.4121095595924089 0.9326172115716806 0.3889801008073164 0.9296010244449613 0.4010151327566973 0.8373353156611408 0.42414402543113283 0.8403514656969581