5 0.5047968887040497 1.0065156333243401 0.42033535457096605 0.8624623321669279 0.58379322347173 0.7666478378055898 0.6682547106764787 0.9106974270403038
2 0.0009765612007868185 0.03320312498926254 0.0332574153915175 0.03346990802251071 0.03228085419186755 0.15163397010583388 0 0.15136718749999958
2 0.0009765601578237693 0.1562499999730782 0.01985427547049312 0.15646698232191844 0.018877715304256526 0.2414279192914559 0 0.24121093750000006
2 0.05959795910621324 0.058064854204369375 0.10927789257345921 0.06483933022884128 0.08437859551736437 0.24743472569453256 0.034698668776400154 0.24066027843930682
2 0.035988721370131316 0.24181933597634403 0.10008965603424258 0.247646570371212 0.09568711408485342 0.29607453466678235 0.03158618088150433 0.2902473118016295
2 0.13368590668221714 0.0679775286813951 0.17589974704333144 0.07199787471397898 0.16693732829116925 0.16610339276709166 0.12472348885944484 0.16208305351804125
2 0.20118642396482755 0.18576105903832021 0.1747175337789031 0.1823086106754884 0.18938784684598886 0.06983693937990701 0.2158566123490573 0.07328937911091683
2 0.23960941320922302 0.1772265655725739 0.2005077343070525 0.17164063917566016 0.21230469492718385 0.08906250360336654 0.251406244932582 0.09464842071254471
2 0.29356853718604725 0.10586031868218329 0.2881156865039429 0.18220079172410097 0.24980666908084004 0.17946442648258987 0.255259578771188 0.10312401812451868
2 0.3146484594607273 0.18789061256377648 0.27070307892483925 0.1732422711918771 0.29863284118232514 0.0894531869300708 0.342578058992558 0.10410149768192402
2 0.3425871237228648 0.0788475717816935 0.38368178703979083 0.08516978630523238 0.36227645610586023 0.22430451586490954 0.32118179716167106 0.21798232170164333
2 0.40993124788201385 0.1063421694674789 0.4608746927622178 0.11589391112729419 0.42715583235019494 0.29572878136486175 0.37621240042267345 0.28617709344307823
2 0.48142709049477617 0.11667561923188206 0.5245955254214323 0.12230620827295569 0.5056125192004401 0.2678430663027586 0.46244408900076905 0.26221250214186925
2 0.3972763433773707 0.26159558497317037 0.35557894461169326 0.2552251927069722 0.38398275216184174 0.06931128252250346 0.42567979984596604 0.07568164934596407
2 0.6127062680977815 0.1476385756566197 0.6046216977537142 0.23252721464959833 0.548766620772767 0.22720768013813655 0.5568513115402993 0.14231917877628625
2 0.5388481278703239 0.16501525424489277 0.5635003803539576 0.1677543635184074 0.5583317451171297 0.21427209863516697 0.5336794932651401 0.21153299308824286
2 0.6473715942720446 0.12619327104672212 0.6994395113403016 0.13385023901546972 0.6853906042568951 0.22938295296382538 0.6333226917666934 0.22172600497883602
2 0.771778611132163 0.23031070237267837 0.7001622381770858 0.22349016481279155 0.7082909312641732 0.13814080701398565 0.7799069421088234 0.14496132659930783
2 0.6921188605030011 0.2506070810669346 0.7279085827340168 0.2565718945345951 0.7207823231818793 0.2993294943317107 0.684992603431283 0.2933646916795778
2 0.9358205907859656 0.2744529597913138 0.7794138437102447 0.25210949046055164 0.794922165918706 0.14355483470941363 0.9513278561140623 0.1658982282554626
2 0.5989655575175448 0.3291867192827383 0.6056117453938441 0.2879829618006029 0.689615725678209 0.30153238480725064 0.682969727253294 0.3427359729352086
2 0.4636401067969018 0.35625520402676325 0.4768169588890032 0.27280881662709083 0.5994777075432012 0.29217723899760584 0.5863014324880851 0.37562311082548533
2 0.7880516199555814 0.30553927901162026 0.7936173024007758 0.26588727111395 0.9311895802859453 0.28519658508808465 0.9256241736029551 0.3248483441801277
2 0.10532173917499676 0.25917771128846057 0.11003681087890982 0.2188399737285135 0.19333957928233758 0.2285769949945673 0.18862464507230925 0.268914606977455
2 0.021634611463923648 0.3869441301667103 0.018483989771766574 0.32078087119149773 0.05356066281922267 0.3191106443242889 0.05671140282413489 0.38527377913572
2 0.04887625552362351 0.3988856797239458 0.044089373536394305 0.4515400799860252 0.005523162633380707 0.448034067618645 0.010310162650398524 0.39537979994838995
2 0.06265098686787951 0.3250406566897588 0.13977378189156298 0.33950051734032344 0.1173533254150243 0.45907639274768713 0.040230558893654234 0.4446166375626321
2 0.12119415148640655 0.3330236291338745 0.11682325983645114 0.36070522946951866 0.09716531223136826 0.3576013557158543 0.1015362272312359 0.329919784527995
2 0.23082602100191707 0.2575266831104164 0.27369951989953734 0.262290284895372 0.26450552211576905 0.3450361947974726 0.221632026195266 0.34027261117713475
2 0.25160570724256104 0.32085256087448083 0.2497164500675808 0.2547234265847001 0.3161242716697643 0.2528262416143422 0.31801371393635236 0.31895518658728644
2 0.14851645499049937 0.2778453360399119 0.18715672403823191 0.28428510452809214 0.1593908768924166 0.45088126360292397 0.12075062267558678 0.44444155484236686
2 0.2126184427206681 0.36634513484777664 0.17972009504524067 0.3620541920639745 0.1859716285188142 0.31412640474273706 0.218869815652738 0.3184173370199515
2 0.20186272352316337 0.4576504017996232 0.16734944302822896 0.4538158069972151 0.17292311285893902 0.4036539196814317 0.20743616470929283 0.40748850158343036
2 0.42999098474774655 0.3002011252626093 0.42662571921221115 0.3607782228827583 0.3484164240288692 0.35643329719968847 0.35178191319948837 0.2958564360908427
2 0.22435357803101397 0.4784814047570496 0.2006856535631414 0.47532586865660165 0.2162766805353158 0.358394233238327 0.2399442489819421 0.36154974508067345
2 0.24368798314412743 0.47772472841940294 0.2004049090234048 0.4711385092965449 0.21743355326998426 0.3592386235074333 0.2607160112189604 0.3658247948262814
2 0.2570311481451881 0.37753924018281965 0.299687471472339 0.38363264683285625 0.28597661741810043 0.4796090614806648 0.24332030233892965 0.47351569338068683
2 0.29453984037581904 0.42147761892062224 0.3354353641520902 0.42638476449218526 0.3276074554995603 0.4916175539269511 0.28671193574791687 0.48671043067424885
2 0.4015928570240703 0.5047323440358362 0.32346713433730656 0.4891081442401521 0.3481823731950726 0.36553561442953425 0.426306851540744 0.38115968733402167
2 0.4170382546770952 0.5112899438266559 0.4317126548654642 0.37923934665227094 0.592273406524555 0.397080855708587 0.5776006170875689 0.5291299764276685
2 0.5997813687924918 0.4144414530265209 0.6740158316376892 0.4254968546634153 0.6568988139173371 0.5404260046220153 0.5826643701068406 0.5293706963467375
2 0.7040914470446751 0.4543230851201117 0.7187500954638608 0.45996063210818394 0.7034975857922063 0.4996172049619407 0.6888389465724458 0.4939796753829839
2 0.6744440910238154 0.44331442877211913 0.6960787300328093 0.4460185848350146 0.6911959244201853 0.4850810183264171 0.6695612867816862 0.482376869788754
2 0.7421875914108114 0.45703125 0.7167968178323463 0.45703125 0.7167969043562152 0.40234375000000006 0.7421874948258846 0.40234375000000006
2 0.7239497721710677 0.5576697666846636 0.6580708902308743 0.5466908566750943 0.6684703268364274 0.4842965978965105 0.7343485668247922 0.49527545357391345
2 0.6772423001688139 0.44147515419818645 0.7162900266134784 0.45151532520063786 0.704176378248917 0.49862397007020354 0.6651286644107586 0.48858383398804184
2 0.7171268989714008 0.4052194681963627 0.7144194073242716 0.43770875979825397 0.6743331702241449 0.4343682685907636 0.6770407376443472 0.4018790606640689
2 0.8357868979455816 0.4802432563224317 0.8413463250243467 0.4524487648713578 0.9059498900859353 0.4653697605074594 0.9003906134474846 0.4931641202582628
2 0.9097052264290824 0.45970397554022835 0.8151201127361674 0.4520764779513961 0.8257282041811322 0.3205446891821884 0.9203118169194795 0.3281721253398624
2 0.8026083686597758 0.566660731619533 0.7379595412569415 0.5576406491344771 0.7550876592948725 0.43489456854855907 0.8197352807426341 0.44391456557873293
2 0.8979930604768924 0.58159613459706 0.8223811008252824 0.5740355826762016 0.8309001475211062 0.4888523003092438 0.9065110516514778 0.49641279875521077
2 0.8480913898216613 0.42240629609180236 0.8453841184482371 0.44947971942333304 0.7556562287223869 0.44050732180000357 0.7583636421321671 0.41343405807450934
2 0.9094802239877708 0.4556035775877955 0.904101538545433 0.49863274241880984 0.8235724535090867 0.48856686106272607 0.8289513525080565 0.44553794627701565
2 0.9658203125 -3.3270502846492227e-10 0.9658203193606596 0.04101562462432803 0.8769531228748519 0.041015620380557595 0.8769531276025191 4.391492464798583e-9
2 0.0009765566821897664 0.5839843749105061 0.06271074855260395 0.5849340142476048 0.05999641580251591 0.761364640261339 -0.0017377757296799246 0.7604150180708643
2 0.17547534652214836 0.6665315511699549 0.1002472242564636 0.6633974256693145 0.10287098808271367 0.6004371365819361 0.1780981980115257 0.603571243073029
2 0.0009765571463731249 0.7597656248861137 0.04130903644534101 0.7606235997368592 0.040294476464282525 0.8083081581511324 -0.00003800268416398467 0.8074501881942414
2 0.0009765431941559655 0.7832031248786085 0.02964581827723123 0.7833833923082985 0.028645480715226768 0.9424401200053028 -0.000023794342382643663 0.9422598563372149
2 0.09899313977894053 0.6636710788187502 0.10064284374141153 0.5993603612914422 0.17911662260212324 0.6013731025599197 0.17746741799373922 0.6656833315966435
2 0.27414084873214506 0.6171479533305719 0.2633198069257787 0.6928904819671929 0.1829291389494756 0.6814061828821831 0.19375068343333623 0.6056642531681832
2 0.07768604120451528 0.7928437561379453 0.0912847035381219 0.6813630602750662 0.17018849297517136 0.6909866339880426 0.15659093800593382 0.802466314075888
2 0.23178624144270543 0.8559925174839952 0.16949687198405172 0.8445203813080258 0.19286705000308757 0.7176586376048673 0.25515454005414995 0.7291305962557341
2 0.058925073392856575 0.9302617559145937 0.07035275877103686 0.7954711441845227 0.14923428919212256 0.8021577295959911 0.13780812615448212 0.9369469133718389
2 0.25542378994794035 0.729071137033975 0.22032740962367825 0.7246847729464703 0.223212128211685 0.7016078028905116 0.25830833298459766 0.7059941558881737
2 0.22432518332709606 0.9720086029816741 0.14571798218980803 0.9621851279011411 0.16041275130521626 0.8446386026571113 0.23901738803044736 0.8544619149090825
2 0.14124721772100202 0.9760182064021576 0.17987766642022507 0.978592799173758 0.17827888525937396 1.0025745834541133 0.1396484375 1.0000000000000002
2 0.0537109375 0.9999999999999939 0.053085798583879296 0.9518134227693004 0.1326932949041293 0.9507806922489552 0.13331899547631565 0.9989667026359447
2 0.4310210955167122 0.6423193462764104 0.4165994984595045 0.731728131134847 0.29065424592602085 0.7114147699043314 0.3050767812474078 0.6220071640089715
2 0.2942368531522561 0.7174449042233233 0.4150204988269479 0.7301567566265074 0.4050997264456555 0.824403850650771 0.2843161007622257 0.8116921393360296
2 0.35805817592734 0.8643802953402795 0.33649859108231794 0.9750354129286277 0.25595106261960154 0.9593448263793175 0.27751159277079296 0.8486909651091834
2 0.34350952857903394 0.8606857605641697 0.28016846345235535 0.8540196757120213 0.2880779650756722 0.7788849337056747 0.3514178488670723 0.7855509560139289
2 0.3607787443702364 0.8643432849181868 0.44080299251140787 0.8739987564894034 0.4245936786252287 1.008306287854471 0.34456946262127985 0.9986510020416759
2 0.4500004339831776 0.7927665901384345 0.5307089233687066 0.8037695827778143 0.5026190355318931 1.0097647103518985 0.4219106102511887 0.9987620293993368
2 0.5375180946538194 0.8746613463842827 0.5428317486266678 0.8351171890287531 0.6137018890634636 0.8446379184684129 0.6083886443990423 0.8841817071832988
2 0.7050783017748472 0.911132837747448 0.6591402111023399 0.9045718353204453 0.6649608571810859 0.8638289037979578 0.7108984464018704 0.8703898699649897
2 0.7554073900079175 0.9229145936259264 0.7638909227666772 0.8262417132685964 0.8561761251669395 0.8343385504692485 0.8476938893937813 0.9310102151401769
2 0.8069575563760054 0.6955252384917743 0.8787153991033847 0.7028461306781002 0.8656290214488536 0.8310939846208971 0.7938711961895706 0.8237732024511862
2 0.7141542723923067 0.9161894931180071 0.8503677412052184 0.9266645999390573 0.8468636302714003 0.9722181627761772 0.7106501683216493 0.9617431247119778
2 0.685592590167289 1.00000622875524 0.68533230512503 0.9610499314480201 0.8318486900108155 0.9600703559982846 0.8321098224661228 0.9990257933182882
2 0.5954225348805267 0.683184068972209 0.5763751437357314 0.787943842410591 0.4124043953005412 0.7581330166300588 0.43145326207741164 0.6533751375483747
2 0.6714037613417076 0.702510894002708 0.6571678235691252 0.8116431262271404 0.5776774215122487 0.8012748843271149 0.591914204853083 0.6921436579241693
2 0.7954557200783938 0.705868375944458 0.781328919041357 0.8141662072229607 0.6600888541278209 0.7983522541649476 0.6742169316574973 0.6900559205625508
2 0.6732721436466136 0.7495643758853928 0.7018780077621614 0.7531394141891669 0.6923528430731949 0.8293413122273959 0.6637469849728177 0.8257663070034944
2 0.5791016123225745 0.7675776434136717 0.5758201214482597 0.7992965373055906 0.5071851051193335 0.7921967188096837 0.5104668251484554 0.7604780824216486
2 1.000005304882734 0.9998785905060451 0.9746569377572314 1.0000155752481168 0.9736763929489598 0.8184963560814974 0.9990234375 0.8183593750000001
2 0.5263762263887202 0.9379355499847876 0.5365824284682503 0.8920255549112063 0.6873398080914512 0.9255305217537708 0.6771347641922603 0.9714395095489533
2 0.544999522337207 1.0000079412787817 0.5447932741379873 0.9766412513117789 0.656112462300598 0.9756582060250291 0.6563190985682468 0.9990245049645987
4 0.22576101285505956 0.03793767396780639 0.22995018806489043 -0.012331766831482073 0.4623855116284403 0.0070380236177607376 0.4581963759521841 0.057307448621291765
4 0.5020931261562964 0.08168901857443928 0.48040998355850206 0.02998304797990091 0.5444396451646298 0.0031319268559830767 0.5661227938946922 0.05483787015164606
4 0.5913362290942814 0.024266660522750234 0.6396852882626263 0.03333210117456707 0.6289394154675847 0.09064342160666045 0.580590357709184 0.08157798561316833
4 0.7239023504223496 0.052535503160480126 0.7260499377825909 0.09763415301520352 0.6688878684215069 0.10035615756274015 0.6667403121635971 0.05525753705373414
4 0.7909621269550371 0.10109427251524397 0.7622672262479 0.08805116063368812 0.7790560852175759 0.05111570644556872 0.8077509611987352 0.06415881162812373
4 0.8760943717244345 0.1161425300061052 0.848188206751388 0.09151950031676348 0.8725832764755523 0.06387177911391168 0.9004894248623714 0.08849479612816735
4 0.9626778728655836 0.07732249610655785 0.9889581047573301 0.10944267137084032 0.9581141820825678 0.13467858400466384 0.9318339719300184 0.10255842907460253
4 0.7640738686777695 0.0021866024191441015 0.7629511304072594 0.03699161894309265 0.6872360630467256 0.03454919486290965 0.6883588085853489 -0.00025581357829636763
4 0.7788908878345637 0.044790203397776604 0.7727023357812186 0.01797313609262574 0.8062236655707693 0.01023744816054586 0.812412220323381 0.03705451157716388
4 0.849609375 0 0.888671875 0 0.888671875 0.029296875 0.849609375 0.029296875
4 0.80078125 0 0.8251953125 0 0.8251953125 0.021484375 0.80078125 0.021484375
4 0.11644666148777105 0.033304138491816 0.09927263213160131 0.0733768832584708 0.04694234504324868 0.05094962025162388 0.06411637946723658 0.010876889154105897
4 0.140625 0.025390625 0.16796875 0.025390625 0.16796875 0.0546875 0.140625 0.0546875
4 0.1922413741483524 0.05931438487822808 0.1941204236603653 0.036765893393113834 0.22062904442930176 0.03897495371320319 0.2187499997381792 0.06152344064183865
4 0.22580814844832275 0.09973733537916821 0.22959996050099107 0.03527746025040442 0.32566001597990635 0.04092812134491881 0.3218682750715516 0.10538792485146842
4 0.18145529185414944 -0.000021385116462705114 0.18194571202639054 0.018124144665664005 0.1450216691927153 0.019122091247713136 0.14453125 0.0009765624999995479
4 0.35410155877059424 0.05390625303997341 0.382812502575689 0.06347655202147874 0.37285156606822056 0.09335936167632046 0.3441406238194986 0.08378906605154081
4 0 0.03222656250000948 3.3766127671697177e-9 0.009765623307326396 0.02539062632081368 0.00976562687885951 0.02539062477274001 0.032226564309084375
4 0.03860887359064691 0.07038380275606015 0.05588396975804244 0.09311412233144 0.027557705711728886 0.11464207903779466 0.010282621667670355 0.09191177060638257
4 0.18671884862305888 0.18105461872830106 0.16835935807444002 0.2361327934598554 0.09628891912711879 0.21210934856493072 0.11464847167724201 0.15703130123680117
4 0.22750866799651703 0.25617139624542 0.2357606541416999 0.17090629905032073 0.3620973506027667 0.18313302047940516 0.35384576310354987 0.2683977385743781
4 0.521484375 0.21484375 0.55859375 0.21484375 0.55859375 0.26953125 0.521484375 0.26953125
4 0.6384164793186073 0.15926981362355686 0.6110126182481963 0.15584435333629748 0.6140474875786595 0.13156551367810207 0.6414513193453786 0.1349909721151397
4 0.6160522554062027 0.15381899470241597 0.6583134164350213 0.17161291105026627 0.6167326020986366 0.2703674580170461 0.5744714754470124 0.2525736029212619
4 0.7351433964707894 0.1402887974669162 0.7396721966047153 0.11117551637110018 0.7916268185192621 0.11925741992356494 0.7870980523276785 0.1483706705113206
4 0.806640625 0.119140625 0.845703125 0.119140625 0.845703125 0.1572265625 0.806640625 0.1572265625
4 0.9451153321613219 0.13673406235097046 0.9414278362843334 0.16746350438048987 0.8550928927555788 0.1571033768657379 0.8587804398267735 0.12637399529916118
4 0.7512459221477457 0.22295449468849904 0.8171939894552906 0.255226031740996 0.7514846274193587 0.38950165614489785 0.6855366986829949 0.3572303432531906
4 0.7929683676209152 0.35839830911142545 0.8078126960072041 0.3138672264231757 0.8505861216433459 0.32812517707486477 0.8357419172305072 0.3726561540869561
4 0.1015625 0.287109375 0.140625 0.287109375 0.140625 0.3291015625 0.1015625 0.3291015625
4 0.013449481599650426 0.2668723101698966 0.03839534292853841 0.2693668315804694 0.03408300313890322 0.3124902774257306 0.0091371425073703 0.30999576078967384
4 0.5719271968547446 0.3813138885683697 0.6013207774263947 0.3842530990161648 0.5967860495283048 0.4296004326961171 0.5673924701520718 0.42666123052478166
4 0.783203125 0.375 0.8203125 0.375 0.8203125 0.421875 0.783203125 0.421875
4 0.8585135259157823 0.4887981424324841 0.8509303715236456 0.5191290178278251 0.806812703322862 0.5080996855426861 0.8143959266994898 0.47776891473005717
4 0.9674056053140703 0.30152592751143037 1.0178775031441774 0.306572780386714 0.9898476319267502 0.5868750561670711 0.9393757485828473 0.5818283006347998
4 0.2896629873314396 0.5428065029647047 0.2773230173824004 0.5994034071279847 -0.011154942969369586 0.5365080687935998 0.001185986450764176 0.4799125988788236
4 0.3018254028871752 0.5838393483409735 0.30720350899696314 0.5419058614967903 0.7116123330040409 0.5937617196516668 0.7062359253422983 0.6356936454028005
4 0.8596329613578746 0.6663641073422863 0.8538928431224804 0.6223606273764728 0.9100867623307067 0.615031207385875 0.915827086024251 0.6590344423358017
4 0.7682374137727948 0.6465370463591033 0.7741928247933174 0.6088259830440645 0.8429954930360282 0.6196900107962012 0.8370403657563656 0.6574008218216446
4 0.9319079067099665 1.003474549411973 0.8865169151594046 0.9985805045838039 0.9189561929778165 0.6978035516247936 0.9643437082764876 0.7026974092148958
4 0.0229735538936211 0.9997580825885701 -0.004873435571880691 0.9969741797087213 0.0007058543775428916 0.9411839283668653 0.028552388317734767 0.9439678083919731
4 0.08806429122955706 0.9518630616229469 0.061396212523732174 0.9688290895862954 0.04394369101930806 0.9414036275803123 0.07061158210751728 0.924437679037937
4 0.13294988000893682 0.7897751536265596 0.18938466262329712 0.7971991425826407 0.17635835510498055 0.8961999043873512 0.11992359119301454 0.8887760109243046
4 0.45265967962438936 0.7950958378381685 0.40614693110296685 0.7881201668377653 0.41497220308474425 0.7292870477012924 0.4614843206461501 0.7362626706376626
4 0.4348734708212305 0.6633553332688774 0.4329943019189386 0.6314116136915142 0.4707769697489539 0.6291892114616395 0.47265625 0.6611328124999876
4 0.7338759879543204 0.8946570777369834 0.7221172762566539 0.8089929644171528 0.8481880318198591 0.7916912140406116 0.8599479091668627 0.8773539258003316
4 0.6449940434099517 0.5346356430670494 0.6646893605279729 0.5190881603146835 0.6888370401145494 0.5496754079410451 0.6691417676369156 0.5652228406736594
4 0.4116033877295422 0.7923153805338935 0.45296414560948506 0.8015046865152755 0.43616756247820376 0.8770897104846539 0.39480683365388813 0.8679004949757074
5 0.9710517228432991 1.0138343526151354 0.8405181118772589 0.9975213804025512 0.8940392859989288 0.5693987502941937 1.0245592985655776 0.5857108560122125
5 1.0000003286646688 0.6083984352943781 0.9746498301451538 0.6085685588721875 0.9736735512797168 0.4630607465000946 0.9990234375 0.4628906250000002
5 0.974725073826562 -0.0031692779918433256 1.0386845154608864 0.00517306280359449 0.9605738681262892 0.6040199315713484 0.8966144572812027 0.5956778383596755
5 0.2952949794138249 0.4943699843886544 0.29067351105402395 0.5385369529471326 0.024892584245208127 0.5107256913127848 0.02951484635923407 0.4665596308162639
5 -0.006483478369318618 0.588807979348701 0.0084767053917858 0.4656193509378108 0.9187443940912772 0.5761136346100312 0.9037949706582822 0.6992934333398172
5 0.032718441162046474 0.9668526233127518 0.048105260424677 0.9708406158276217 0.03977569529763514 1.002969019626791 0.024388883444203202 0.9989810469638188
5 0.04724520519914677 0.9593537401036126 0.017644442013420303 0.9554230804985854 0.06824276702275256 0.5744705161011935 0.09784086756872057 0.578400994815637
5 0.256430344893829 1.0003152329601104 0.22085172548099763 0.9958688635434364 0.2694866303897925 0.6068063800374273 0.3050620002663891 0.6112525491026103
5 0.5992955862113831 0.3981900269977184 0.600617037620168 0.37044412549727246 0.6704919367948605 0.3737718307684995 0.6691706046161698 0.4015176175120561
5 0.4603286019936377 0.38003553336328183 0.4640967064559618 0.3549169561161843 0.5760310612225794 0.3717074962872412 0.5722631380858729 0.39682591263749406
5 0.14629965980668658 -0.000046519581472160894 0.1465249671238098 0.03217164517494455 0.0002252955616768304 0.03319471327400106 0 0.0009765625000466756
5 0.15701525122756266 0.04477789251093683 0.1728526158585737 -0.07759772842361143 0.9923761222091798 0.028460913109885418 0.9765393885968479 0.15083638945143954