2 0.00942980334400545 0.1482209613642671 -0.03791368508757387 0.10518152441144217 0.010516824900719257 0.05190807507329424 0.05786025603742928 0.09494746484172399
2 0.009313632823136686 0.30658135059138186 -0.0046503162304816215 0.24873153773635434 0.0565724392803304 0.23395376151649064 0.07053648935368528 0.2918034205560048
2 0.1373463901879859 0.3414522733433862 0.14505504428575478 0.4210997554545077 0.023274602828678326 0.43288498372819045 0.0155665726153984 0.3532380822360367
2 0.06516188565058201 0.4473779220256018 0.02899430703746475 0.44496687800384915 0.03236487001800015 0.3944103654278203 0.06853221303686041 0.3968214015392288
2 0 0.533203125 0.048828125 0.533203125 0.048828125 0.8798828125 0 0.8798828125
2 0.38659549128669823 0.4955983390233685 0.37760599646435367 0.5713663560044757 0.2796725556002002 0.5597474015012178 0.28866256852893457 0.48397998834478256
2 0 0.396484375 0.103515625 0.396484375 0.103515625 0.556640625 0 0.556640625
2 0.33578823953109804 0.6836660649189391 0.2591202033324862 0.6769020156918543 0.2694266193598196 0.5601068519626011 0.34609293654546036 0.5668708241598096
2 0.08515248632670591 0.5210166771997933 0.08627803174078963 0.48388217654532734 0.13719005124448813 0.4854251697897558 0.13606465486634534 0.5225595258364885
2 0.26248264202911287 0.6363009600630805 0.3838840416011635 0.6486149196574968 0.3595115251990819 0.888859605103561 0.2381101786495492 0.8765459920860847
2 0.2207021760415273 0.9990234374920002 0.2207057622819093 0.8867173084223706 0.43164075975312244 0.8867223350688634 0.4316405713838094 0.9990250833339501
2 0.5225434706924261 0.7821172711295947 0.42053483514632717 0.8367561879248625 0.2986737790023426 0.6092764835175577 0.40067775534475913 0.5546391071920498
2 0.423938299894985 1.0000075219424276 0.42355061879572986 0.9553092832388167 0.5369755370703615 0.9543252664631996 0.5373639658611182 0.9990227494471045
2 0.5458984375 1.000000000000017 0.5449639363896495 0.9148226122020635 0.6401391442008162 0.9137786027449398 0.6410748142526472 0.9989548107157836
2 0.4785993213920392 0.9637589326030636 0.38942873707060244 0.7966008493997568 0.5087441431477373 0.7329669179699595 0.5979149912999446 0.9001220411148682
2 0.7659087072109969 0.014458047511347908 0.7440022967505229 0.15841558506945413 0.4433055617832906 0.11265713597604589 0.4652122522636546 -0.03129978831115348
2 0.6405490459542307 0.0920404849864206 0.6141967996595668 0.3235764657021069 0.31323252391052847 0.28932040456531727 0.3395864992658062 0.05778645031781308
2 0.6555098332783018 0.205801155514436 0.7395065550989557 0.21480060340530346 0.722076200713559 0.3774837580927229 0.6380794899328066 0.36848437551268937
2 0.5946500339472323 0.4597331606125864 0.5044832965450041 0.4472106157264902 0.5310052945598045 0.25625981229719724 0.6211699899324685 0.2687822054087804
2 0.48304642075902393 0.3598530888715181 0.49288026070200885 0.3028200073168151 0.5460543132779776 0.3119881613869189 0.5362206512372723 0.36902108554352253
2 0.6953867624150689 0.4824557437745276 0.6733273407354545 0.6457038734555465 0.47928639524673144 0.6194829458724934 0.5013480346666483 0.45623742534671013
2 0.6697446350590326 0.7379583490373395 0.6036444435604835 0.7334521500546042 0.610117669263559 0.6385227795029026 0.6762165596559271 0.643028934267031
2 0.8901925875277357 0.1475507463979005 1.0107989983737298 0.15803813915894754 1 0.28222656249999994 0.8793935904833461 0.27173921164312
2 1.0127340370429465 0.3339257579414911 0.9996761624861392 0.4351269892665814 0.8614779788537135 0.4172951044016087 0.8745365407137342 0.31609462834362495
2 0.9643477979166164 0.4760319325729091 0.9584706045994835 0.5183475621897067 0.8488764470724846 0.5031265662150044 0.8547539304769316 0.4608112824507668
2 0.8226208473770384 0.5947211542311287 0.8326164082758396 0.528763360330763 0.9408092313025236 0.5451576372203115 0.9308143693853026 0.6111148076336866
2 0.999999962824063 0.5585936499720981 1.000000186340685 0.6220703125003456 0.9570312412948851 0.6220702338762045 0.9570312622428219 0.5585938139253327
2 0.8993035912076266 0.7960780523476323 0.7957940558429755 0.7829060831084622 0.8158503267744663 0.6253391367204197 0.9193563182529942 0.6385108764727354
2 0.9609375 0.650390625 1 0.650390625 1 0.8056640625 0.9609375 0.8056640625
2 1.0000032906900742 1 0.763669711848479 1 0.7636744235887818 0.78515625 0.9999943531817053 0.78515625
4 0.271484375 0.0009765536872091496 0.2714843818737336 0.03613281119653173 0.1542968697882543 0.0361328079237689 0.154296875 0.0009765624999502152
4 0.13450951764286856 0.18820548645583532 0.0547445381533862 0.22542904049590884 -0.03427221977551653 0.034678603875703956 0.04549210609093279 -0.0025447549784553686
4 0 0.3154296875 0.041015625 0.3154296875 0.041015625 0.3740234375 0 0.3740234375
4 0.13671875 0.3203125 0.1875 0.3203125 0.1875 0.376953125 0.13671875 0.376953125
4 0.17795711220855992 0.3877167374437313 0.2262895175055064 0.5550054248294108 0.11676562908633059 0.5866449085840013 0.06843484576756964 0.4193575842798029
4 0.0353015549230804 0.5856332089710702 0.17979853125211775 0.5949540378685965 0.1579682772189699 0.9333254279085074 0.013471330733636933 0.9240049642254253
4 -4.1416308249608846e-7 0.9990234303404896 6.862903774162987e-7 0.9101562358325407 0.05859407786783777 0.9101570946301505 0.05859373539396984 0.999023531012018
4 0.05836393058052636 0.9550201365281887 0.09122244504089849 0.9524932871881728 0.09397981572556091 0.9883392483931857 0.061121302835204006 0.9908660842903565
4 0.154296875 0.828125 0.2421875 0.828125 0.2421875 0.978515625 0.154296875 0.978515625
4 0.24846057484603534 0.8200203180871235 0.1900747256173645 0.8173668341282315 0.19785627439614473 0.6462008080055266 0.25623988093559547 0.6488542407407539
4 0.23729533544747028 0.34340517613485194 0.15060704961979354 0.33216791151392 0.183570409392928 0.07788689373847688 0.2702574872414516 0.08912408734344088
4 0.3179364414780821 0.23093185825127654 0.38843056074836113 0.26226176081401326 0.3327763257485685 0.3874834034915106 0.26228232155608566 0.35615370231224724
4 0.267633986187775 0.4612007412841117 0.3079747806478963 0.41702113015416015 0.35715688456230055 0.46192703889062375 0.31681630740013134 0.5061064410807458
4 0.35281463386820633 0.4240921078629841 0.38281545211100365 0.3997179926987248 0.4315950530515238 0.45975484285613627 0.4015943506632311 0.4841288305159826
4 0.5251730175303919 0.5961526096147233 0.48383210959411826 0.6290103895059999 0.4085752274360175 0.534332826096053 0.44991557957780515 0.5014753896833137
4 0.5202021492086715 0.6921261127348849 0.5539102750587972 0.6686812576781647 0.6401151423417559 0.7926033471810159 0.6064073482982621 0.8160478012690279
4 0.6585003892012082 0.8780124152970799 0.6360523885011844 0.9177193723711691 0.5814757072523662 0.8868718738530839 0.6039237180978034 0.8471652496408901
4 0.6913129186795004 0.8994459889248869 0.72774504997858 0.9044126148676707 0.7141664918908646 1.0039899915746882 0.677734375 0.9990234375000043
4 0.67578125 0.794921875 0.75 0.794921875 0.75 0.87109375 0.67578125 0.87109375
4 0.9692436662627415 0.7419003662824326 0.9028366663884526 0.7340889464524647 0.9199156300018103 0.5889242841052281 0.9863206589540141 0.596735585933361
4 1.0197055195427538 0.44260095279181244 0.9993805452747893 0.5249713723403338 0.8229992556538264 0.48145034984659457 0.8433249362833521 0.3990809627740015
4 1.0019739347691257 0.5116339949250454 0.9989683684135571 0.5697537132984921 0.8317832523238167 0.561107292295872 0.8347895674073698 0.5029883713641881
4 0.8479110696820271 0.34197161322125186 0.8474225838588154 0.2798594951650009 0.999864309330178 0.2786603592729629 1.0003532382914955 0.34077202463471495
4 0.9720491905054587 0.07297817453194577 0.9668232819119567 0.10433381584392466 0.8860589037383306 0.0908731405503458 0.8912848379777643 0.05951753170206567
4 0.8112593865253075 0.12493712130778088 0.7858771176856862 0.08369094504071421 0.8610137861659268 0.037453086260150245 0.8863960492643628 0.07869921425845403
4 1.005844394992664 0.12767851758718884 0.9996896437374971 0.1855346093989561 0.8808138931915437 0.17288840688622298 0.8869687838782738 0.11503246981684313
4 0.8393267487964522 0.19812721300390085 0.9018268392211439 0.1825024609416276 0.9196921437021501 0.25396392943212326 0.8571920687082866 0.2695886414940274
4 0.0009765602929974193 0.1562499999727528 0.06120079196966799 0.15699349941314036 0.06014059434937735 0.2428696842615455 -0.00008363737833860796 0.24212618675295
4 0.06579985741893779 0.24666116539529137 0.12590350979121467 0.24365605456434272 0.12943958535379352 0.3143776845713327 0.06933593387259407 0.31738278632714245
5 0.3320312497149871 -3.732709360664465e-9 0.3320313268136488 0.08496092139618901 0.07617181667944806 0.08496087130263481 0.07617187620826371 3.844706093513572e-8
5 0.18368669045014485 0.9114407063536928 0.13839286228471792 0.9035160057169741 0.15846214180646712 0.7888397124716852 0.20375463731932086 0.7967642939412882
5 0.17937285583320772 1.004825363935918 0.1257669958704355 0.9991508073233314 0.14826730576839964 0.7866667657764417 0.20187001618728573 0.7923411525512063
5 0.12283027907733413 0.05646852641413238 0.3102113589632154 0.045841752282019574 0.3513311063843503 0.7708719101635283 0.16395009491031942 0.7814981770027932
5 0.646484361721491 0.8701172001445641 0.646484407924163 0.83593747523679 0.6582031242022595 0.8359375082853281 0.6582031300562221 0.8701171811395404
5 0.6552733501732746 0.8710937466678326 0.6940111304439824 0.8725718821624415 0.6891284037935748 1.0005015461088336 0.650390625 0.9990234374999981
5 0.7289558123825373 0.8716553043595154 0.7716228529952787 0.8767739410039911 0.7562538624201807 1.0048506035228244 0.7135868380136117 0.9997320614308969
5 0.3524638645732239 0.44471117684486805 0.3686902639761911 0.4338944235432127 0.4289362811207411 0.5242643235322046 0.4127099520127331 0.5350809900254383
5 0.3554688563882564 0.43847659036234743 0.30233304271621364 0.4245606703070646 0.3301948444437812 0.31818105290129767 0.3833300212359063 0.3320968853594922
5 0.3864785277506826 0.39917742098920334 0.41858070950240744 0.3827999045155209 0.501019794550075 0.544381759322889 0.4689177571038954 0.5607590618119263
5 0.4815211455130566 0.5630983488863713 0.5049600526011773 0.54747474900695 0.6541472271209159 0.7712600769132649 0.6307086648832865 0.7868832472512094
5 0.34102301402310786 0.3706776761931629 0.3676067147678168 0.3346016181850181 0.42666896460207226 0.3781216126407496 0.40008543186866063 0.41419751867757665
5 0.525259129271376 0.6880563573384909 0.49617055750013606 0.6952222099720909 0.4773007544987422 0.6186325829332787 0.5063888908058516 0.6114667862969034
5 0.5326621127082944 0.7304985309564409 0.5532761089863243 0.7187211767087984 0.5809800693530178 0.7672035288568885 0.5603661277452829 0.778980808017507
5 0.66993503894264 0.8489957657041232 0.6471640140124464 0.8797510279714559 0.5582838239234889 0.813957957711367 0.5810546875 0.783203124999968
5 1.0101963474691047 0.04814432264172819 0.908965619246942 0.7820986542279329 0.6644172469387968 0.7483647272192558 0.7656569098835462 0.014418220520170838
5 0.6883295528675717 0.8808268455848399 0.6337959969097255 0.8693484225844558 0.65934804390713 0.7479813712237265 0.7138799857651748 0.759459619228936
5 0.6830557296506186 0.7988372286405095 0.717047566620522 0.7471220669540174 0.7903177144972915 0.795272752235827 0.7563265035779523 0.8469873603654717
5 0.7508620852223657 0.8998724944151997 0.7127179392830385 0.8903386480496056 0.7265049411175823 0.8351921579766203 0.7646485383877462 0.8447259323757528