5 0.198951198958639 0.7662968102791711 0.2539118418678754 0.5109590407477543 0.470703125 0.5576171875000036 0.41574897065379446 0.8129493803862251
5 0.9130068329487813 0.5435487022285569 0.9071732422742116 0.6602517587040906 0.6065560361969347 0.6452201617129131 0.6123926178692045 0.5285201415073235
5 0.891268028675654 0.5402933433943338 0.8905748960747815 0.5631776595721664 0.7030103056904409 0.557495684821503 0.7037037854555592 0.5346117336476542
5 0.7530794773161915 0.5820344483182986 0.751953125 0.625976562499954 0.6708266039806858 0.623896764035588 0.6719532745246397 0.5799549724954458
5 0.9072266323371423 0.5898418916823301 0.9055788169071093 0.6336890877946345 0.7728211606269042 0.6286995711457927 0.7744694963699885 0.584852924516755
5 0.6693627731380047 0.6696359184662998 0.6700525562686153 0.647097134115196 0.9068160866311246 0.6543401639398615 0.9061268579824855 0.6768783981834814
5 0.4728351676398006 0.5335505281782128 0.47082959392275825 0.5624966008011205 0.25828241181102385 0.5477687326513694 0.26028845495045516 0.5188231502490107
5 0.2558596732664 0.6025395617253333 0.22949206870077887 0.6113278629301365 0.2138671605696345 0.5644529399799827 0.24023455197686872 0.555664677290387
5 0.43634159669284145 0.8465183766235883 0.3700055188365923 0.8975629081024825 0.18657937935211066 0.6592260256590868 0.25291245845778576 0.6081832294858956
5 0.4778068426895743 0.6815282672573683 0.47872307361956246 0.6677872610210314 0.5005013137750893 0.6692391947437968 0.4995851155455284 0.6829801701256926
5 0.42624439550991156 0.8226882111059929 0.3667993020731046 0.7962711021816637 0.49720117270021547 0.5028813046393565 0.5566430376526341 0.5292975974305458
5 0.2620247925924559 0.8692375418696979 0.24842277239315536 0.9047161108677874 0.046541848130459584 0.8273319459887327 0.06014427442642045 0.7918543734869872
5 0.6392460568017668 0.9599762298586585 0.6326934451102488 0.9913746358937681 0.29593119571120496 0.9211047768333663 0.30248493738292836 0.8897079055984679
6 0.017277719208436793 0.5736724286740804 0.16487512864523524 0.4779942280175288 0.34506723403899286 0.7559348894137126 0.19747245222663423 0.8516098401003185
6 0.3468605767365034 0.9951658003038241 0.3401394101214237 1.0175665257320192 0.11633436595013791 0.950431075779138 0.12305597509111976 0.928031125582952
6 0.076171875 0.9111328124999711 0.08185012273247594 0.9025367440962722 0.1406379265237092 0.9413595886153839 0.13495977537763792 0.9499555716030532
6 0.16503855975997794 0.8681629921489882 0.17162168671370637 0.9208077471291163 0.07378404271867112 0.9330379386766346 0.06720169797529252 0.8803938888537389
5 1.0021129158366193 0.1885563667715189 0.9971526893124292 0.2709009877651697 0.8661331835772899 0.26300833119910066 0.87109375 0.18066406250005382
5 0.7441790241027775 0.1600853527050908 0.7737159548265709 0.1370232951166659 1.01986024208054 0.45226689441806905 0.9903236974909078 0.4753285217745378
5 0.9506943469368707 0.3464269708392163 0.9685932020713608 0.33236424373604295 1.0178986711113112 0.3951171234497292 0.9999998730831976 0.4091797872154337
5 0.6137180234375137 -1.401431906519862e-14 0.68721324682258 -0.06184748659776674 1.0662581505177968 0.38857880389780886 0.9927639791346792 0.4504251292980352
5 0.28027342360280727 0.12499998317727963 0.3179250711689292 0.17057788516015326 0.24024534288764698 0.23474789488063735 0.20259383143684317 0.18917011988754254
5 0.33304625022230994 0.1590790618374493 0.25724768741270054 0.044499127467819075 0.485529840434765 -0.10651708789455543 0.5613282083788818 0.008062475604406616
5 -0.01329338234450006 0.3173146008386477 0.029770750753527864 0.24793641819988285 0.12593804108280438 0.30762739687520074 0.08287434500721247 0.3770051950194111
5 0.12838260592320694 0.24787996653183325 0.1014673956299248 0.2694119853487226 -0.018864361895680304 0.11899764123173899 0.008050685278021774 0.09746572298284327
5 0.0009765596528268361 0.1777343749693858 0.04553626022845947 0.17821350331911906 0.0445597005854097 0.26903381434071416 0 0.26855468750000006
5 0.3279440173906778 0.37223061648401257 0.2312337816197214 0.4410866882644958 0.13693705798709743 0.3086479383129454 0.2336462274297446 0.2397923988734566
5 0.4551446382802169 0.09437264822752035 0.5682961106634821 0.016955208891252092 0.7882334948486687 0.33840759950000804 0.675082873723909 0.4158240453046484
2 0.14453122022439402 -9.924263082678569e-8 0.1445312925112603 0.1152344096362242 -1.8035962057183497e-8 0.11523433517593766 6.30599288342637e-8 1.1491784993368488e-9
2 0.30940760839575887 0.11588691307053955 0.1978600727615003 0.20032940291523813 0.06744136021688973 0.028047827445539696 0.17898840064742672 -0.05639437161237432
2 0.5206177399710441 0.23090102972644366 0.3353197724539996 0.373600214902235 0.24260694312295072 0.25321200034567387 0.4279035490918659 0.11051363995050156
2 0.7148853870437506 0.14515217372685735 0.6756783072177086 0.17617689657505617 0.576042488716439 0.050263736852132083 0.6152494390451011 0.019239091714083726
2 0.8967540083658605 0.37694944208557435 0.8237162902569253 0.43237394636849635 0.7170022812508705 0.29175209066924335 0.7900390625 0.2363281250000011
2 0.7675781375969564 0.011718721865473854 0.8426067966329356 -0.04830412163586881 0.9282583656563475 0.05876051219508303 0.8532297595786531 0.11878330191202836
2 0.7666461967040732 0.009696267653007257 0.8529732970710029 -0.05172855794544274 0.974438865806178 0.11898039297441211 0.888111888803337 0.18040507794042293
2 0.9929607435107073 0.1480287535007925 0.9398919987221461 0.14561654575090244 0.943683560157524 0.062204011828390963 0.9967521639939605 0.06461621637861599
2 1.0000002832432529 0.3505859375 0.9355466722303163 0.3505859374999999 0.9355469669540071 0.2285156249999999 0.9999999428069941 0.22851562499999997
2 0.9607731272459432 -0.0035968435695104372 0.997281095059293 0.004646890055309139 0.9850170166984071 0.058959233190898006 0.9485090496000339 0.05071550141569928
2 0.551231498273296 0.5475522922370148 0.6285715981609883 0.5704652798115855 0.5620809653229344 0.7948676944590336 0.48474109617291106 0.7719552496622638
2 0.9581335405102891 0.8565945741682948 0.9456012165973107 0.9200707936638929 0.4578438943128731 0.8237773132871501 0.4703791831570925 0.7603052823905004
2 0.6008793001168442 0.7884033309932453 0.5495946617162417 0.7776081717801248 0.5794779139019965 0.6356681494650652 0.6307609953182691 0.6464631396367
2 0.9299249989753662 0.5788228705514368 1.0324201964142503 0.5983423206523095 0.977263722353996 0.88792061045632 0.874768694826912 0.868401802240021
4 0 0.775390625 0.07421875 0.775390625 0.07421875 0.97265625 0 0.97265625
4 -0.06030237392997151 0.7450466491087413 0.0009765625 0.5878906249999618 0.2640943052691682 0.6904692704994199 0.20282106177353398 0.8476204739406858
4 0.2233103952763713 0.8863573129385528 0.23730665499431325 0.8049589229536638 0.4471999302606946 0.8410398717102983 0.43320624461682655 0.9224359823845696
4 0.36300842550156176 0.9306459089114909 0.3418042224683404 0.9991404784216465 0.13004164933840912 0.9335975841739135 0.15124705523214743 0.8651051643115862
4 0.3477418609064671 1.0000465153052034 0.34732610969024336 0.9571385429170544 0.45487001784067616 0.9560964343759265 0.4552864500942633 0.9990037148787507
4 0.42058837047216 0.9395792085450135 0.41839358652487135 0.9681065132951202 0.3564105513520417 0.9633387093231753 0.35860557017576866 0.9348116619830006
4 0.4122213591920172 1.0000203248484736 0.4120477193567922 0.9591051272125359 0.6443562299358518 0.9581168076253088 0.6445312805267349 0.9990305718210284
4 1.0117559113413108 0.9538068237889374 0.9830546576140478 1.064199474791022 0.4554698817072449 0.9270409630404475 0.48417685217589224 0.8166564389420199
4 0.6288571308976998 0.7910502089937769 0.646998662400847 0.6489965797529149 0.9078285894478313 0.6823001152399529 0.8896916919342175 0.8243495386371021
4 0.00009959953058569226 1.000002897728379 -0.0001822744858372971 0.914323510561682 0.2926832552708447 0.913359543061185 0.2929687886979764 0.9990350455322216
4 0.13845999293948807 0.5680845285266181 0.19345077249909082 0.538948897955535 0.32580314860797444 0.7887202230505738 0.2708129666057175 0.8178550054634539
4 0.3213925897363197 0.2300789022679015 0.28396632622741436 0.2596255580179982 0.2529696321124675 0.22036308720485864 0.29039581324582286 0.19081648155113512
4 0.3821031639549801 0.1918446881611883 0.3579729163080856 0.1587775142385935 0.4122238807198073 0.11918905739587665 0.43635410705758204 0.15225617537633473
4 0.40618621092403373 0.4089073584726324 0.38257196176994057 0.38057150084207453 0.4135978194992731 0.3547166693801545 0.43721202912752233 0.3830524608232246
4 0.9548437643235275 -0.00003797756453983024 0.9557215542972699 0.06228462324782702 0.8836902676196132 0.06329913440182004 0.8828125 0.0009765625000163266
4 0.9312215227217848 0.4245864473979035 0.8889712176547846 0.45174603240043393 0.8576860854915367 0.4030802041529624 0.8999361620566333 0.375920717117545
4 0.9261722777954446 0.4744138841191268 0.9107418396480398 0.4435548283986078 0.9458979909201162 0.4259768026543626 0.9613284431364946 0.45683577524481306
4 0.826171884358132 0.4267577844269745 0.8191403177117991 0.4478514446925093 0.7851561475681592 0.4365234150150989 0.7921877396316859 0.41542980426527615