2 0 0 0.0390625 0 0.0390625 0.1103515625 0 0.1103515625
2 0.0664062485964223 0.02148437370147264 0.0664062509838459 0.041992187451505965 0.03515624956719421 0.04199218731184954 0.03515625028967406 0.021484376751151814
2 0.0380859375 0.08789062500001743 0.03707700735185426 0.06872086249837979 0.055631690998552585 0.06774430635919133 0.056640625114823706 0.08691406468139147
2 0.0009765591915993355 0.130859374974745 0.018061680786445322 0.13098979395674443 0.01708512159154907 0.25891948097769785 0 0.2587890625000002
2 0.051382207851247585 0.12898135813938783 0.05078125 0.14160156249999709 0.02869591171884167 0.14054988607778002 0.029296875 0.12792968749994638
2 0.009765625 0.2607421875000405 0.013924731967108528 0.24202667553871726 0.031502840353596184 0.2459329459773989 0.027343748350062924 0.26464844492479717
2 0.004882811536276677 0.11328124946459045 0.019310157519498716 0.12129640454552695 0.007794080435701289 0.14202533560488143 -0.0066332628922509684 0.1340101842181099
2 0.10772250514924053 0.053959016191353945 0.11168344697898647 -0.0028140858983749613 0.166015625 0.0009765625000094746 0.16205469811063722 0.05774964732830216
2 0.18344582179042845 0.0626699242076796 0.15964847663678938 0.05959929955033845 0.16760892082800183 -0.002094061009369533 0.19140625 0.000976562499993075
2 0.08487756624458598 0.1539303753276963 0.09894984492575531 0.050735639737680895 0.19482327620778506 0.0638095161177481 0.18075118198692053 0.16700408393417887
2 0.08427977822680077 0.1961379372070277 0.09095578224855672 0.15741822182729373 0.16937611228320293 0.1709391721835458 0.16270020496506277 0.20965880298246417
2 0.044739888880826584 0.3005294141378568 0.05497984893361263 0.19667524224266347 0.17079387198020868 0.20809419876820442 0.16055441678486204 0.31194790863503463
2 0.04589843256712811 0.2714843739276599 0.06722418678430131 0.2761202905217337 0.061724404577375935 0.3014192995172429 0.040398652000703805 0.29678338816486416
2 0.10472268638966398 0.5176344261404121 0.016486489484805134 0.4955768633541476 0.0392349916328385 0.404584474520258 0.12747008104736324 0.42664189296202215
2 0.11680631928982166 0.51434614138097 0.10589953424641863 0.5735525449710829 0.007545537656255874 0.5554351596889192 0.01845269106786418 0.49622924204395985
2 0.010458481209866477 0.6144576236806837 0.01602212251191304 0.5704635796184443 0.10951185563919807 0.5822851348320153 0.10394863053068093 0.626278802287501
2 0.0007640497229886023 0.6904259030310501 0.01679067177167326 0.6167180619563908 0.12179644339323659 0.6395468676203034 0.1057707439913429 0.7132539036534297
2 0.09425805968669465 0.7083587217290195 0.09019527217606083 0.7367964269823507 -0.003047293050371991 0.7234766297343798 0.001015735905980364 0.6950392141975399
2 -0.00994656520197168 0.8670272804433269 0.001562345454772185 0.7663605462328732 0.08685995543714853 0.7761102831247041 0.07535222277772391 0.8767759554407413
2 -0.009412225490223136 0.9902926198195426 0.0009765625 0.869140624999984 0.07221699239312329 0.8752482345906566 0.06182953394818469 0.9963989872382814
2 0.14561317464062995 0.936773121782077 0.27225032555952566 0.9487165486555812 0.2662855704203366 1.0119433145170773 0.1396484375 0.9999999999999984
2 0.27622547253247376 0.8200650745291056 0.2607384624925544 0.9516884452847704 0.15670860919101415 0.9394495513390634 0.17219721470701188 0.8078280393039324
2 0.2703365999880134 0.6901753051687101 0.25576027746160435 0.7654795903627112 0.16096156840887943 0.7471318479958637 0.17553848907118663 0.6718283549057699
2 0.28198501809890786 0.7703742282555099 0.27329647735518847 0.8181559108686628 0.17670191156446435 0.8005938498770536 0.1853908836339997 0.7528127292867421
2 0.2987950300822604 0.7668066956281778 0.2697854659427321 0.7621031838801257 0.2816337961115778 0.6890403394100446 0.31064289310847926 0.6937438125306042
2 0.28794148329666314 0.5755516031559869 0.2809727555020345 0.6870554062789546 0.19220750394345032 0.6815076309585979 0.1991771136991929 0.5700047753195882
2 0.21224953981163708 0.5394295343867657 0.22150177097910273 0.4958183041912892 0.32565791726165116 0.5179132196792046 0.3164061144192374 0.5615240765942154
2 0.23745688815495214 0.5897002955893935 0.24095514033501786 0.5695883805074179 0.3232155868508926 0.58389501746499 0.31971750437969604 0.6040067820070932
2 0.20384718934190005 0.570100926840517 0.2052393400482515 0.542728639361651 0.2700215369804937 0.5460230545030257 0.26862954417811125 0.5733951908671292
2 0.2172032495629992 0.39188969397944906 0.3087857480174989 0.4059785288141608 0.2953509294054584 0.49330464195096807 0.20376844886709478 0.47921589072016463
2 0.3216041032810608 0.4393876000582709 0.3223873201027345 0.41980954893581596 0.3498433909990126 0.4209078542631209 0.34906021070946736 0.4404858702452967
2 0.3856683320900629 0.5266598488438656 0.34892089659501835 0.521591586792043 0.36006102740611823 0.4408274194724771 0.39680802773068535 0.4458956510994092
2 0.3135869288306594 0.4761957255320891 0.3145989642466702 0.4549455542113515 0.3463350613807279 0.4564568723775038 0.3453230760550241 0.4777069956480054
2 0.45775504832658953 0.5400374281571775 0.4140805596023256 0.5335676056153216 0.4266333240343556 0.44883877248427184 0.47030726276420864 0.4553085538169594
2 0.3404986488791337 0.49441627828243717 0.3386488577164073 0.5184627588368568 0.3060891156302432 0.5159582018182062 0.30793896203977056 0.49191178154482396
2 0.380746417573846 0.5144059796014232 0.4109804168607525 0.5190569519342665 0.4048614274859119 0.5588304641361658 0.37462743156902434 0.5541795070809683
2 0.45079451282651917 0.5600040702166935 0.4432896996954696 0.6463084333772289 0.35867115522273707 0.6389503535516741 0.36617657147269256 0.5526466552196264
2 0.3462345221744272 0.6341556060024067 0.4368677429423542 0.6429251494217266 0.417489577976653 0.8431667654954376 0.3268563851517001 0.8343974215007298
2 0.34761640462136256 0.8352360067137274 0.4157031050211799 0.8449600899946299 0.39230540154369464 1.0087472970317088 0.32421875 0.9990234374999953
2 0.5217334519654742 0.4460411310409248 0.6099674482460387 0.4560290734012514 0.5977092087471192 0.56431085260966 0.5094752269909577 0.5543229943699247
2 0.5271469181931252 0.5693599223924813 0.6115946619548822 0.5956897176461897 0.570669244156079 0.7269334628085474 0.48622165940787454 0.7006040271447757
2 0.47327852866840203 0.7613745557713067 0.5102263431242591 0.7042842986415735 0.5797099833648645 0.7492454267055209 0.5427627881969102 0.806335138372171
2 0.5945598172118025 0.6909537641024285 0.6144960225474279 0.6931685592192858 0.611066126968467 0.724037666040304 0.591129922852474 0.7218228783455728
2 0.5240624111345369 0.7153521048015612 0.5847657425968009 0.7240225880570058 0.5805860574969302 0.7532803904773342 0.5198827323374644 0.7446099358946904
2 0.5951033187943722 0.8112116543395729 0.5830454656274924 0.9358024306952318 0.4603275076705131 0.9239266117285966 0.47238716284141447 0.7993378601209333
2 0.509022607340853 0.9652494930506302 0.5064814202806929 1.0033615979936403 0.4560546875 0.9999999999999705 0.45859614132814386 0.9618881837621371
2 0.5416601409870054 0.9270716082842797 0.5739602635027268 0.9426191505945841 0.5466196495877966 0.9994033733723328 0.5143196185575789 0.9838559748762431
2 0.5802747558917645 1.0000607234593877 0.5795460618367088 0.9672642423770016 0.6267448677928087 0.9662157968415761 0.6274737883217085 0.9990120463040065
2 0.6494140625 1.0000000000000175 0.6487840325085017 0.9691214184529213 0.6967947750347321 0.968142074049399 0.6974250227366383 0.9990204329099769
2 0.6893258540133047 0.9625106278650981 0.5958216716398965 0.9424791970313919 0.6106567139537447 0.8732541431040933 0.7041591010083721 0.8932853743882798
2 0.725970868762488 0.7145315056203303 0.6412739230546549 0.703553647271004 0.656201024804318 0.5884097796596413 0.7408960453550435 0.5993875117910699
2 0.7271880214085513 0.7173033197947167 0.7179687686527814 0.781835562611683 0.6146083186455371 0.7670706237344076 0.6238282022823114 0.7025391328609775
2 0.7133088844017266 0.8211064250347071 0.7039599662732599 0.8834259409716075 0.6066370349292356 0.8688282449665041 0.6159865972009584 0.8065095220238808
2 0.6244759000787781 0.8629913030674919 0.7109391578326267 0.8951949446374073 0.682837368109972 0.9706258061539416 0.5963742975034165 0.9384225261038491
2 0.7756810389355451 0.48751457335111714 0.7615340860965034 0.5723971184526468 0.5965210399066336 0.5448958538333151 0.6106688746939426 0.4600144168129031
2 0.6317467318174295 0.78885595287504 0.63386070625711 0.7679582501064417 0.7272479390483113 0.7774030297949526 0.7251342186242482 0.7983004982099815
2 0.7162892352112067 0.7991637878442286 0.7134390273638473 0.8196833517029757 0.6286485354794422 0.8079075569824039 0.6314989223169505 0.7873882077459321
2 0.8078721493194507 0.5799147535438004 0.825895254331499 0.4823091573215532 1.0153787343772365 0.5172941741164573 0.9973574147682029 0.6148981894817974
2 0.7978572226937786 0.6893897013826005 0.8105528782220972 0.578781673929597 0.9348756523297652 0.5930499690546341 0.922181482942733 0.7036566218195326
2 0.86721414400904 0.6961303927457655 0.8625155696087177 0.7243189587104898 0.8045549548046438 0.7146590922926452 0.8092536699804214 0.6864707046835864
2 0.8901649081401501 0.7303010309568201 0.8804063858724476 0.8718033583937359 0.7736267217629802 0.8644392124518577 0.7833869465408725 0.7229387108748918
2 1.0000018753306676 0.8916015624999999 0.9179685769224761 0.8916015624999999 0.9179703749674673 0.7089843750000001 0.9999999694246071 0.7089843750000001
2 0.8905961328215426 0.6711878690433832 0.8851038947263987 0.7261079106534837 0.8036909584957357 0.7179669258037199 0.8091836168649706 0.6630473608879052
2 0.9189452992203542 0.70117187234448 0.9362230521535366 0.7046268796975392 0.9308895080044977 0.7312946441746757 0.9136117580455902 0.7278396470764238
2 1.0085554433211428 0.8918941730331935 0.9995138718667249 0.9597003183009853 0.8839892485859764 0.9442981503132205 0.8930317518829725 0.876493101495465
2 0.8617799769787098 0.9555975726368512 0.7741251966563141 0.9493380834260676 0.7802734375 0.8632812500000014 0.8679261240737333 0.8695406639869069
2 0.7497357426866529 0.9881521162206929 0.7504206194420249 0.9505221654320213 0.8187926632917879 0.9517660556291159 0.8181081735712041 0.9893956260132899
2 0.873332764957695 1.0000406523639223 0.8730053052532867 0.9787414605176922 0.9392756656760639 0.9777226608058543 0.9396033346986314 0.9990216402931313
2 1.0147330161079253 0.29890157111431487 0.9993803004500705 0.4178887455752655 0.8491594731046916 0.3985055603544251 0.8645130099527023 0.27951930071962244
2 0.9050861418340901 0.05995646629100621 0.994037344288472 0.07278582235073677 0.9633236337160724 0.2857349809961861 0.8743724494028129 0.2729056972777137
2 0.9060331425853292 0.03490112410414768 0.9083250270412009 0.006634669460262848 0.9895058502694383 0.013216921444048155 0.9872139752700377 0.04148336593069761
2 0.7380346071005306 0.08705737743120197 0.7495134912538788 -0.010512291265381002 0.8439099902441285 0.0005932775420743507 0.8324311794442565 0.09816287622827904
2 0.608789045585354 0.055859371454647734 0.614062503495802 0.01894530598858383 0.6783203120404551 0.02812502125273912 0.6730468716376663 0.06503907027790089
2 0.5991506533566735 0.11409666225484438 0.6065171779335969 0.06686524196103732 0.7234232262662772 0.08509859280659948 0.7160567968818441 0.13232992630480828
2 0.6756369430477207 -0.000013644517766782992 0.6759717355295152 0.020408634355522873 0.6153771068372862 0.02140198808253577 0.615042316341146 0.000979711011230561
2 0.5925717383146321 0.1969225387418904 0.5948320189920651 0.15699295157089574 0.6557731820712434 0.16044258452922702 0.6535129710883893 0.20037210480819068
2 0.8237976112120577 0.09925717312846112 0.8190600421532963 0.13557881206872296 0.7305522294529965 0.12403435437082262 0.7352898449454415 0.0877127704461013
2 0.6675458985801015 0.18308029525960187 0.6698957484791208 0.15879908946425822 0.7084085225542367 0.16252618339332442 0.7060586995588665 0.18680736414812918
2 0.7895016294089601 0.09744650651208706 0.7845860421828093 0.1253014875294268 0.7570653282131161 0.12044489613511805 0.7619809255548944 0.09258992841494063
2 0.7946213888831153 0.09622897873445843 0.8220402645415561 0.10171273185336357 0.81640625 0.12988281249999561 0.7889873750890501 0.12439906206499324
2 0.734130546262918 0.12578407554824095 0.823188493936641 0.1343472326954043 0.8111720489596337 0.25931858893863796 0.7221141079528479 0.25075546309564267
2 0.6642554853676756 0.21748965434365536 0.6617790054293664 0.24260877442312626 0.5853868511796918 0.23507730566532567 0.5878633900507566 0.20995825244085778
2 0.7986710553341254 0.28881852329209223 0.7736042997427148 0.40579741628846255 0.5467168154312958 0.35717865524559894 0.5717845299627697 0.24020108510748991
2 0.7603795498589534 0.28485935412611935 0.7627357944900268 0.2664814646423332 0.8059950954523174 0.2720276258729377 0.803638888346768 0.2904054813485245
2 0.732421875 0.29199218749998956 0.7355019045972995 0.26735277450934897 0.7511268858373796 0.26930591994295766 0.7480468745204689 0.29394531633635124
2 0.6300841891552409 0.2831582066417568 0.6309415143018668 0.24972664076372475 0.6743324724715194 0.250839330945428 0.6734752077140911 0.28427083814485565
2 0.628906268080641 0.27441406400668616 0.6077316605961869 0.2726495491267355 0.6100417609942497 0.24492863260299477 0.6312163226942857 0.24669314558099745
2 0.29571915941733096 0.06148061572752581 0.2981512364523269 -0.004184549264239412 0.41272207006204553 0.00005886231162436338 0.4102900280322501 0.06572399333571648
2 0.3977663461469092 0.09242061487366472 0.39053068351313414 0.14126201061321716 0.26354339817817163 0.12244923098210024 0.27077914482765664 0.07360794116797549
2 0.277814558701607 0.1518827883816386 0.27995970172264606 0.13135129171888832 0.35184870461466744 0.13886221255005327 0.34970359712349364 0.15939367663900308
2 0.4121432421067084 0.09308445084908369 0.42539747061073285 -0.003480443600630095 0.5475597807781014 0.013287184040526074 0.5343056565201323 0.10985199275410928
2 0.5308817751249535 0.11244868178168274 0.5268795163430013 0.15647411319096816 0.4474577198085399 0.1492539792429328 0.4514600413729113 0.10522861491719886
2 0.5319543409679 0.15729016369110507 0.5259030643097731 0.2238568410966685 0.39646834775669504 0.2120902928696447 0.4025198435082302 0.14552386144727358
2 0.4130859361489456 0.0937499998602353 0.43181066144268243 0.09568703287490027 0.42861213306491663 0.1266061510733804 0.40988740792215594 0.12466911907833034
2 0.4252971750439656 0.3404003686562478 0.37632825845275875 0.33359930128245474 0.390056547980862 0.2347572353972616 0.4390250491142069 0.2415582738058788
2 0.5242417278318499 0.2307559364084712 0.5224609416088697 0.25390623701108117 0.48945311477302766 0.2513671904828961 0.49123392670151134 0.2282169177183193
2 0.48794944562291676 0.25510489807615916 0.5189586767445462 0.25836893119773313 0.5095248540555986 0.3479905821897741 0.478515625 0.34472656250000216
2 0.36378076480548316 0.34581509732438076 0.2370964803105835 0.3266933214513144 0.26415974916119467 0.147405765649099 0.39084229767081524 0.16652740620464596
4 0.06820705813686345 -0.00001831729416970284 0.06854350495939343 0.01512177638205587 0.023773945966354404 0.016116654871108832 0.0234375 0.0009765625000446882
4 0.005398941485168507 0.11304472806070986 0.007496123311966585 0.0829856976224821 0.05681091995757015 0.0864263141116498 0.05471376204070566 0.11648532208215415
4 0.03636263308544585 0.1953699082442898 -0.0036190935645663558 0.1853745546934629 0.012005984913457723 0.1228745686157374 0.051987588763154235 0.1328699057921661
4 0.10544236353337055 0.08382600790941892 0.0851192922127666 0.06930954760421888 0.10227512629478497 0.045291386594652594 0.12259818968345826 0.059807842881964966
4 0.10937501976184194 0.158203125 0.06640622075133251 0.158203125 0.06640627736146598 0.09960937499999996 0.10937497584461653 0.09960937499999996
4 0.015625 0.205078125 0.03515625 0.205078125 0.03515625 0.244140625 0.015625 0.244140625
4 0.2966257921657416 -0.000014263193034064216 0.2971129488345241 0.02483065933159156 0.24642777693702556 0.025824485107224692 0.24594062280129947 0.0009795650031507047
4 0.2322865556737952 0.1351427105751729 0.18297489381961896 0.13021155542143714 0.19220878727594481 0.03787322369078803 0.24152033513735205 0.04280437329457036
4 0.2857460487488197 0.12632752561793864 0.2555059596550109 0.1672404599011155 0.19641555902603614 0.12356496856576274 0.22665562599217992 0.08265209244092607
4 0.27892541464154874 0.0757486463118632 0.2846863576353371 0.030814017207012694 0.4052999802655677 0.046277519353596315 0.3995390956167739 0.09121209028677932
4 0.166015625 0.166015625 0.201171875 0.166015625 0.201171875 0.2568359375 0.166015625 0.2568359375
4 0.19883030834478177 0.16852944905603842 0.25706862117533547 0.17359357840750447 0.24767676546764505 0.2815999258277874 0.1894384553203281 0.2765358153817632
4 0.2564588478425094 0.317120016117136 0.21938060213676636 0.35066610789431024 0.18416833208107164 0.31174732540432376 0.22124647370117145 0.2782013168447277
4 0.048266890258901185 0.4138694508912371 0.06234459237214196 0.3564804220295838 0.19033069052750307 0.3878741241053801 0.17625352495008428 0.4452626880058025
4 0 0.376953125 0.02734375 0.376953125 0.02734375 0.5185546875 0 0.5185546875
4 0.22703456031092628 0.44880149039093403 0.20754633749652385 0.5332468543017856 0.10940709135536508 0.510599340263768 0.128895742045529 0.42615459490124447
4 0.04492186540926468 0.5351561491733027 0.04492198166735761 0.5703124995399471 0.007812505481751941 0.5703124997777175 0.007812498970110937 0.5351562587318782
4 0.19268086076897362 0.7104591519698377 0.10533643285521066 0.7053962598493955 0.11644845031594286 0.5137426060389189 0.20378971235970766 0.5188054052754126
4 0.07459652091381486 0.7038575515007104 0.13462987705554497 0.6656612396074273 0.2057232211839164 0.7773813860131475 0.14569031301959967 0.8155771260452992
4 0.16318480354266285 0.8743947244443082 0.15944567260635267 0.9342205005719731 0.06715454701577528 0.9284527992383259 0.07089438623313526 0.8686277850228952
4 0.10351583630699679 0.9990234375 0.05078114660830124 0.9990234375 0.05078147616768547 0.94921875 0.10351538728127707 0.94921875
4 0.4095945524625222 0.4554410923970332 0.40739073919826296 0.4223848725197106 0.4442062377829643 0.4199305822410573 0.4464101264703686 0.45298672004549484
4 0.4025105427707558 0.4057259111176346 0.39893765392241676 0.43788107238383106 0.3629238613822281 0.4338795751923279 0.3664968151300627 0.40172448840735436
4 0.337890625 0.5244140625 0.37890625 0.5244140625 0.37890625 0.6083984375 0.337890625 0.6083984375
4 0.24468372041349085 0.9067479523273686 0.25135103547881954 0.868976781811398 0.28265992846320387 0.8745020796434795 0.2759927975348546 0.9122730873736884
4 0.7480468730217353 -1.4817783924546882e-8 0.7480468912916649 0.08105469143250625 0.6767577959776645 0.08105467425927683 0.6767578125 1.9530593590861908e-14
4 0.6399374864811307 0.04699998387915061 0.6462343923568596 0.08163281255889772 0.5812656256380251 0.0934453102636697 0.5749687473321501 0.05881250522070686
4 0.713498043531672 0.1283315153096141 0.7103749833700022 0.16643371665118195 0.607550125412331 0.15800553790811328 0.610673263821127 0.11990342265069492
4 0.6740355332750596 0.2556778939732911 0.7033324117522852 0.25763097327478557 0.7003508715138196 0.3023541054141374 0.671053993397436 0.300401029830008
4 0.5610395931814764 0.4042484625052192 0.565313779805706 0.36151162318176683 0.7176960723934371 0.376750459187069 0.713422307399469 0.41948691117679016
4 0.8020282788603481 0.3523286985527607 0.7995642740764879 0.37204024946934017 0.7709585136692567 0.36846454320149846 0.7734225450395797 0.34875302333293046
4 0.5849946348322419 0.45760371450147536 0.5831963708714056 0.42703390020277265 0.6185748598260261 0.4249528875102705 0.6203731920037399 0.4555226287049158
4 0.655368695181437 0.4364041709264298 0.6888100354634616 0.4326886981661413 0.6926210038631098 0.4669874738670545 0.6591796650340029 0.47070293781212474
4 0.6197968565157908 0.5462893140058904 0.6148892711379403 0.5871850397135852 0.5048333944303067 0.5739786645216196 0.5097413119697194 0.5330833267359395
4 0.64307484939593 0.702482795617369 0.591715736201536 0.6997800415672286 0.5964101501019741 0.6105944567403503 0.6477683467572888 0.6132971866071922
4 0.5981305970657331 0.6983795806148637 0.5709083787595546 0.6994683175260532 0.5694576744856477 0.6631981077930134 0.5966796875 0.6621093750000019
4 0.6143934774545414 0.8008868659845367 0.561989047635393 0.807436248408341 0.5537111384147693 0.741210075748751 0.6061147560390054 0.734660744681873
4 0.5919619549159734 0.8257210966501555 0.6699787535545738 0.861469818232847 0.6177615670272871 0.9753986411577036 0.5397451390346077 0.9396505315647502
4 0.4378755598365842 0.9280894080110124 0.4599416946657584 0.9094230971501325 0.4831297439395712 0.9368274077200875 0.46106369729955077 0.9554936233832717
4 0.701216087204557 0.9936240162451503 0.6635572783877706 0.9849360018125307 0.675144626396559 0.9347257384240101 0.7128028865240594 0.9434136869283317
4 0.7169918322221065 0.795313482574219 0.7404298206033673 0.803124570268013 0.7298830929117912 0.8347647552269785 0.7064451197426251 0.8269536998474278
4 0.6446985396897844 0.9689981782334635 0.6437865391619653 0.9516736151933366 0.6694145773409446 0.9503248715122836 0.6703266391779152 0.9676493694637371
4 0.44724123801051974 0.986960117688204 0.434097269007907 0.9682869784289538 0.47343104085518917 0.9406079314028021 0.4865749715155516 0.9592809386933647
4 0.974609375 0.0390625 1 0.0390625 1 0.0712890625 0.974609375 0.0712890625
4 0.9921874889182618 0.18945310478061095 0.9921875040698751 0.2041015609364299 0.9648437524992914 0.2041015716325123 0.9648437493457322 0.18945312745484022
4 0.888671796683866 0.40039058140151623 0.8886718824652462 0.44628908130619976 0.8515624893781251 0.4462890447566528 0.8515625132744162 0.4003906540199456
4 0.9142743027986171 0.44729692700830537 0.9207451664012751 0.4036230164068587 1.006465317051834 0.4163228304295923 0.9999947329814631 0.45999648752911865
4 0.9999998159717052 0.4707029806135508 1.000000016022227 0.520507825117467 0.939453116726213 0.5205077986387067 0.9394531446654355 0.470703180935977
4 0.855825465975613 0.6130479391266838 0.8679085114050622 0.555661543070382 0.9387802880999061 0.5705825052579059 0.9266976739017991 0.6279685224134706
4 0.971565229328121 0.7675709460284101 0.9690870281148136 0.8096998277963705 0.8569977633575263 0.8031065616078488 0.8594764942857864 0.760978249209161
4 0.8851275267279561 0.7985692187615084 0.927403651716304 0.8002599030499798 0.9246642926307231 0.8687442552946932 0.8823881684708113 0.8670535857257582
4 1.0052132504246174 0.9580653900932999 0.9989592716358402 1.007199899540135 0.8772784054571048 0.9917148057102486 0.8835331439647689 0.9425811821693157
4 0.8526291335595033 0.9709590281698186 0.8757061694115009 0.9738428013621953 0.8721305027103199 1.0024481925525623 0.8490534691536595 0.9995644318482162
4 0.8108994931063762 1.000024956243699 0.8102067382668565 0.9827088824353595 0.8354787452853998 0.9816981273984928 0.8361715634340499 0.9990141350743996
4 0.7532338112221169 0.9282950768395316 0.7801773943447188 0.9307438182063498 0.7769115224425605 0.9666685646952757 0.7499679410402678 0.9642198360773676
4 0.8806281724453129 0.9582659074846146 0.8485004828439742 0.9564815094391286 0.8508384327919885 0.9144024668004035 0.8829657362559828 0.9161868540824527
4 0.849609375 0.8359375 0.865234375 0.8359375 0.865234375 0.865234375 0.849609375 0.865234375
5 0.15976023300777342 0.3818935913701397 -0.005772853025746372 0.3653408916452753 0.00014504407602089486 0.3061668637661901 0.1656771221882991 0.32271951325865394
5 0.23046875 0 0.255859375 0 0.255859375 0.099609375 0.23046875 0.099609375
5 0.2109375 0.1484375 0.232421875 0.1484375 0.232421875 0.1748046875 0.2109375 0.1748046875
5 0.17499994464640167 0.25917982384395666 0.20898440921541805 0.27050770431910404 0.19042968589121756 0.32617179588438916 0.15644523518074038 0.31484394498590146
5 -0.014387526577706922 0.7549611295779279 0.06825782642908962 0.6862497321227982 0.17712914283515602 0.8171760867628836 0.0944850885816777 0.8858860721689897
5 0.09292479289638322 0.9071017668996849 0.14896427002543078 0.9124374105343052 0.14038367691148324 1.0025336805507516 0.08434420882940685 0.9971981068793702
5 0.41406241603806393 0.9892578385725396 0.41406262118732684 0.921874905559429 0.443359322091851 0.921875095231086 0.4433594045394784 0.9892577398066561
5 0.4563089273535752 0.9069534389829288 0.40495748150772215 0.8994397112612987 0.47427056852916394 0.4258271361222744 0.5256170895240757 0.43334049691287513
5 0.777757418032138 0.465194559312039 0.8305060879721395 0.4737010407315758 0.7450434769763206 1.0035783425176779 0.6922949293226566 0.9950723722753606
5 0.0677154199972847 -0.0022562278399082835 0.0879900135673779 0.0007350701005156728 0.04201992248727038 0.3123119293298485 0.02174533354968844 0.3093206533093498
5 0.3235905383384079 0.584489477698613 0.33945282766103446 0.5862134170878874 0.32458555384619103 0.7229931474992717 0.3087232682927379 0.7212692315958409
5 0.34601784989320095 0.4355790318910831 0.36416921133695723 0.4383953912902134 0.34273122599176986 0.5765524567965612 0.32457987147779477 0.5737361277771542
5 0.28772157712205626 1.002963462911205 0.26355983945711614 0.99957319925671 0.2878211071038095 0.8267175391875073 0.31198169225945094 0.8301077210563251
5 0.5498208704185572 0.38010083154701924 0.507143775796635 0.3748134698116736 0.5541151360561116 -0.0043055570935634615 0.5967912582095778 0.0009817416702297137
5 0.8485951817007162 0.41590492339968926 0.7863857716033635 0.407498435171209 0.8423886246406482 -0.00691427027297875 0.9045961642431166 0.0014920778015771981
5 0.7141417788931221 0.2497970382895164 0.6970459350525289 0.2472326940285591 0.7278972030192108 0.04155763865500896 0.7449928814299938 0.04412196979594351
5 1.006761985842786 0.4260990776587965 0.991293827475829 0.5469541435493914 0.15071331160743284 0.4393487126819979 0.16618706604276667 0.31850069751804116
5 0.37757799321946095 0.35597652368992516 0.36007778286841585 0.3534765271830111 0.41078131553047115 -0.0014452976353681482 0.4282811698357136 0.0010546720063917422
5 0.4478127757687389 0.21230291079918792 0.44415419220854346 0.23582239076196404 0.3939793741911899 0.2280174747029889 0.39763799005754663 0.20449803426937482
5 0.49834070751012405 0.21922523291022167 0.49762341923474196 0.2299847805329947 0.44654831938726147 0.2265798414782865 0.447265625 0.21582031250000283
5 0.9332575355954305 0.29178403985906065 0.9363795549912766 0.2574441397400427 1.0031219045029047 0.2635118632737152 0.9999999907147412 0.29785166463438434
5 0.8670546313837804 0.28510504262621805 0.8677867935695076 0.2692433847060697 0.9399887060902756 0.27257601653566327 0.9392565948637639 0.28843762525047767
2 0.9566798026797869 0.7062477684131488 0.9628870958706557 0.6338444655031038 1.0062069426351172 0.6375579927159107 0.9999999973218792 0.7099609687400386
2 1.0012056442516268 0.6232286515409575 1 0.6376953125000454 0.9717132584993351 0.6353381295140808 0.9729189384169104 0.6208715077564412
2 0.9306573729201091 0.6243117993305896 0.9328598493221989 0.63679081352341 0.9123586981261269 0.6404086766946916 0.91015625 0.6279296875000064
2 0.9255410669326238 0.6715868219253796 0.9274145025985945 0.6509829227591956 0.9628108486085694 0.6542009420075879 0.9609374927792942 0.6748047669154711