5 -0.009176750225947217 0.12422823438198664 0.006473990334029622 0.01728628814096149 0.3225420794301499 0.06354176946438492 0.3068918993635634 0.1704832069066039
2 0.0009765535182850726 0.833984374873528 0.06459180458341507 0.8348801477769977 0.0622582696689733 1.0005603773108247 -0.0013569809051432458 0.9996646251868614
2 0.0010102243486471707 0.981849578352177 0.01589440075690618 0.9827248553897494 0.014884176207488053 0.9998987122654518 0 0.9990234374999984
2 0.180618007646558 1.0121440337815126 0.062070842401453774 0.9989757664057631 0.07905598736203956 0.8461339651770935 0.1975979806666146 0.8593019404285108
2 0.0751236632634118 0.8463474562272408 0.12700073796088418 0.8521101932978405 0.11880724663501496 0.9258519645448474 0.06693018132079942 0.9200892851360796
2 0.0009765451521843715 0.6523437498935897 0.12188601081584238 0.6530853982440404 0.1208538181001586 0.8213355111086271 -0.00005564696346027631 0.8205938767227633
2 0.14609344635050547 0.6628917571222446 0.22407903142595842 0.6723429814006031 0.204250967639382 0.8359251138169858 0.12626541333872865 0.8264740665265713
2 0.05757030958591258 0.6324016311840135 -0.003933633849783291 0.6272768555167584 0.0012594384085105048 0.5649651261115145 0.06276267744749475 0.5700898720872595
2 0.0941529811724422 0.5807429355262869 0.10553791076040397 0.516997207890167 0.23323230640392012 0.5398010264732447 0.22184818062669365 0.6035460365060861
2 0.07811303954758841 0.6554557758484847 0.08071288581584213 0.6138701164331455 0.2170211856281412 0.6223901626862558 0.21442192398080806 0.663975268476779
2 0.10131339347935864 0.5508416966326118 0.07205683403583407 0.5484038614349137 0.07450840225544653 0.518985772154321 0.1037648214202136 0.521423601470624
2 -0.013650586317112356 0.4695119508632831 0.0017151350857602665 0.33124451570611824 0.24695132403189746 0.35849498244188865 0.23158790983359268 0.4967604167675614
2 0.25852730487724784 0.32564406437131166 -0.0025913364961525076 0.286477016454024 0.017537853858129893 0.15228918056007965 0.27865412028575065 0.19145605612234387
2 -0.006312375877769227 0.28434634992923885 0.0005002412841577097 0.22303719882444434 0.09010581032543996 0.2329938135645724 0.08329342850731791 0.2943027542282378
2 0.5129811158856228 0.14092351926612756 0.4344294899436818 0.1304499792599819 0.45301416076245005 -0.008934053763768652 0.5315655561248604 0.001539470210878901
2 0.8236276469150425 0.025996370044550195 0.8116307123062825 0.11097558975605298 0.5739279757766553 0.07741762034337236 0.5859250496695267 -0.007561399291667625
2 0.43210989557712765 0.2192634337692295 0.5992187069161901 0.13434181371163412 0.6807658240766159 0.29480827638179663 0.5136574976612565 0.3797292661474712
2 0.7969350355186862 0.3237710162406166 0.7040543112326532 0.3113871314935482 0.722503008183935 0.17302656853456103 0.8153827591637537 0.18541038723166306
2 0.7819712201580842 0.3706399569115273 0.9060005280774703 0.7116504230334625 0.5015505229509927 0.8587194206785234 0.3775367657140123 0.5177217900419643
2 0.4486684183436864 0.9990396326231525 0.3275764130804646 0.981987863239274 0.36947946582165514 0.6845238501823943 0.49056251553292896 0.7015749898026984
2 0.7835310351628095 0.822555639644497 0.8478384497700517 0.9356168380235075 0.7069872269921689 1.015706938304691 0.6426827800394221 0.9026483084601004
2 1.0000012637253803 0.6689453125 0.9296862656890426 0.6689453125 0.9296875179750259 0.46484375 0.9999999939244617 0.46484375
2 1.0000000713096142 0.1669921875 0.9609374969238615 0.1669921875 0.9609375845923296 0 0.9999999995806093 0
4 1.0000598593010182 0.9921030496193716 0.9085228935663281 0.9927091042549989 0.907490584045263 0.8365435407330735 0.9990234375 0.8359375
4 0.9048282307917361 0.8801754679592522 0.8541969441367883 0.7820947570400075 0.9541453914308704 0.730509859903192 1.0047768698983646 0.8285892140013738
4 0.9433139364508634 0.8627345906653031 0.9223502672032282 0.8951259149520551 0.8846119001977968 0.8707070999566628 0.9055755382300958 0.8383159688530805
4 0.7828818000679121 0.8103023980750101 0.8615174769744272 0.7565111631579043 0.9218794421711891 0.844735241147139 0.8432443715524869 0.8985257485549262
4 0.7422481471809306 1.0000353985672377 0.7414362333494182 0.9341929603067863 0.8255276020640849 0.9331562272330727 0.8263403214693881 0.9989978482621946
4 0.5450985246707205 1.0000447637505363 0.5446570641237258 0.9535637940357702 0.6912577191560558 0.9521703313703804 0.6917001826761862 0.9986503015915192
4 0.6594718480632764 0.7607569952339992 0.7624371644158146 0.7659041896924761 0.756896883526224 0.8767110015992267 0.6539315713772567 0.8715638781415406
4 0.8025568861326065 0.4910638043750087 0.903758357339143 0.5040736053330059 0.8653194614317954 0.8030503712785262 0.7641180583660798 0.7900409512539143
4 0.8224608725081453 0.3550781362826859 0.9157031823672241 0.36839775484224463 0.8960156770617687 0.5062102519469727 0.80277339060126 0.49289075523501624
4 0.8964121832217415 0.3245068767875472 0.8655637632017488 0.3203240749516162 0.9006797459973086 0.06134746647975952 0.9315276999844855 0.06553023635355816
4 0.9390147154829265 -0.00001855759617207706 0.9397175625796308 0.020363995712713814 0.9108590960966012 0.021359114702363922 0.91015625 0.0009765625000288903
4 0.820575142437292 0.03948007141133629 0.8753030576708625 0.04269934395854793 0.8663119645267443 0.19554821266701167 0.8115840500533977 0.19232894867509334
4 0.6710425862701186 0.10478899648181737 0.6617918794761408 0.1483997268627683 0.5592218766992119 0.1266425388893319 0.5684726421782216 0.0830318877042545
4 0.6662275182507074 0.1585958296426179 0.7088030865380688 0.09546723935227128 0.7677169684493492 0.13520011258070003 0.725141516875965 0.1983285991856369
4 0.5260496397844463 0.3397503115666435 0.5435601725341712 0.28021738313318695 0.6365075511185978 0.307555315362249 0.6189973528078099 0.36708795685819723
4 0.6795763968153778 0.25402246618825436 0.6947794247095089 0.2827385729665854 0.6586149764999618 0.3018844304178064 0.6434120067800677 0.2731683736013748
4 0.7694242419198645 0.3174227769773488 0.7659460717517277 0.35046547012872586 0.6925406392875857 0.3427386623164458 0.6960189168855777 0.3096960912962594
4 0.6178272413442301 0.3819211463718538 0.5862268580350474 0.34059870179882384 0.6597380833025 0.2843846900834689 0.6913383801693271 0.3257069381274937
4 0.3704132903263826 0.18487746313082418 0.39136289590260276 0.1294235800138044 0.465579863612561 0.1574613375937472 0.44463039164440943 0.21291510822939008
4 0.3671875 0.232421875 0.412109375 0.232421875 0.412109375 0.28515625 0.3671875 0.28515625
4 0.4734808327028759 0.15766649480074604 0.5063041782830169 0.17097311329007925 0.4897994369742946 0.21168482504735348 0.4569761005076316 0.19837822294648197
4 0.421875 0.224609375 0.451171875 0.224609375 0.451171875 0.306640625 0.421875 0.306640625
4 0.5725081443001727 0.19621689954513608 0.5633847953549775 0.24791577454495464 0.5132458281904064 0.23906774169312614 0.5223692449757209 0.18736895120253205
4 0.39857087518896606 0.3738154110979465 0.39785652355840284 0.3330862805733128 0.4973323115154926 0.3313415175803186 0.4980468770072548 0.3720704269076029
4 0.599762218489218 0.5411584427083485 0.546544105781436 0.4910739717625996 0.7178169883565033 0.3090966490589067 0.7710341059962502 0.3591802586635199
4 0.3852605902734467 0.763503989462001 0.3143759853857091 0.7537283331967558 0.32530249498131525 0.6745168743580401 0.39618587647362347 0.6842924450336141
4 0.42452708349378554 0.7936918106800951 0.3853676064514957 0.7954714756660999 0.38238386341026853 0.7298221767901537 0.42154274171696215 0.7280425254671203
4 0.6120919512480896 0.604377774823859 0.6357621275320753 0.6218709842605675 0.6035734905923391 0.6654202396738764 0.5799033930184123 0.6479271217886322
4 0.5537100910775052 0.6406257359892378 0.5771492430911849 0.664061695509924 0.548829294023335 0.6923815766914551 0.5253902373889332 0.6689457125053835
4 0.5430645125195497 0.688226181366069 0.586376002927409 0.6901089661650603 0.5808778089779025 0.8165681844103835 0.5375663203602699 0.8146854269195407
4 0.5954374128070867 0.6365738444450382 0.6919776686154364 0.6583384218352083 0.6336456667334005 0.9170335375544374 0.5371056245918453 0.8952696488456953
4 0.5833452061834805 0.9232783727080474 0.5459078223634606 0.9776102775210574 0.4566923864731507 0.916151161313819 0.4941295661858476 0.8618200687909549
4 0.06249986839270605 0.9619140794582286 0.06250003755644684 0.9140624322207529 0.11132801445421592 0.914062660567242 0.11132817966597486 0.9619139715047058
4 -0.000026394506789984007 0.9044551937331438 0.02112096604889757 0.9037732050592588 0.023100468614643432 0.9651383303167426 0.0019531083547690287 0.9658203130367925
4 0.2553798883792524 0.48481362808677514 0.23428710483506165 0.6017856806899274 -0.01968746997965809 0.5559883253822776 0.0014071423620407586 0.4390186528714411
4 0.21709113590850393 0.5184210289502531 0.2749544965768109 0.5205638868550898 0.2697479872687154 0.6611406050107732 0.21188462794725638 0.6589977741680628
4 0.19912464088372417 0.5979980386033289 0.196427837989404 0.6357520534390484 0.12661079472434267 0.6307651979105118 0.12930782531793739 0.5930114306933961
4 0.08528023637074966 0.665754504738969 0.04351008817343427 0.6615779636699405 0.052783079828827795 0.5688528841700001 0.09455250233281731 0.5730293887045651
4 0.23068029923229005 0.8293910023760648 0.19499531733515596 0.818413149597253 0.20867809865308118 0.7739448659818308 0.2443627043530796 0.784922656895627
4 0.22105743942631761 0.7065992118406269 0.2471135316653772 0.7083360028271872 0.24435668767330299 0.7496887722603751 0.21830059622152476 0.7479519892603459
4 0.21887119628513574 0.8401159511537414 0.17664576914989993 0.8588789187117019 0.1601752915138377 0.8218200384810065 0.20240034359630954 0.8030571669865092
4 0.1153962013322598 0.6678230960689254 0.15773372558237497 0.6700510349442639 0.15247325984057625 0.7700004042832773 0.11013573736681792 0.7677724898440181
4 0.13014290713761056 0.7885764439426508 0.15675326832820247 0.792123775625597 0.15112417484681373 0.8343421193675518 0.12451381733330891 0.8307948063554592
4 -0.009066616805625927 0.33571056993474196 0.011556220390389171 0.24071128841183576 0.30421073152069766 0.3042385709917439 0.28358947532774437 0.3992365039089433
4 0.24381840859803106 0.42810613995139774 0.2761589990010407 0.4257962393176905 0.27880612261844817 0.4628560510048961 0.24646553287618644 0.4651659458078259
4 0.26171875 0.1640625 0.3046875 0.1640625 0.3046875 0.2333984375 0.26171875 0.2333984375
4 0.193359375 0.177734375 0.236328125 0.177734375 0.236328125 0.2080078125 0.193359375 0.2080078125
4 0.12619214318272043 0.09279184511643211 0.12214035634440279 0.12547675785170215 -0.004051839665862644 0.10983327360085057 0 0.07714843749996197
4 0.16015625 0 0.212890625 0 0.212890625 0.0556640625 0.16015625 0.0556640625
4 0.29586703788243085 -0.015106814010230002 0.3441870565980025 0.018819990795036438 0.28583137400312353 0.10193260734891058 0.23751136931173278 0.06800582357044477
4 0.11914062935704806 0.04980468749999998 0.08789062164839834 0.04980468749999999 0.08789062737400855 0.009765625000000002 0.11914062439484496 0.009765625000000014
5 0.16789960722212527 -0.00000917293901184225 0.16825149924375182 0.03482787374347773 0.07066438295260014 0.0358135939513509 0.0703125 0.000976562500012121
5 0.12011718743576694 0.011718749996940536 0.1355212457079915 0.012452276442689756 0.13447840073490624 0.03435202201235541 0.11907434246893445 0.03361849562404861
5 0.10199517354203635 0.008037975872166038 0.09781469811719035 0.034165974458399286 -0.0027362040109437658 0.018077831987429998 0.0014442754984429484 -0.008050160573883016
5 0.2820012005082617 -0.0030799325437660626 0.2917668363074881 0.045748199041987736 0.21702223127408615 0.06069711078954139 0.20725661224048508 0.011868991643784112
5 0.1825172314457859 0.8376842517764643 0.1770633444765508 0.8663146523708339 -0.0031548240154961604 0.8319891130711399 0.002299570031368603 0.8033593729145504
5 0.30711582952892513 1.0118703827062696 0.18236477466950873 0.9956500512300688 0.3135296176146767 -0.012945384365220585 0.4382652891666794 0.0032740892458811193
5 0.48357352916423224 1.025906676284435 0.45706151407125617 0.9673460129810678 0.6585443969015614 0.876152269586982 0.6850569498228651 0.9347110947877713
5 0.6609997509115146 0.8912555659550746 0.6540678769571286 0.878048196140926 0.7594189582995341 0.8227666990751322 0.7663508563418873 0.8359738640740179
5 0.8439558630522015 0.8997089293831712 0.8323712607848393 0.9077482999421754 0.7745484308882169 0.8244455130569646 0.7861328125 0.816406249999975
5 0.8906253096647561 0.8759765578790168 0.8690867580397708 0.87629796769031 0.8669430833122078 0.732644118045017 0.88848088570046 0.7323227137809425
5 0.796875 0.900390625 0.8515625 0.900390625 0.8515625 0.9990234375 0.796875 0.9990234375
5 0.8890586129750773 0.7417589272803264 0.8657912891926571 0.7387889075859829 0.9097683904902851 0.3943156517406144 0.933034369934262 0.397285586090196
5 0.7858387399926414 0.8076719543968711 0.7778222393787928 0.7932445037052704 0.8725123115240194 0.7406401033784461 0.8805288201917847 0.7550673683647524
5 0.8835232856361017 0.7639001360989737 0.8763877833719107 0.7449780790324644 0.999397707760977 0.6985981892186788 1.0065333259636873 0.7175199648095049
5 0.9403855851293201 0.7409670542461552 0.958860219658618 0.7308918701406437 0.9956960616792685 0.7984249923498797 0.977221490872239 0.8085000855848933
5 0.9250637759265601 0.34644252697060834 0.8331847180974137 0.33471342184440456 0.8771243511148441 -0.009473620507840909 0.9690019171816857 0.0022553935387189345
5 1.0000000899825636 0.21679687500000006 0.9453124941092028 0.21679687500000006 0.9453125671553835 0.15624999999999997 0.9999999712821364 0.15624999999999997
5 0.9328448890887557 0.3455422133572722 0.9336893501176746 0.31599041587575666 1.0002086965524768 0.3178911485853725 0.9993643378197703 0.34744284514606594
5 0.5425092845770223 0.6714212504158217 0.3374289057073838 0.6440805237349699 0.3477675407306151 0.5665526042488689 0.5528449178536903 0.5938931273092382
5 0.5574241155205755 0.42383981165139584 0.5451479606808789 0.5045133837336722 0.360065213711664 0.4763493783303422 0.3723422090438362 0.39567684934229336
6 0.6546260260248573 0.8903616468187732 0.6306619966854896 0.885797972005475 0.6568782516079636 0.7481672272766218 0.6808414607260147 0.7527308215630153
6 0.3158797071762365 0.989986282256232 0.301236303414953 0.9857361107489722 0.33635912263093815 0.864758855568385 0.3510020336875641 0.8690089507192026
6 0.8099015993198009 0.3350303987280484 0.8239320772942165 0.336379413769248 0.8124023464540642 0.4562893673092161 0.7983718698773146 0.4549403621435302
6 0.7750528721800265 0.8293889212580847 0.7504895714832855 0.8274109230540526 0.7750946148728417 0.5219194699390073 0.7996563076636676 0.52389740132476
6 0.8947075261656892 0.46858732090215666 0.902516769172621 0.49076220049397284 0.6718712352658258 0.5719791354441027 0.6640625 0.5498046875000506
6 0.7983279131384506 0.4429783013994211 0.8090463066515667 0.44416915166891896 0.802186568124057 0.5059069391595805 0.7914681754846242 0.5047160942502471
6 0.4552343048427474 0.2625780613952197 0.4885162625511157 0.3069527042925296 0.4421098047541818 0.34175746359298065 0.40882797591211784 0.29738293801221904
6 0.4580123597675083 0.33042573363888245 0.46933130683203217 0.31293350269790576 0.5058547879910975 0.3365664884278406 0.4945358850195589 0.35405868051139167
3 0.9470236270977921 0.3171062733817394 0.9532377447789031 0.22390058842014285 1.0061274749954237 0.2274267801622654 0.9999135756775104 0.3206322575352111
5 0.5354789479880537 0.7607090703343827 0.551305325966382 0.7989479181029716 0.47568727119357845 0.830238290838269 0.45986134000327183 0.7919998215459806
5 0.3493559360767904 0.6092822595897172 0.3498926400053506 0.590866153338364 0.4536614979543856 0.593889637268686 0.45312497438203536 0.6123055668253539
5 0.3354814801878092 0.6877404845673005 0.3363073003581576 0.632481287193008 0.5470224352491186 0.6356283650328468 0.5461978062853632 0.6908863828479124
5 0.5371094751913006 0.7724609541958822 0.5082871322407527 0.7676579970012501 0.5212467839040755 0.6899023300182399 0.5500686354429263 0.6947052456323182