2 0.009765625 0.083984375 0.078125 0.083984375 0.078125 0.1533203125 0.009765625 0.1533203125
2 0.32783997835906575 0.028295141097861583 0.3421112541996081 0.0882343068130732 0.27451465399269637 0.10432871672210979 0.2602434276376471 0.04438959441959316
2 1.029297057156441 0.18457031119201944 0.9980468923099579 0.21582028145111995 0.9414061520224095 0.1591796171404343 0.972656258048346 0.12792970704680726
2 0.8717482823119553 0.21727802755358022 0.9076708620131058 0.254870574584755 0.8523820541273608 0.3077020681770055 0.8164595902954943 0.27010963522721204
2 0.7587967574343111 0.31228714230728616 0.7819708525822762 0.290740157032713 0.8384274660261326 0.3514581311074378 0.8152534584073692 0.3730050260581515
2 0.4407303684707813 0.24917656067672464 0.4719771720715471 0.19955059042047227 0.5367294665277313 0.24032095141032478 0.5054828243900147 0.28994677980665157
2 0.5828230717734186 0.5988543097230857 0.561483899928021 0.5120804145804837 0.6479860213056554 0.4908100702813492 0.6693256198539075 0.5775833126313841
2 0.5038310532709147 0.48888167496656354 0.5620493874578187 0.4772389982078801 0.5812050556882014 0.5730177237218741 0.5229867490597826 0.5846603084661824
2 0.5247498083818982 0.583389512771619 0.5866251760337491 0.5721408507742285 0.6045470155810335 0.6707119813862864 0.5426716765992978 0.6819605354196955
2 0.5675837119156313 0.5094241740960658 0.5545788650769055 0.45926552487231287 0.6097535856009699 0.44496117007199326 0.6227585661780495 0.49511960722100606
2 0.8497734169374098 0.4780488197810382 0.8448909226051455 0.40480616846737927 0.9972084007202966 0.3946526122515184 1.0020915828223451 0.4678945148033844
2 0.935546875 0.466796875 1 0.466796875 1 0.638671875 0.935546875 0.638671875
2 1.0000002633236136 0.4345703125 0.9433591219308255 0.4345703125 0.9433594316072913 0.34374999999999994 0.9999999717869059 0.34374999999999994
2 0.7791509243759265 0.937272063292489 0.7345220571093023 0.8703444325295865 0.8007777548198192 0.8261742663022643 0.84540647927588 0.8931011860293621
2 0.6376054272950569 0.8898382495326054 0.6655494483089797 0.8671395277808829 0.7008894471260874 0.9106355177703616 0.672945584559443 0.9333340649370103
2 0.2131871392341509 0.9457370030873 0.224609375 0.99902343750002 0.158319036520993 1.0132282902299306 0.14689741768154363 0.9599423921586194
2 0.8110427682737509 -0.025351417306201086 0.8549394435854083 0.004253307681520424 0.8003201945990668 0.08524045842374844 0.7564235295315029 0.055635747909430044
2 0.7145852929490957 0.05453971260859144 0.7387720050215876 0.08529546860760588 0.6335698013831461 0.16802740867235888 0.6093831651633081 0.1372717215932371
4 0.0009767180416702104 0.8534894167576728 0.1667227169252783 0.8546015021709817 0.16574599846319416 1.0001354999800947 0 0.9990234374999999
4 0.3761440111122738 0.9964397145399801 0.21003316373275993 1.017198013428451 0.19094138481716527 0.8644348054133644 0.35704510650941756 0.8436769553248328
4 0.3616546734907615 1.0000716458267287 0.36116845309857126 0.9025443083445499 0.5698233711866578 0.9015033767057195 0.570312521492383 0.9990277219209521
4 0.25384263752323477 0.8674833058550111 0.23660460578048514 0.8462716981294885 0.2732601900042937 0.8164893008400967 0.29049815145026514 0.8377007803338229
4 0.34375239866938045 0.8740218993246991 0.3243684145121506 0.8449522728181594 0.3532142241386964 0.8257217968384594 0.3725981816298827 0.8547912930517619
4 0.43856639238254047 0.8591371789754507 0.41361558871426496 0.8907346888738296 0.3813808323874355 0.8652863361427172 0.40633155077807714 0.8336889978236464
4 0.4173049666737825 0.7436066671086803 0.41859035755885543 0.6973635452133772 0.5244112821470708 0.7003041723726491 0.523126444359832 0.7465467556998949
4 0.53125 0.755859375 0.572265625 0.755859375 0.572265625 0.861328125 0.53125 0.861328125
4 0.5312496586195721 0.8593739492070772 0.5312503931493211 0.9033199692086505 0.4218750382418648 0.9033206496208269 0.4218749493924179 0.859375274502156
4 0.4129533936484222 0.8574409111670586 0.3691088812761336 0.8550713961656088 0.37507699915795456 0.7446729144985672 0.41892032924045 0.7470423974473881
4 0.8279667213986386 0.939120986415905 0.7961530534072381 1.0336147005923981 0.5544001274440689 0.9522387932760161 0.5862155422374826 0.8577485031200497
4 0.5609693295906482 0.7524151860099948 0.6066378118597413 0.7321219763247423 0.638491652530206 0.8037941151476423 0.5928232851634903 0.82408713556791
4 0.6965122123659739 0.8872617155165583 0.6784971325703282 0.8428335254500281 0.7611441725208579 0.8093284018085062 0.7791594401172688 0.8537560780764452
4 0.7933940255039715 0.9615083913364465 0.7321011787626048 0.990534240857759 0.6839415142375174 0.8888619592166382 0.7452327005591997 0.8598365721768507
4 0.7903834528905236 0.767977117363414 0.8744840771385043 0.7469567113250952 0.9149823981155123 0.9089540728362892 0.830881938343623 0.929974031130018
4 0.9706916051102326 0.7811087426695551 0.9022181090842878 0.8467183696534565 0.8317631552706644 0.7732004526613944 0.9002357842994115 0.7075916072259644
4 0.9623475593434705 0.7534266255791853 0.92184089518571 0.7250765029583581 0.9442298242422567 0.6930925898353928 0.9847362408878553 0.7214425901309894
4 0.9286331047841259 0.7045312106041303 0.9230856518482824 0.6657030299672236 0.9832417633765544 0.6571095088612323 0.9887894190446787 0.6959374468572438
4 0.8378905410921789 0.9999999942552126 0.8378910186504527 0.9609371921940717 0.8984376083126335 0.9609379017995056 0.8984374848213292 1.0000003481060782
4 1.0000200986227128 0.9998031679924709 0.8850729452481119 1.0002401357587187 0.8840843333376824 0.7387182023544573 0.9990234375 0.7382812499999998
4 0.7149119952082401 0.8110836026551945 0.6867138448486685 0.831758224507775 0.6662852208658023 0.8039009853836784 0.6944832066700428 0.7832264514021735
4 0.0969756119820886 0.7329562116244827 0.0467528658214178 0.7797081835753158 -0.013639894056836965 0.7148416930157842 0.03658231377619359 0.6680901759747527
4 0.0009765554912064545 0.5195312499194473 0.059450332469509704 0.520203293545169 0.057872613155495856 0.6574651930474577 -0.0006011637212850474 0.6567931576997719
4 0.31657976273731947 0.5446051172371592 0.3439307825670994 0.7785276932269667 0.0700723824763827 0.8105358060042994 0.04272857673186081 0.576619702677019
4 0.35546895554034563 0.7431640718412884 0.30913319409694395 0.7410582286564326 0.31171283189246424 0.6843127704817064 0.35804801929816676 0.6864186005619859
4 0.32683010464438667 0.7502618740212769 0.31066251962897695 0.7634876887704541 0.2943893291886752 0.7435982437947735 0.31055685489229745 0.7303724676803808
4 0.024560387867381905 0.5263429531106317 -0.057319798371850084 0.46763954028486204 0.021385198165148722 0.35786907096622067 0.10326434953810804 0.41657194618780574
4 0.10063617747869102 0.6238407560830355 0.01741262881171224 0.48010140241247173 0.18278742253278324 0.3843589826415021 0.26601097861544076 0.5280962320124853
4 0.4097547670133963 0.6817113120633341 0.352669136106897 0.7070798166632729 0.29729712955634113 0.5824923851111382 0.35438147750357984 0.5571242071126445
4 0.41615565505833274 0.725596837827582 0.37562795680935324 0.7607154857994645 0.33960445951174734 0.7191499419515206 0.38013186764771945 0.68403150577767
4 -0.012810515324417793 0.18226770760285924 0.07101615407259487 0.14828456869083392 0.1286907370862309 0.2905493451819425 0.04486417638838702 0.32453229637764935
4 0.17578117585446762 -3.6677976126188823e-7 0.17578140671344045 0.23925791439075245 -3.8403527469199616e-7 0.23925745758846367 1.245099383595516e-7 2.9814193080222486e-9
4 0.2528638060349522 0.4397488569562912 0.1804958044798468 0.45650025796621463 0.12404534432675973 0.21263213509352605 0.19641156743705324 0.19588095096050046
4 0.1967276012766206 -0.00007715172848043789 0.19776710431494848 0.03214738282330891 0.1584934538335574 0.03341427325207019 0.15745395419503438 0.001189741888258304
4 0.2369626958485469 0.1369216840673776 0.17958456355040653 0.13512862006039097 0.1838557946482524 -0.0015482073933087079 0.24123378893159497 0.0002448546999952766
4 0.33669232683405426 0.17199308996825136 0.3319516644784244 0.1160520554163525 0.41652034830440243 0.10888538431913834 0.4212611029327036 0.16482631784094748
4 0.37914717470607684 0.11731295437640542 0.37809936461860616 0.07854269656720371 0.42689182888580035 0.07722403022630848 0.42793966663862193 0.11599425831407616
4 0.3103965698215916 0.11155342373862169 0.31798382014665094 0.1494891634977913 0.21319110897206883 0.17044771392637978 0.20560395902305117 0.13251206372930302
4 0.19258718726177904 0.18676926772005376 0.23867696149056883 0.16884588128588093 0.29360242823509 0.3100837920253789 0.24751271220634408 0.32800707446584204
4 0.2552848996972443 0.1861787932710844 0.269071716526355 0.19445077868417845 0.2559743119608129 0.21627979146313223 0.2421875 0.20800781249998548
4 0.4658203850455038 0.20507804272440974 0.43583393482253996 0.25505499469479603 0.3858569630974671 0.22506887199616976 0.4158434095248822 0.17509201366321006
4 0.3115103525807399 0.3143508802207121 0.33331310932612723 0.2520597736534732 0.40421678100813097 0.2768764271955315 0.3824142725771935 0.33916732298223884
4 0.5943983808413122 0.3114902434202212 0.6045479627010764 0.5245522770307076 0.25934499702998437 0.5409885262651722 0.24920025085941688 0.32793070480457515
4 0.5415072172228292 0.38827179156095337 0.5840554889347231 0.30629370261478706 0.6941191760337233 0.36341678032684344 0.6515715928786676 0.4453942776729592
4 0.5504364390891396 0.2203010174195459 0.6434977952993677 0.2761365351623056 0.6081692086414705 0.3350173750799075 0.5151079764968927 0.2791820198522729
4 0.7483840150791821 0.4315062496800156 0.6870955612849912 0.45602041738374693 0.6613684350871836 0.39170211700150115 0.722656416226414 0.3671880552269698
4 0.35283018584050296 0.5832443349399196 0.356507005784124 0.4876820189083514 0.4886723325105322 0.49276660554734164 0.4849965935742375 0.5883278703851759
4 0.6505642282288591 0.4389523125198326 0.7505008518271552 0.4318146232084381 0.7620657737287502 0.5937259157435624 0.6621291613473659 0.6008635134219114
4 0.7354197648935497 0.4977151724764832 0.8064032370471068 0.5544952412614713 0.6734964480979215 0.7206287995685088 0.6025139727069018 0.6638498455242963
4 0.39622780326442353 0.6935326341074303 0.40751525500104435 0.5990312262683043 0.5825504879774144 0.6199346763394739 0.5712648739083761 0.714434397864723
4 0.6035156430206143 0.6865234305699763 0.5948774185059165 0.6898453590755199 0.58984375 0.676757812499981 0.5984819519925395 0.6734358888129256
4 0.7128655327935576 0.34598806220469314 0.6514043819742028 0.30816667806411224 0.7198061603919541 0.1970146674388856 0.7812667875684838 0.23483583735827526
4 0.8761425732342332 0.20057246300385448 0.8331148150095942 0.14742080757711043 0.8956495685603159 0.09679755154121093 0.9386772762762803 0.1499491125106994
4 1.0001866636443992 0.35107971717829656 0.9554214574458229 0.35189360560715727 0.9542565813271722 0.28781676475272033 0.9990215009996746 0.28700287897400517
4 0.8859677985913095 0.3139859974742085 0.9156877047025773 0.3498529285197109 0.8026936955498059 0.44347713986053794 0.7729741159436117 0.4076105121446795
4 0.8147542014218061 0.39205268039176067 0.7606667925620059 0.42810956004391226 0.7007210316577357 0.33819067025620897 0.7548079701604138 0.3021340038670233
4 0.8408201692959665 0.4101562272178931 0.8789074496523881 0.44824106624520715 0.8251959213350801 0.5019523927809044 0.7871088394612116 0.4638677537444276
4 0.865234375 0.384765625 0.890625 0.384765625 0.890625 0.41015625 0.865234375 0.41015625
4 0.6347656154948709 -5.547697711412214e-8 0.6347656763571194 0.08398437211850779 0.4179687029931074 0.08398431629013933 0.4179687611264171 8.182603462489062e-9
4 0.6332839905057881 0.20820984213773902 0.5930360876146779 0.20485588380815037 0.5972858751970307 0.15385912991475148 0.6375336635238682 0.15721308340357176
4 0.7983214743958342 0.6099061726490679 0.8749548924195096 0.6902032166211675 0.6637895325972067 0.8916966890059391 0.5871588016819942 0.8114022855458181
5 0.14524595625459824 0.04397552987176941 0.17378204002181974 0.036892324449406766 0.2821398763301204 0.47342587465012265 0.25360383495365113 0.4805089542582777
5 0.2502870184969197 0.4324448995808125 0.2564913788226022 0.4427848292232107 0.2269074574694514 0.4605352179038996 0.220703125 0.4501953125000361
5 0.015116550115521932 0.37337639403805123 0.027393274422479408 0.34738066083374874 0.18709256925887985 0.4227962070870838 0.1748161744128538 0.44879165934316473
5 0.18261702291977144 0.17578103764283362 0.22396743568003785 0.22913519528555554 0.10378995085079623 0.32227262195960954 0.0624398606800014 0.2689187654801768
5 0.0203166746603074 0.35967694701490743 0.005738359890415268 0.3268766204586695 0.07895044043732469 0.29433807553376284 0.09352879140396908 0.32713826859346606
5 0.19064995333997103 0.8786313390057306 0.19236448659194139 0.9168903238500852 0.04838415214669567 0.9233392406681191 0.04667040625975005 0.8850810114107517
5 0.31521925683637164 0.7751199167359095 0.35659885393590685 0.7429423398537438 0.40613248344061503 0.8066297717590942 0.3647531677980851 0.8388070336961782
5 0.4085920792839488 0.8923111819486333 0.38994963544314487 0.9017654360600066 0.35342820039795697 0.8297666524718483 0.3720703125 0.820312500000017
5 0.6128627864022747 0.9515672650416386 0.43739013328593046 0.9808062875931545 0.3963012043635672 0.7342420441532795 0.571762942272585 0.7050039437194477
5 0.5732402097180511 0.7812483625532288 0.7410648690402013 0.9201913053313536 0.6346385901846361 1.0487035522028365 0.46681675150932733 0.9097637896480311
5 0.9367325480023965 0.80387618390279 0.9750495097382554 0.8358679874591645 0.812666191589642 1.0303067076526264 0.7743502651143217 0.9983160265570207
5 0.1597888146400237 0.5707525500495257 0.2343357109864428 0.45447595149877373 0.4393564332185633 0.5859062751582146 0.36481247877054557 0.7021802746177018
5 0.4102340540237037 0.7158775029013698 0.4099037082035011 0.6824639369598376 0.529051681896135 0.6812857575775926 0.5293824472554434 0.7146988946968794
5 0.7898279902021841 0.569714238475089 0.8241203281878597 0.6151862637111953 0.6251032350090782 0.7652508017779281 0.5908121524363423 0.7197799231192537
5 0.6229968554426932 0.7187379728138501 0.6127408546484503 0.7661676298729818 0.49140655010603496 0.73993398257178 0.5016630171862744 0.6925049806339557
5 0.9432699189226241 0.6424489665613647 0.9383720551554688 0.6710196510006223 0.7829500218159637 0.6443778214250213 0.7878482305964098 0.6158075828644678
5 0.8437500572558747 0.4072256872029792 0.840591028748122 0.4555191756837984 0.7346443988185456 0.4485886703753895 0.7378037391463295 0.40029551111977174
5 0.789292824235531 0.6185562654400747 0.7725852957754569 0.6234697032830581 0.7635660022264119 0.5928040481723982 0.7802734375 0.587890625000011
5 0.8421873049869646 0.5402071356468394 0.7913623483884749 0.5694293888800328 0.7415028597633864 0.4827173957121023 0.7923271916206431 0.4534953693890885
5 0.9103998118229129 0.4196134872715613 0.8442671510623541 0.37648459770504844 0.9384921768044023 0.2320083135261595 1.0046240270964972 0.27513684804033484
6 0.600189849414619 0.8602868991907486 0.5972813570601829 0.8491504988416088 0.7599424180529013 0.8066756176044255 0.7628510635817065 0.8178117828384744
6 0.9095787491938836 0.6854683586714436 0.9256211037255753 0.7036951915430185 0.8560994547647169 0.7648746752317884 0.8400572948090712 0.7466480277773014
6 0.7742443711803162 0.7606777651301194 0.8224003937590396 0.7799363998665954 0.7948550940069481 0.8487995822862535 0.7466991680207684 0.829541122787773
3 -0.004753387395794562 0.8092010878901691 0.05865086299297673 0.7104320044541086 0.21461121938625638 0.810530827685135 0.15120953134055526 0.9092976549776842
3 0.0009765470019829081 0.6093749999037543 0.031533897021176927 0.6095647675105766 0.03052728675720573 0.7716315007428372 -0.000030063246072131733 0.7714417364203576
3 0.9999999895196652 -3.102265155285112e-8 1.0000001040327788 0.14843750197216002 0.845703024308591 0.1484373623851003 0.8457031782382955 1.4325474375871726e-7
3 0.6363992504160478 0.24711147824240418 0.6337906855291067 0.10358600509078747 0.8657095290708412 0.09937068463565683 0.8683189636191173 0.24289525766111805
3 0.8091295246097161 0.04318534624093123 0.8661577362763637 0.046749599432980134 0.8593522000011262 0.1556382129997931 0.8023239888108264 0.15207396575821436
6 0.22558592867972038 0.13671873032406034 0.23053839917292862 0.14776645012115724 0.20182549976527753 0.1606377618147823 0.19687303848525062 0.1495900498399271
6 0.23547433335534151 0.12465567239544294 0.2421992756023883 0.0889079855218903 0.3426623354818048 0.10780723880386701 0.3359374679459961 0.14355485789053474
6 0.45051740174164934 0.09248542339658564 0.39764158448849685 0.11304822972236264 0.35924672384442147 0.014318548887559873 0.4121224565767534 -0.00624423880814034
6 0.5928431043018918 0.1059411342070256 0.5643849018481433 0.06352223821095818 0.6984271875004424 -0.026404693982437256 0.7268853801425621 0.01601415457839421