2 0.3806450054680681 0.008765236143984933 0.3760718443245423 0.04992377818570865 0.2635289589270542 0.037419011531160506 0.26810213342173483 -0.0037395132545834948
2 0.4503448243647199 0.3309923377045325 0.5303172626626065 0.42392692678451216 0.37461403859526854 0.5579035436065872 0.29464295124273576 0.4649702466338797
2 0.0015373806186289585 0.7235879141445695 -0.022703448233073686 0.6934996385228153 0.05351708147509271 0.6321007443729951 0.07775774896197163 0.6621887162920813
2 -0.014257442771167916 0.7715570025371803 0.1105063844418055 0.6753292341805869 0.16491284174719567 0.745858532855962 0.04014989854090345 0.8420853010511297
2 0.29169700458260195 0.49654988188204885 0.128620675772936 0.6233772078619122 0.10390581129331622 0.5916010775456199 0.2669814176405225 0.4647741904984797
2 0.19960989278683883 0.7126830840746677 0.1445877429820257 0.6408987313658511 0.30919334427915146 0.514745082838046 0.36421485527398545 0.5865280089646587
2 0.7607584829266898 0.11943916432224992 0.8265534973960484 0.19776549543684163 0.7415390225412466 0.2691774816720174 0.675744267552659 0.19085140103805578
2 0.6831800163685102 0.43004981301384865 0.6199610675587337 0.35780251188625256 0.7043772728014801 0.28393848117064713 0.7675959039064537 0.35618533634550603
2 0.7380560769785234 0.45718135963897927 0.7228810693602554 0.5330527873395728 0.6466337763674801 0.5178032790967296 0.6618091072673451 0.4419322848062489
2 0.6127412496571196 0.7668287926987235 0.5486312019963862 0.7564898588021333 0.5798113556692215 0.5631823435481821 0.6439188891183676 0.5735210697380427
2 0.6817090960587393 0.7786655853275595 0.6209361418586923 0.7691712883646845 0.6517050369668596 0.5722579081561888 0.7124755238036187 0.5817520077817215
2 0.48983034458842667 0.5816876440727333 0.528436921269531 0.6460242550936098 0.46180018238453613 0.6860056699143673 0.42319416439693214 0.621669545588099
2 0.36914200168598654 0.7958990999933595 0.2970692480020034 0.819919361112248 0.26289011670871787 0.7173804453935583 0.3349612304475613 0.6933604791807487
2 0.3359746273068822 0.679411335799411 0.4081662618204973 0.6252758164377232 0.4740249097843616 0.713088674238802 0.40183382502470977 0.7672235642217843
2 0.5524621824770293 0.5843906255925395 0.5252432684858377 0.6053861015463675 0.48964590536365904 0.5592415163915846 0.5168646360350522 0.5382461475768178
2 0.3804759895205052 0.7545029667480487 0.34686210618212954 0.7761083680035811 0.30402715960372007 0.7094760666055341 0.33764059237762467 0.6878708600343598
2 0.1251026344885986 0.9446514601568216 0.07989125763754146 0.8830142243295386 0.14627599660445867 0.83433265159362 0.19148712487071862 0.8959691974510122
2 0.21419069911837596 0.96881640818434 0.1921866680623907 0.9353406675829293 0.23899472005621192 0.9045814308168532 0.2609987024027305 0.9380569039043327
2 0.23083594497359172 1.0092887123551273 0.21933644671184993 0.9768896535453409 0.29963635154058466 0.9483966656599655 0.31113604317658883 0.9807953123083815
2 0.0007466676266858485 1.0000045067703216 -0.00016809569399356405 0.953338807770264 0.052048231003141154 0.9523155319676897 0.05296334948582171 0.9989808678457561
2 0.5013082249448644 0.9122393261789048 0.42459779686021193 0.8999681875885853 0.45583761239481646 0.7047323796210243 0.5325443557729841 0.7170032167677576
2 0.29433645188873925 0.8544161093534958 0.37441160637445137 0.7986201838568184 0.45731635468689547 0.917573817262823 0.377242109514782 0.9733686528421425
2 0.5922412120879699 0.8454018290530972 0.6509999010066849 0.933512130847891 0.4540367102028995 1.0648214425737164 0.3952814010001475 0.9767141301660571
2 0.8625581350734137 0.9018636185512814 0.8442535547496846 1.0184223353323492 0.720703125 0.9990234375000517 0.7390094060888259 0.882466866692764
2 0.55859375 0.9990234374999883 0.5585952208069784 0.9374989794456341 0.6640628361033123 0.9375011504306584 0.6640623230058509 0.9990246512492987
2 0.9687499999994316 0.9990235228941563 0.9687506028336657 0.9140623237888965 1.0000002172604354 0.9140626212365884 1 0.9990234375000068
2 0.7914163690533087 0.4588204372976196 0.928678640136809 0.47445576761219294 0.8905092931599938 0.8095065324669023 0.7532471083434302 0.7938717123149144
2 0.8544921644468104 0.15429687038941195 0.9036959497816497 0.1641375013309753 0.880183310399957 0.28170061892420234 0.8309795361722081 0.271860027485327
2 0.9376597241761147 0.6398404808811897 0.9407181338360715 0.6062049423520749 1.003058174533976 0.6118726790000455 0.9999999815219098 0.6455080157292438
2 1.0088692813093303 0.49911910558894507 1 0.5966796875000152 0.9387166425543683 0.5911084727335397 0.9475863704299172 0.4935483834225998
2 0.9273539310271417 0.6441521012717584 1.0196901204913047 0.6597385551571155 0.983482724240389 0.8741999357158772 0.8911466219225304 0.8586138740456459
2 0.8275116496266719 0.292322169291965 0.8781662978198028 0.29828129215313004 0.8631546280447537 0.4258810482911316 0.8124999870517513 0.4199219676869855
2 0.9751967708526763 0.300520997885498 0.9225640859484656 0.29284549805572785 0.9493155951955714 0.1094095111053249 1.0019476661690305 0.11708496474624791
2 0.8942400978006617 0.3846255852502283 0.8947486929075694 0.372928946706686 0.9204304510542443 0.3740455887025465 0.9199218740292281 0.385742209825193
2 0.9369426747314265 0.36908420748311277 0.900107946195476 0.36673313590088524 0.9035951735000936 0.31210206041363153 0.9404296875 0.3144531250000009
2 0.9556742825283209 0.40676664188586426 0.9530588521220125 0.43449028943129436 0.8934112895394719 0.4288633163717453 0.8960268143152916 0.4011397745450727
2 0.8939653599926487 0.17380890517504527 0.813576883842984 0.12295090481818521 0.913726225209075 -0.03534909457667596 0.9941144809158686 0.01550881126086557
2 1.00652616370769 0.3236259652593162 0.9998720352343753 0.43674569434387994 0.9606007400325325 0.43443556494350666 0.9672551108700418 0.32131609932536415
2 0.9998391680480836 -0.0000103315604600683 1.00048688056836 0.05115829720781661 0.9225226971694838 0.052145178526457385 0.921875 0.0009765625000346893
2 0.002355830483452337 0.43158381307565263 -0.05367729933732335 0.3632525840627591 0.05074222388509497 0.2776297129834996 0.10677510323580464 0.34596047072362596
2 0.051683005159475215 0.9215371807524616 0.0859855519362327 0.8941028435046396 0.1359103980993268 0.9565100585388071 0.10160813396873891 0.9839440814301027
3 0.04979762006121291 0.3888682923321533 -0.11210629815866469 0.14856374248256185 0.4471399326290566 -0.22822247626397066 0.6090418980963932 0.012077666140236025
3 0 0.0009765625000007717 0.0771437147772076 -0.00028808658892053696 0.07909683777711507 0.11885253966563564 0.0019531234308942658 0.12011718752572344
4 0.0868308296687701 -0.01187940235745044 0.10162836320466795 0.0009002760277534395 0.03437038180277341 0.07877796303249729 0.019572853857425798 0.06599829131530752
4 0.007927391916041415 0.1626263716061974 -0.009076313272657899 0.15837546674179148 0.005916827532928437 0.09840303971484447 0.02292049532582041 0.10265393986486684
4 0.00307199246287837 0.5733508915217417 -0.05899087988723295 0.4922372861957407 0.639083616173366 -0.04187967566937014 0.7011458818343499 0.03923162996820877
4 0.7992430655862108 0.3715482830597145 0.7520064271121782 0.3500777990734097 0.7874571308399254 0.2720866101092324 0.8346934257301655 0.2935570033716866
4 0.7989485979796882 0.09737462107649625 0.8519624317708576 0.10473759540058052 0.8321687456993914 0.24725212167619792 0.779154917552205 0.23988917538806298
4 0.5773422882208479 0.7754429712688611 0.6590373515896317 0.7660185198623102 0.6684379230973718 0.847490707703436 0.5867428769097387 0.8569150632711038
4 0.8466896377151443 0.8053385238678684 0.8373419504780486 0.8824498180753326 0.7461155984183279 0.871392561444093 0.7554640618118356 0.794282177546208
4 1.000000178644882 0.8916015625 0.9687499170462388 0.8916015625 0.9687501612980896 0.83984375 0.9999999965646111 0.83984375
4 0.8712547837891407 1.000030401263723 0.8705986247447299 0.9402193171189991 0.9704313178943949 0.9391239483446518 0.9710883475036098 0.9989341590695399
4 0.100268353809156 0.988063345513868 0.0644591383650095 1.0127526747860687 0.012003319856717098 0.9366921166611782 0.0478118391309863 0.9120031225685445
4 0.1629603690470276 1.0059393512683088 0.1373002040107849 0.9656277008804882 0.17445616384304685 0.9419831943682305 0.2001162936419405 0.9822945814940125
4 0.437932796778 0.8710038271657395 0.37252924675067334 0.8653177103250302 0.381570526313908 0.7613568034193523 0.4469723891895683 0.7670428464717991
4 0.7245391693789998 0.5257462757758691 0.721161800138475 0.589919260184286 0.6278756219943489 0.585009493220221 0.6312534686389881 0.5208370107083435
4 0.5341796674102852 0.6953124575948435 0.538912860280675 0.7053031938222202 0.5203581669911728 0.7140922767003755 0.515625 0.7041015625000382
4 0.49902235527417815 0.676758306232689 0.5125005851490414 0.7037106627955593 0.47578204610010744 0.7220698270582986 0.4623039539419551 0.6951175880807855
4 0.5149248988204818 0.5839000206628632 0.5532468876522216 0.5885445205458416 0.5404005724134322 0.6945272923457791 0.5020785922755522 0.6898828408494598
4 0.8535160663051329 0.49121054115172924 0.826171362846253 0.4638676133438014 0.8564449454938767 0.4335941313086393 0.88378956649251 0.4609369765323588
4 0.9875851349264622 0.4669225082040632 0.9639928303984107 0.464563422634696 0.96711595287195 0.4333327044794405 0.9907081567313298 0.4356917849819124
4 0.6506635049386205 0.38271888656796166 0.6958242406209365 0.38873999976580204 0.6866386007679921 0.45763234009082415 0.6414778702705917 0.4516112536914923
4 0.46405026808668026 0.5139339601479971 0.4706377598506606 0.4766083702218076 0.5103033767423995 0.48360832888844385 0.5037160142004495 0.5209338044315422
4 0.4916913950725075 0.5892676477740673 0.44502425230473364 0.593509701739717 0.44049382901528134 0.5436728981570393 0.4871605703513069 0.5394308625768782
4 0.23769410664408497 0.687305043170909 0.2585954750727524 0.7291007770092602 0.19843886009380185 0.7591789121165405 0.1775378533378671 0.7173834869976525
4 0.248046875 0.697265625 0.29296875 0.697265625 0.29296875 0.732421875 0.248046875 0.732421875
4 0.14734486240615752 0.7549594116433493 0.1677299165636441 0.7793171371009028 0.10470855194444084 0.832049492657514 0.08432375540792236 0.8076920087123947
4 0 0.87109375 0.021484375 0.87109375 0.021484375 0.9130859375 0 0.9130859375
4 0.0048834301696842886 0.9589837086678538 -0.014650430963456529 0.9394549427188554 0.023435672754430925 0.9013691717258825 0.042969384708726466 0.9208977882762595
4 0.4154263460787888 0.5967893505871822 0.377505803296458 0.5859559942207745 0.38896666947562153 0.5458434427870933 0.4268869539317848 0.5566767600453866
4 0.4369913249364572 0.5697247791174646 0.4635481256186722 0.6044489923309605 0.42295064211612043 0.6354939918335161 0.39639401938518404 0.6007699414015426
4 0.3506539006333469 0.5923201809356797 0.37508253450346274 0.6214732218492978 0.3181381536880963 0.6691834173155167 0.29370974143876083 0.6400305844451553
4 0.5546673933961301 0.31077654022111934 0.5238487020886851 0.28441391336788574 0.6224420822410366 0.16915763342151674 0.6532605650635332 0.19552011226792246
4 0.891864360362888 0.9500210459275501 0.8512501123643688 0.907221685808218 0.912005325684504 0.8495830550705822 0.9526191435707005 0.8923819233934402
5 0.046236811559765556 0.681997570018312 -0.03084514935153493 0.5878845898328532 0.7927428046831437 -0.08663565653749657 0.8698186300215411 0.0074693255167553345
5 0.6867717368379544 0.23826423970301513 0.7196946696566329 0.2718378461477095 0.5964493491317171 0.39269062915217445 0.5635266939206076 0.3591172996195271
5 0.6320912653077357 0.21573004513689048 0.6718452371478634 0.1848108617538635 0.7155950758758536 0.24106089627252544 0.6758411725218139 0.2719800021968448
5 0.704348978721896 0.2914335473182761 0.7101531423269307 0.2554492497117918 0.7662786930206948 0.2645018990375659 0.760474626351197 0.3004861110393846
5 0.9669875760821469 0.4191834667598876 0.9228275784676043 0.4142769957167151 0.934880119128934 0.3058070865878613 0.9790395896926611 0.3107135280812344
5 0.3791467981943697 0.995897588135576 0.3485058777666836 1.0189945939676064 0.17950933477402486 0.7948564170712126 0.2101486031249351 0.7717603406250264
5 0.723333266827467 1.0072853378610802 0.6565024166286548 0.998933128561762 0.7222821102523085 0.47273262624707385 0.7891050639719879 0.4810843362009778
5 0.29559889654558447 0.48926956014184503 0.3135995708635164 0.5115388382418398 0.13993363810629944 0.6519013781838567 0.1219334284002116 0.6296325324673032
5 0.001953125 0.7568359374999942 -0.014440732840171222 0.7364570612734419 0.08126974707408863 0.6594740683937027 0.0976634657804425 0.6798526786408682
5 0.09138846718747118 0.6472809265624776 0.12902048068974636 0.6195112879301626 0.2071001354049713 0.7253062878729514 0.16946845049744752 0.7530755430823834
5 0.14589697839767268 0.8211516176938337 0.1238075690785081 0.7948187798024143 0.19778137566072473 0.7327772327964054 0.2198705969351522 0.7591097655693123
5 0.030180383998299476 0.9072396214006108 0.011605036832634141 0.8768909339401078 0.10984490699945582 0.8167752549361715 0.12842022125369112 0.8471234862465606
5 0.047873801079276745 0.8543240052634327 0.025390625 0.8720703125000046 -0.021506327853103357 0.812668008168685 0.0009765625 0.7949218750000354
5 0.38047777252427295 0.5941056824520093 0.40769858910402945 0.6160552317092228 0.36573641577729177 0.6680883578882794 0.33851572661274076 0.6461389497834619
5 0.3265799612314595 0.663283822059013 0.3044714481977735 0.708795699068942 0.25981589890238865 0.6871060611398969 0.28192445688227963 0.6415944203288402
5 0.5701141915523067 0.4266312230912953 0.5981538764522156 0.46146584835397464 0.5233083234696778 0.5217073709029791 0.49526890022741554 0.4868729885089634
5 0.509765620017447 0.5107419633597605 0.5105573575548306 0.5463582232596941 0.4572414397794091 0.5475431365404606 0.4564498589683126 0.5119270306389642
5 0.5881272347121467 0.4562539818825009 0.5690953213352259 0.4205708819915169 0.6348868107417047 0.38548229161888287 0.6539187396513171 0.42116521845419946
5 0.6883502776316845 0.4455620259174313 0.682629377279909 0.39788899421448687 0.7514817637548958 0.38962689918673843 0.7572028448389574 0.43729972015045626
5 0.8005691195838835 0.4585557441897644 0.8022882595884084 0.4224582149354279 0.8502633950358813 0.42474287957683676 0.8485443767970082 0.4608402919175138
5 0.9691202189911792 0.4412173413311643 0.96175642048388 0.490308291069194 0.8704511681621625 0.47661265597799907 0.8778152257132206 0.4275220221670841
5 0.8619350840223206 0.9192094312294771 0.8742873998107825 0.9212675767655563 0.8610642613563186 1.0006066050390963 0.8487119514620645 0.9985484837370586
5 0.9284110575176783 0.4763455790893124 0.9603139633486535 0.4813006297892226 0.8950442319249987 0.9014840250220839 0.8631413748353225 0.8965291937653197
5 0.865234189727289 0.8789055348856541 0.8652344607279474 0.8974609068389705 0.7910156694489388 0.8974614867629392 0.7910155847190481 0.8789063005198423
5 0.7579245717552112 0.36508174034654817 0.8209827539103571 0.3854219406383935 0.7837702633084973 0.5007807494590673 0.7207121562511247 0.4804407121616101
5 1.0000050864268815 0.3261032252357466 0.9766947556424839 0.32622922511322533 0.9757134567389585 0.1446572488475886 0.9990234375 0.14453125
5 0.7779756005351146 0.22501151128588406 0.8409352599510385 0.24075108270418571 0.8216912458354955 0.3177271504469612 0.7587316054159601 0.3019876304933567
5 0.5508824738760723 0.5751618523995966 0.6064680574967269 0.5834981616447087 0.5593866857462899 0.8973828762919502 0.503801159631962 0.8890468671685063
5 0.5323224318592565 0.543809621569341 0.5382498201049657 0.5394633091794974 0.5697932844949491 0.5824773668861603 0.5638659132866906 0.5868236593653292