2 0.1826171874611191 -2.060064850579688e-9 0.18316003304107653 0.028770713202375203 0.13000236263769693 0.029773686505710686 0.1294595207104976 0.0010029749608630814
2 0.4062499998547082 -7.464704217795366e-9 0.4062500093938297 0.055664067138670996 0.2978515493032319 0.055664052209238576 0.2978515625 1.4051591190372022e-14
2 0.2190455910158562 0.04142204913226129 0.2796664212879705 -0.00266574970706835 0.3250210974745187 0.059697027033593954 0.2644002882801715 0.10378480095974628
2 0.1946942735318089 0.050673729273108994 0.24470697592619217 0.1217441475544413 0.16947574411688038 0.1746845096258272 0.11946315941145258 0.10361419718354606
2 0.18793534305757476 0.3363471138716065 0.1975391236643418 0.22870753771192598 0.46981740546539186 0.25299917890571855 0.4602150517479231 0.36063742022845374
2 0.4626309520497216 0.3695850912536788 0.4762417535893064 0.2527210003380211 0.8412464983766768 0.2952294648576402 0.827638135030611 0.4120911881378449
2 0.8543093131114574 0.20583056080172915 0.8446683551188698 0.3034518280927619 0.6562805812787929 0.28484625951010045 0.6659221468923988 0.18722568760817743
2 0.8487973175981551 0.14326170169151395 0.8434746081297817 0.20536141676074834 0.7582192540663755 0.19805387932018298 0.763542087470114 0.1359542975105915
2 0.8789062428500074 -7.83711342419141e-9 0.8789063509736934 0.13476564029877447 0.7109374039823706 0.13476551749198637 0.7109375280824679 1.1467338430100005e-7
2 0.7868711889708493 0.004096798531949301 0.8099752295424878 -0.014386432839138126 0.832174161099033 0.013362233753495387 0.8090701214857745 0.031845464061538716
2 0.6693959517558596 -0.008113084173531446 0.7273889955157529 0.07887617677986268 0.5565654908400575 0.19275830335195276 0.49857270911809337 0.10576927852871239
2 0.681640625 0 0.744140625 0 0.744140625 0.037109375 0.681640625 0.037109375
2 0.37456686779262327 0.3189403974971225 0.3145025749006436 0.217093056595035 0.49753758709812246 0.10914971651946619 0.5576019147456464 0.2109964317558889
2 0.958984375 0.3349609374999596 0.9691021002934121 0.2641405612369424 1.010117570555849 0.2700001011809066 0.9999999958279204 0.34082034170365705
2 0.9437815935874596 0.43391829370085155 0.9486592260049065 0.37376684612296857 1.0048774038795045 0.37832536056975025 0.999999997443183 0.43847659403216793
2 0.18448406313291343 0.4859449027007489 0.18563050783461676 0.43895488052207665 0.27180255138875964 0.44105703938391033 0.2706563991148414 0.48804677475679087
2 0.4066702945902989 0.45412003816743335 0.4018474395878684 0.4987319209928534 0.31627632402808104 0.4894813358066399 0.3210994206231135 0.4448697295875574
4 0.02949599248472623 0.4345344593242455 0.1410173965687136 0.44049716570966385 0.11382724956149559 0.9489751453286749 0.002305868710436698 0.9430127567211395
4 0.008321134609559522 1.0000065879955635 0.007472246700672258 0.9396915045513755 0.07727550556558072 0.9387093435261665 0.07812500517275112 0.9990238047575074
4 0.2690052481464136 0.6788213847205596 0.20358445196745834 0.7304640318103176 0.08629468218157399 0.581898853929293 0.15171387951670567 0.5302571829802686
4 0.12504633611888494 0.9408891794264761 0.08405646587971205 0.8753207499338855 0.14251992848596728 0.8387815127580157 0.18350973533972592 0.904349332482936
4 0.15266251660614216 0.7092087757415341 0.22263479103480677 0.727769366053749 0.19069417300147506 0.848161629957707 0.12072199999943223 0.8296013137771289
4 0.26856763377429616 0.677018822539756 0.2773486749309768 0.6993055604292426 0.232621028295398 0.7169256042003929 0.22384012144800636 0.6946389801827726
4 0.430805432801435 0.8105997642921221 0.2998635951959159 0.8241430363839265 0.29021411092753624 0.7308526892682321 0.42115309026212344 0.7173095661629445
4 0.2546131276349115 0.5855465449392574 0.3877900682221025 0.6238105423428649 0.3484603286970014 0.760678003665201 0.21528360835964122 0.7224145643516702
4 0.4533005135589292 0.7585252271204952 0.6526457815087952 0.9129120137840285 0.5596702906228757 1.0329302375632206 0.3603278044901117 0.8785466260250767
4 0.3245283571784512 0.9139190984439685 0.3834796017520148 0.9073707426322922 0.3906012960745784 0.9714664646745338 0.33165006166041167 0.9780147598670966
4 0.30134990468604883 0.833235539643161 0.3116131944981362 0.8865886889347361 0.1961414523991607 0.9087949309902486 0.1858791097640733 0.8554426136200298
4 0.5529172924143495 1.000005954185338 0.5525429655916696 0.9500326493964948 0.6852888194530351 0.9490377009490137 0.6856641241975012 0.9990100232175471
4 0.7382992651151881 1.0000035588460012 0.7378699904375026 0.8835902393715868 0.9998792603124684 0.8826216419436965 1.0003128979388975 0.9990305789427371
4 0.998026068469585 0.8446272632579902 0.8502013218317188 0.842756369663281 0.8538978822832632 0.5510706242699516 1.001713272794177 0.5529414578500469
4 0.9722505538187534 0.618768663691586 0.8540517253213693 0.5725212992484402 0.8915144034345985 0.4767856486969777 1.0097114258512647 0.5230326195034704
4 0.274949953065061 0.6007360477467163 0.30271613235618133 0.40061493801969167 0.8616578406085864 0.4781541694230448 0.8339020696879516 0.6782656741397259
4 0.7887027318106448 0.4516008194372777 0.8051874252182643 0.5216540559307816 0.7077552742504167 0.5445790839152487 0.6912711981349275 0.474526384570792
4 0.8261046766414211 0.607807400344202 0.8765913165490247 0.6421335948105004 0.8073148679569613 0.7440102231317374 0.7568285768518308 0.7096844623592263
4 0.2849695207006562 0.7221280681764719 0.35995719185632424 0.5312952663481918 0.6795537925102053 0.6568625571760787 0.6045742785561288 0.8476884206201147
4 0.9207295976855221 0.9561082641220668 0.647991665686618 1.0379124608747465 0.5715581662394698 0.783108706906542 0.8442780638689555 0.7013073988653975
4 0.33396195690852437 0.822879712168991 0.2493594917923474 0.8552218286482338 0.20164547131548716 0.7304289447226499 0.2862454999350348 0.698087349688307
4 0.18746058911870023 0.9146847060619888 0.17121743279653856 1.0133775941234082 0.07608848604843388 0.997724167929569 0.09233274521079693 0.8990326699795796
4 0.09323127285517785 0.4297717657674983 0.1518718686986631 0.3800207030092887 0.2965598080033942 0.5505500210759136 0.23791999947286513 0.6003002358369921
4 0.26005949406226136 0.428208589843969 0.25730296042149803 0.4695618408700299 0.13065194235491617 0.4611192382435039 0.1334088051406752 0.4197663371111743
4 0.2961868364433258 0.5204313789027738 0.2920337896853198 0.5848060159461126 0.21178532912540504 0.5796288672227431 0.2159387776453059 0.5152546603354461
4 0.4121092242555733 0.42773383047448915 0.4121096604651484 0.4804687197804002 0.2636717811557219 0.48046875075436796 0.263671883747179 0.42773438640072253
4 0.5318357938693907 0.20234401234804467 0.6132813020616368 0.22949199142519988 0.5845703651592657 0.3156247221596707 0.5031249036787813 0.2884768402831494
4 0.6649939411364585 0.10485271942629733 0.6990686826516139 0.1486627493278586 0.6237530541881142 0.20724149756240257 0.589678418009612 0.16343156404321132
4 0.5760927529333912 0.178209481564999 0.5505964592816781 0.19642097473084197 0.5290856847340137 0.16630589121370334 0.5545819438044646 0.14809441566155065
4 0.6663725772646103 0.188099367413255 0.6629781894805546 0.22883216279456361 0.628387637203673 0.22594962155323997 0.6317820653490571 0.18521687010607032
4 0.5944967764522744 0.2285730340777293 0.6124195960109091 0.22409241222084092 0.6212086446896592 0.25924864941089426 0.6032858272865269 0.2637292652419236
4 0.6719053950611169 0.08252142400941913 0.6883777912598816 0.06798699932024042 0.7108919068939485 0.09350301966607123 0.694419516988205 0.10803743772363879
4 0.7432357561028766 0.1199580736026516 0.785580702664447 0.15904539257710268 0.7394544586787788 0.209015429353267 0.6971095746097262 0.16992817574684269
4 0.7354311777922931 0.09152069109862788 0.7614065671912158 0.06733680887179849 0.7997984867649848 0.10857264682750202 0.7738231183257085 0.13275650785986318
4 1.0000000008891448 0.0341796875 0.98632812461085 0.0341796875 0.9863281257457857 -6.212020862233431e-18 0.999999999973852 0
4 1.0000000458749128 0.17285156187157952 0.9747211352353133 0.1731978464974426 0.9737446084449175 0.10190878403878516 0.9990234375 0.10156250000000024
4 0.13237592898531148 0.29962075582297887 0.12696460735173787 0.3699678393399661 0.08051465300457039 0.3663947533750536 0.08592612646566522 0.2960478365570605
4 0.21711960401819397 0.25310963424226757 0.1803044016592139 0.2216823859419445 0.23412628862320162 0.15863413846326938 0.2709413735877888 0.19006130310026825
4 0.2714844130707661 0.17187499999999997 0.22070309558876033 0.17187499999999997 0.22070316464146345 0.11914062500000001 0.27148436292873157 0.11914062500000001
4 0.3496094044696747 0.19921875 0.31445309593686943 0.19921875 0.3144531315626864 0.16210937500000003 0.3496093683455683 0.16210937500000003
4 0.28736861810125447 0.11818134506636535 0.2901600662014516 0.0763101318979946 0.3250311147496632 0.07863489227161291 0.32223969005633535 0.12050608335393234
4 0.3416390786211423 0.06082831887718193 0.36769500151979173 0.02675524923128453 0.40387043191424254 0.05441884394123987 0.3778145238590014 0.08849189990586538
4 0.4180675770801372 0.14904167673833107 0.3721044958190305 0.15191435474637832 0.36957763076372885 0.11148390858108768 0.41554063668229446 0.10861123296870598
4 0.4702696247915128 0.03866709533005198 0.5591701618146772 0.019617003036512055 0.5731469071289439 0.08484186383054047 0.48424637592381714 0.1038919440717148
4 0.019920149148902055 0.052708448687186146 -0.015063263048432418 0.022097966749691493 0.009497718827560675 -0.005971721006101174 0.04448112601915 0.02463875723833054
4 0.0009765615523065208 0.1445312499768852 0.017877712142421842 0.14494346956318999 0.016901150578860324 0.18498253167312748 0 0.18457031249999908
5 0.07778094651825995 0.7347444325073932 -0.010469560200249362 0.7331779264218587 0.002576738477955587 -0.0015664463641331583 0.0908203125 7.454425034680118e-16
5 0.09441073000232336 0.44045525193671303 0.27509159709472897 0.45273939465007634 0.23816138687072907 0.9958524328171217 0.05748053269394404 0.9835690205603359
5 0.5011981791843709 0.9347967903062204 0.5183989855181608 0.9502287983416924 0.46149219643928063 1.0136397323581208 0.44429157611148185 0.9982079193131695
5 0.5943516237427957 0.8738215071930074 0.5754148636048058 0.8562261425863423 0.7643639738863612 0.6529094949346064 0.7833000524260569 0.6705042854308021
5 0.8614531633958222 0.512246976460558 0.9248774378934286 0.5512730990926898 0.85238550147983 0.669072456770643 0.788961585295624 0.6300468137673859
5 0.2167968604348971 0.36328101549273306 0.21679702248013655 0.39550768234074857 0.1230468731801011 0.3955078540222784 0.12304688562926458 0.3632813640776639
5 0.718678006146547 0.46029419048071524 0.7320844266835138 0.39773685878825576 0.8848089586296055 0.43046450275840215 0.87140330542843 0.49302115730143514
5 0.2302802912088282 0.40032885985317257 0.2352808762427685 0.3586629695577015 0.4163452427312677 0.3803920971113021 0.4113451551633034 0.422057527630412
5 0.4252424092646834 0.4263758721755464 0.43330335663324604 0.37039805243688706 0.7110747259639538 0.41039397236341507 0.7030148916578582 0.4663707919348854
5 0.8480235729190326 0.48543017986436743 0.8560292609571434 0.4233956409006761 1.0072412068019503 0.4429081127635995 0.999236259683812 0.5049419825834797
5 0.9558670488898997 -0.00224622199667919 0.9845924873254717 0.0013856911804337746 0.9475942879180366 0.2940092823735836 0.9188688534022731 0.2903773935396378
5 0.9113491040194504 0.3095823739476657 0.9336327634202917 0.3108202969278497 0.9264903883916986 0.43938396536868535 0.9042067297489211 0.4381460515149807
5 0.9121093801405777 0.07714843838630243 0.8835928455650901 0.0722317963451416 0.896764051691548 -0.004161101181087516 0.9252805612831025 0.0007555386088475897
5 0.8666068013278618 0.07842500042448758 0.9136758451918467 0.08392645771585006 0.8725648695910877 0.43565537219360845 0.8254958387699389 0.4301539919822441
5 0.952068809718412 0.25093255373106155 0.9546466546313468 0.1890689099277312 1.0025777400761626 0.19106617727212885 0.9999999986142711 0.25292972075580317
5 0.47012113890798446 0.04104105019307696 0.46433993913308313 0.0038761082718565625 0.5568073148064059 -0.01050767897776527 0.5625885212883759 0.02665725336429578
5 0.417205357320654 0.11511289091923033 0.3835554567388044 0.06103528376940444 0.479030236454264 0.0016259644689183088 0.5126801257466695 0.055703516311421515
5 0.34679108837758577 0.11814850771877337 0.3320312500001137 0.09667968750000816 0.37003688996821893 0.070550839521714 0.3847967250387683 0.09201964577230781
5 0.3187878804800448 0.10688957709553099 0.3326672974789062 0.09709240040518982 0.36960974912437905 0.149427622710643 0.3557303424420297 0.15922478722886874
5 0.31384370292437325 0.11272655785409406 0.3274844070409699 0.1324296591623273 0.28076566267179714 0.16477340606376312 0.2671249848510797 0.14507032831592512
5 0.31992187965488483 0.16972649535398113 0.3119531257108292 0.22550780295749015 0.2509765486188371 0.2167968774363524 0.2589453860408639 0.16101567329963198
5 0.18013720120347898 0.18668613470788015 0.20837644557025214 0.24250645394189413 0.09025896062576066 0.30226006095383595 0.0620200389432739 0.24644001786547978
5 0.15533992677637798 0.37539194291300565 0.10630976912909773 0.35250522045742433 0.16314485595637507 0.23075206352446276 0.21217451600011827 0.2536386515863378
3 0.1700825938039543 0.1759787005940265 0.1019577987391358 0.2256286796185089 0.05199260861411403 0.1570717408643867 0.1201171875 0.10742187499996914
3 0.14235663919646413 0.036142870356669576 0.12024806683643874 0.0858871594913414 0.07041316866013858 0.0637383186830055 0.09252174611958708 0.013994052753847026