4 0.36470066986282745 0.02076327191187959 0.3441459762212844 0.15848085259465766 0.11523445362138318 0.12431484118155654 0.13578941089656382 -0.013402321014814204
4 0.07674234101750699 0.003084388069883848 0.07268139042128041 0.04369392114105641 0.03342550900731567 0.03976833125807012 0.0374864643526962 -0.000841196319686918
4 0 0.23828125 0.125 0.23828125 0.125 0.392578125 0 0.392578125
4 0 0.0009765625000014147 0.04081489612633504 -0.00018957677975186554 0.0427680205609704 0.0681697986096491 0.001953124419173946 0.06933593751659557
4 0.15541129557732347 0.08870633135659585 0.16526885168389072 0.07720588590120192 0.1836856750495599 0.09299174820221066 0.17382812303833362 0.10449218978855443
4 0.154296875 0.10839843750000773 0.1371093569562163 0.0955078218056907 0.16183593807215857 0.06253907802465018 0.1790234439388314 0.07542968693417722
4 0.06933590736889528 0.11425769948759033 0.12558598226019058 0.08613285162723552 0.15859377551191756 0.1521486129132144 0.1023437291190703 0.1802734187307214
4 0.2787642663524821 0.23980595445964256 0.3009031385514618 0.27116854041226707 0.24404393814415926 0.31130444195939244 0.22190516748798927 0.2799419470998102
4 0.14530913196085748 0.11669376266254959 0.1357380056774673 0.07579882998629278 0.2152427611766825 0.05719140832212453 0.2248139182365776 0.09808629682572167
4 0.25545602604927353 0.2993952735785454 0.2818223936454842 0.33963713326437867 0.22221307423933467 0.37869145407475846 0.19584687452083926 0.33844974289486757
4 0.3634298111959424 0.28812732533686686 0.3346879152023803 0.26212320487454355 0.38072779959384206 0.21123720400181525 0.40946960973531077 0.2372412558777113
4 0.3526972391103982 0.12843382024073025 0.2946658997565237 0.04655377748219022 0.46064739476912564 -0.07108315616115411 0.5186786677727468 0.010796733371579742
4 0.2709374408854046 0.15144530658793653 0.2760937601301521 0.18753906325918948 0.24191407352088845 0.19242186266366632 0.23675779053439783 0.15632813856678435
4 0.36289063833078217 0.13066402457772 0.40390631677246347 0.11699225221599187 0.42578125530110356 0.18261721482965024 0.3847655876166982 0.19628896428397263
4 0.44370789170909575 0.28489849375364135 0.43793558494064655 0.24064457859785726 0.46941425820602944 0.23653872167946807 0.4751866123524451 0.28079258007523256
4 0.5672618166122447 0.05558445545533816 0.5988616659259378 0.08180551593877931 0.5411303223853565 0.15137917351227886 0.5095305074650014 0.1251581503276482
4 0.6143794247475398 0.08704672245426885 0.58957104067008 0.05998304528570716 0.6371978205206688 0.01632518358735843 0.6620061942086295 0.04338884764792244
4 0.5666014393980277 0.15976571103446674 0.5932718764048559 0.19128499134159735 0.5677936851922141 0.21284342676916634 0.5411232799038999 0.18132417625237962
4 0.7175481086205764 0.015775179764672232 0.7671274875742711 -0.017277659356031805 0.8446514245408707 0.09900846497095249 0.7950720758229863 0.1320612638767111
4 0.867670736418404 0.2579988578038557 0.8276423393081132 0.2830163962950118 0.7336617562335732 0.13264786726501185 0.7736898494792968 0.10763045252191576
4 0.9406550504967299 0.020357558130431497 0.9844501577945266 0.008413471104355542 1.0178485454315478 0.13087442158914683 0.9740534473588696 0.1428184906408271
4 0.7934104447035679 0.1482985010920649 0.8489038612341346 0.09864748943814339 0.9947415784146187 0.2616442297501931 0.939248487225882 0.31129490509203583
4 1.0000001246096417 0.36621093750000006 0.9628905352985839 0.36621093750000006 0.9628906543255198 0.298828125 0.9999999943360081 0.298828125
4 0.005275413033473342 0.7760639435460356 0.1061146113495397 0.7566761952913444 0.1388797181693917 0.9270579806657773 0.03804064164330612 0.9464452919751871
4 0.3097502903987106 0.8447808615245372 0.19680795808142193 0.8841721135447635 0.15314692604124502 0.7590066190573049 0.2660859400637037 0.7196159956369211
4 0.1913065423190119 0.5745269286785963 0.16524571782883868 0.6097824199850549 0.12268514592119573 0.5783247191439236 0.14874590968383927 0.5430693909449044
4 0.3590061872679371 0.5866007854176261 0.36892041050373336 0.6212961872506638 0.3235191127801045 0.6342679583805201 0.31360506741850713 0.5995727086176517
4 0.4019650251132134 0.55079986233264 0.36994004523785406 0.45900054981246474 0.44120941366850275 0.43413948853066664 0.47323464732596676 0.5259382857268001
4 0.5377162754925848 0.5378219818644628 0.5435763051369804 0.5729781905617295 0.47358023558103923 0.5846441075712031 0.46772044646775157 0.5494881135244909
4 0.4157945846950497 0.738074614004543 0.3903548904196441 0.6943762104322038 0.4723759092368027 0.6466334933854799 0.4978155959367996 0.6903314541254439
4 0.5128357434690543 0.6507772556549956 0.5348173486638643 0.6311122518278577 0.5745588471133942 0.6755296123440223 0.5525773544508183 0.6951944978160908
4 0.5503167936423097 0.4553611274500464 0.5240160148325685 0.48644202115926083 0.46623069834299713 0.43754670215357083 0.4925313727461571 0.406465971959525
4 0.6879395776646788 0.4450826980381089 0.6410097076643524 0.4796142543181845 0.5966251412179417 0.41929700630018524 0.6435546875 0.3847656250000308
4 0.6852018360322063 0.5441999159956843 0.7107032711847978 0.5298567884924615 0.7423384477194759 0.5860974155822095 0.7168370701459708 0.6004404632398516
4 0.5466001757012009 0.4950188726683574 0.6060980333800217 0.4764273951512298 0.6399300114547941 0.5846900466660107 0.5804322285674743 0.6032813511183835
4 0.7911204773473628 0.5759804391901467 0.7657849646489012 0.59967925077191 0.7258342811041985 0.5569735389843748 0.751169653075408 0.5332748479322529
4 0.9085080288360814 0.34475838677402865 0.937051415486394 0.3216530488720299 1.020058670671915 0.424192593446713 0.9915154491499152 0.4472977525435112
4 0.8587110403524321 0.7340061442775477 0.8681100511635123 0.766895843400284 0.8007819269002994 0.7861326523645378 0.7913832277707797 0.753243219955523
4 0.677045353968424 0.9408885466587028 0.6162785922859939 0.9856527011378363 0.5717558785999017 0.925228846956038 0.6325217632348767 0.8804651637215833
4 0.7100899018676046 0.9964449503838707 0.708389500282351 0.9403291025522873 0.7787555889923397 0.9381973849728087 0.780456553912245 0.9943126525576576
4 0.917971049444759 0.8349631231559779 0.8896477088205756 0.8632805267099575 0.8632802333230529 0.8369130089684522 0.8916034385961211 0.8085957405049773
4 0.7697822828289418 0.9278559445361696 0.7926214373737821 0.9130816819861955 0.8113286178213457 0.941993039611705 0.7884895205794464 0.9567672296755383
4 0.2168599020056945 1.0000065549176476 0.21666668284876778 0.9730423686043457 0.35332187452524977 0.9720623621167847 0.35351564336860974 0.9990259935052502
2 0.15663400723803989 0.06010049402062854 0.06341104915122742 0.12760670067576596 0.04184745289342118 0.0978283982639576 0.13507034912072413 0.030322226791568863
2 0.006563254893421799 0.24689705554471722 -0.025151342125809606 0.20054529522892875 0.06237098893882376 0.1406618795873567 0.09408555296874965 0.18701349493637145
2 0 0.111328125 0.052734375 0.111328125 0.052734375 0.1787109375 0 0.1787109375
2 0.13427028127762242 0.1355783101288252 0.1840234268123595 0.09922058065739911 0.22925580784624344 0.1611177689615595 0.179502717496689 0.19747543426123118
2 0.14548127919863418 0.32144734840789735 0.16976417582486647 0.3554418716727778 0.07387592477380167 0.4239333189830378 0.04959327976575878 0.38993902217622245
2 0.09935613588936576 0.5371605494478963 0.011363799518676387 0.6022704072249274 -0.08604256978537705 0.470640050236746 0.0019481334609281475 0.40553107996086096
2 0.18793806195083107 0.3020040227596892 0.1612871099887343 0.26721010058209776 0.26198890009936804 0.19007743627748916 0.2886397778238461 0.22487119133823527
2 0.2628560390983239 0.4063307596516712 0.2376044350801294 0.3723727267165823 0.3232574669270889 0.3086826330283658 0.34850899378648137 0.34264046698786155
2 0.2753904928903239 0.17968728988423815 0.36238002281947956 0.12169490426260579 0.389723675829714 0.16271056530891256 0.3027342075509978 0.22070287549588619
2 0.4049453988056939 0.15765713197502132 0.3723339387682927 0.11308815173262583 0.4572367070109067 0.05096438689526077 0.48984813468928223 0.09553328734422142
2 0.5205078083500894 0.11132811376853519 0.47558590800406364 0.06640621912886316 0.5849609634545914 -0.04296872050461559 0.6298828033931159 0.0019531156222473906
2 0.5668483302079039 0.18539437387363245 0.5348242123633327 0.14164305824798373 0.6847873803055791 0.03187666225791259 0.7168114648321762 0.07562785907740592
2 0.4353736052522663 0.15181952344115926 0.4757249553222209 0.1201932396728978 0.5504083593574478 0.21547951862320153 0.5100571090403037 0.24710569343806552
2 0.4594100251514419 0.18166725425396338 0.44151642840802197 0.19745558867564203 0.416665367600217 0.16929106683940903 0.4345589428023686 0.15350274871694838
2 0.46861746262698034 0.25512483615960224 0.43683589434124315 0.20921877194164254 0.4688280702648626 0.18707038659210692 0.500609622259617 0.2329763904251115
2 0.17001981379075914 0.3549110721623929 0.20003825509468243 0.3338991949452484 0.2522940238400224 0.40855085992259393 0.22227567520315006 0.42956262603415946
2 0.38784607537184 0.3166041529920421 0.3571344951018318 0.27619492320743705 0.42582074691370053 0.22399361603331297 0.45653226916488165 0.26440270477249367
2 0.12832610452937843 0.5005538272970426 0.08319135506860675 0.43736846882536606 0.17797092621344746 0.36966950259849213 0.2231055139475302 0.4328543584029636
2 0.5196094066762953 0.21332028818791382 0.5150390564679128 0.2072265640943336 0.5255077906374481 0.19937501817848083 0.530078139846978 0.20546873976737864
2 0.5573919036241932 0.19253308286379078 0.5371093664173259 0.20605465874729612 0.5063100610916536 0.15985571726376355 0.5265925540167018 0.14633416157959736
2 0.5376867056736501 0.20022048647221521 0.5175612757009276 0.2155540204600568 0.47178474820339034 0.1554723920973053 0.49191012004075674 0.14013889145801145
2 -0.0014824808682760704 0.6924054119899928 0.0472075768321929 0.6573090380931652 0.11790145104578187 0.7553695762964507 0.06921178939410311 0.790465483904701
2 0.2673115667408865 0.6468732248026583 0.2162479343716086 0.6700813930270622 0.16741988900059823 0.562659067407784 0.2184825599637179 0.5394511535450947
2 0.07376909494087158 0.6237843300057521 0.15284841890309053 0.5673066636151074 0.20800900662050026 0.6445330129015964 0.1289301221580672 0.7010101576787952
2 0.05639018504541582 0.6499981051850092 0.07941025924856149 0.6333308828317853 0.13277529603135463 0.7070264514028782 0.10975535497243527 0.7236935172516921
2 0.0009765536891563897 0.7187499998912436 0.039599142107135776 0.7192267356893983 0.03859996728158421 0.8001605992691427 -0.000022621066136707668 0.7996838679529498
2 0.0009765536775603323 0.8281249998757689 0.03576829039070617 0.8286149105016338 0.034791736623333236 0.8979508436475989 0 0.8974609374999997
2 0.2065041152197864 0.76018128356311 0.17139930521341284 0.7103614612202444 0.27243767071070124 0.6391767690505962 0.30754230083562106 0.6889959501004753
2 0.32262264308315025 0.7060944660567172 0.345471410310779 0.7386309306594228 0.2976255107066663 0.7722249207675438 0.2747769836431644 0.7396886712255819
2 0.22333844734248487 0.8765055048647653 0.33662784762589126 0.7902112860592452 0.3892855940315485 0.8593271263294405 0.2759970566874017 0.9456203557587777
2 0.34329834135462534 0.7893614703009065 0.3798092104530042 0.7650260122623214 0.42578261430446673 0.8339872322875846 0.38927194697828327 0.8583224406873436
2 0.14589831666557984 0.947069857720891 0.15918044920772445 0.9404307330931618 0.1832039029355883 0.9884781504624582 0.16992180511522292 0.9951172224319448
2 0.025390668896989155 0.9990234375 0 0.9990234375 1.330570285063004e-7 0.9648437500000002 0.02539054086048509 0.9648437500000002
2 0.13476612230567753 0.9990230985222391 0.07230670842045583 1.0415969517375667 0.02381796884878895 0.9704794019101908 0.08627624165876568 0.9279060843630527
2 0.5010872153192167 0.9883386649817294 0.39671902132545256 1.0638947746625897 0.33718282466384153 0.9816768488698002 0.4415488373091421 0.9061218699848304
2 0.09671164133908405 0.9352170348651687 0.13085098246790494 0.9105389486871729 0.18605131766412342 0.9868814196670315 0.15191226294541593 1.0115591666117105
2 0.4460039293378486 0.9153234448727496 0.46998149820785784 0.8971993574577877 0.5440935061762957 0.995220631748305 0.5201162201273064 1.0133443955687826
2 0.1435723815051233 0.889268403114178 0.17647707960816206 0.8654191616727667 0.24803679018236835 0.9641247039389437 0.21513244080756522 0.9879735347442675
2 0.5707355684882032 0.9629996946390392 0.5360717057822058 0.9874621757741318 0.4745524657690794 0.9003106686593993 0.5092155884913154 0.8758485577988164
2 0.7194500400108836 0.8738752380710754 0.6838669915850915 0.8989872816725519 0.6185622052796589 0.8064716288330006 0.6541445262633943 0.7813599489862114
2 0.5559277547744159 0.9410661424465118 0.5023866694815524 0.8708098889889986 0.5642295264440236 0.8236920490975598 0.6177702944098655 0.8939475666460364
2 0.7926770391869695 0.8816198781819534 0.7495005787537821 0.9122303104871471 0.6328275987900724 0.7476941306624181 0.676002551748411 0.7170844584753074
2 0.5648322765865714 0.8196708704588007 0.6001432359204273 0.7905615157277184 0.6592951917245955 0.8623005568704746 0.6239845491751339 0.8914095652311107
2 0.8455260686361044 0.8295983574013406 0.7915078159619497 0.8761568181124473 0.7221941097417357 0.7957526069448361 0.7762115100848632 0.749194758648134
2 0.7478212713745052 0.6894109674494421 0.7788484992271378 0.7350316702488392 0.7275609708307229 0.7699069414071241 0.6965340963306517 0.7242865530889779
2 0.807152364218723 1.0309328698406852 0.741523672151402 0.9275671887092578 0.9841987724007595 0.773526514373738 1.0498269160152631 0.8768880956754384
2 0.7362704718739224 0.6822658433251572 0.7871792517347558 0.6348757750731185 0.8548237188010717 0.707532578077347 0.8039154178388799 0.7549221489324724
2 0.8091467772057968 0.6503593683593217 0.8601231276892349 0.6109747605064988 0.9415193499959287 0.7163134954693154 0.8905434776899028 0.7556975598431852
2 0.8560829907542029 0.8339703254757179 0.819528015601577 0.7849418203466233 0.8906327512314647 0.7319372441633418 0.9271875227618693 0.7809652288175829
2 0.877412458582171 0.6089049191108191 0.9161306042871047 0.5802908188175016 0.9691421821484028 0.6520132313001309 0.9304242482013478 0.6806270858634276
2 0.9668209535151391 0.7107229283085875 0.9469068525079365 0.6858338144018827 0.9751319287812521 0.663253877103027 0.9950459809510903 0.6881428967792367
2 0.8965687779573273 0.5546210313872025 0.9370097891014666 0.5239451122006797 1.0095700194344772 0.6195939495315396 0.9691292953393713 0.6502695390682978
2 1.0000001571179382 0.7275390604597959 0.9787728110375156 0.7278147012035439 0.9777964299812538 0.65261938853225 0.9990234375 0.6523437500000003
2 0.9990233951432401 0.5117185170641246 1.0104778854129108 0.5747107134107712 0.9555634396914456 0.58469511282616 0.9441092813353862 0.521703208240269
2 0.30940702503039574 0.5230371221060299 0.27977057533996685 0.5447688147719598 0.24748175644504045 0.5007385293884425 0.277118033284637 0.4790069289903262
2 0.44621400166658987 0.6139421076427575 0.38802356088274337 0.6601911189808799 0.35462779378872256 0.6181771411744262 0.412817854518039 0.5719283642194493
2 0.3771247099488164 0.49938266452679353 0.4120420945795331 0.5428121084126062 0.33620686029894387 0.6037777300151254 0.3012898599362188 0.5603486427292638
2 0.4877733239225108 0.3414451326202305 0.5240241168435205 0.3142583146146481 0.5870704523388213 0.39832077737155486 0.5508197975897247 0.42550743487496756
2 0.4881213880277073 0.447814440430332 0.45799752623224776 0.4685884802349653 0.410357283229132 0.3995103425306142 0.44048090592389144 0.37873641830309107
2 0.3669969084345439 0.4152652605397997 0.39835313187700194 0.3924620428602961 0.42690043395600696 0.4317147895031574 0.3955442716712696 0.45451793551568787
2 0.3286753190742502 0.44665688162939204 0.3617781486118474 0.4264287647721841 0.39434290554311247 0.4797168830357897 0.36124014419579 0.4999449105141457
2 0.2861720514761146 0.47145669607434587 0.3180260043659473 0.44916064074728146 0.35344374610360774 0.4997578190761993 0.32158987809600603 0.5220537723949704
2 0.5212316308818572 0.40630975099362415 0.4885006111665007 0.43050122758672177 0.44226780056885673 0.36795103430000947 0.47499861082906136 0.34375967117224304
2 0.42330712631530787 0.73296636702633 0.4931242292165052 0.6838446912129025 0.5448051449885725 0.7572875994583353 0.47498846793291705 0.8064087708481079
2 0.6162579816633524 0.5491007151622112 0.6618971588975455 0.5154755786182521 0.7299616920593053 0.6078503051904949 0.6843228120893627 0.6414750994441981
2 0.6567039223394886 0.6596173655594456 0.6161786102004498 0.6876700896137532 0.5634446577606695 0.6114989885776954 0.6039694510083109 0.5834465160022979
2 0.6186608262827349 0.6866038962822524 0.5865391182786652 0.7098615467713454 0.5258787658481197 0.6260928501052077 0.5580000130506733 0.6028354407329004
2 0.47885998111803474 0.666589287302136 0.513640327564076 0.6400941410423727 0.5743009590224801 0.7197124541826999 0.5395208578006532 0.7462073194734181
2 0.6699220199499223 0.6728516798605224 0.6630856122158093 0.6796871660965343 0.6503904923150685 0.6669920559328265 0.6572268874912197 0.6601565822379938
2 0.6795160006864762 0.6447007746921551 0.6576032016571389 0.6608953802510532 0.6157137475463514 0.6042216360894284 0.6376263470649519 0.5880271383915784
2 0.7781445957131155 0.574891050788273 0.7354614817553511 0.5017261413364534 0.7759004858808112 0.47813684220470526 0.8185835952336902 0.5513014755885848
2 0.6519939382997109 0.47053571502021996 0.6865013702105216 0.44487855542341614 0.7507918265018816 0.5313392781209243 0.7162845750315228 0.5569962268662947
2 0.5639285629314372 0.449656918411694 0.5883985716860707 0.4849999280811125 0.5507191872242174 0.5110855613381251 0.526249311157585 0.4757426703364298
2 0.6316310555005202 0.37186172518359534 0.5953872330865124 0.3985667868574456 0.5273471944769881 0.30622659579671957 0.5635907231055626 0.2795216919608694
2 0.7305739194033549 0.4899655275067527 0.6911623360481371 0.43366679566145816 0.719607219557588 0.4137554313800491 0.7590187645494098 0.4700540284901895
2 0.7965310240477947 0.5080019470740851 0.8278124568358862 0.47880847687233996 0.8620085128596884 0.5154474894158503 0.8307271909964129 0.5446408454044409
2 0.8686934224555216 0.5216480584781069 0.8287672675701288 0.4643658475554557 0.9463609345625628 0.3824073288294256 0.9862869301140336 0.43968897079604985
2 0.7247667774712454 0.40929086004775256 0.6825053547357811 0.4401732517765472 0.5689759655838316 0.2848177099274844 0.611236810085984 0.2539356228240191
2 0.8530955725933609 0.2702054878528866 0.899320784793531 0.3313396167999721 0.7959651472384621 0.409486452745326 0.749740390716056 0.3483527387603972
2 0.7878601244708534 0.49730049693811806 0.7506597396342158 0.44865659692635385 0.8378733834136938 0.38196407002803223 0.8750736098345442 0.4306076107116423
2 0.865616878785886 0.43914105760925237 0.8338943265903254 0.39643926919053046 0.9072523987518935 0.3419452274180172 0.9389748611805544 0.3846467823842723
2 0.6200360678368497 0.25707557103780276 0.6537777147792667 0.23100317356114985 0.7004468721296462 0.2913989030834709 0.6667052986764475 0.31747121756063323
2 0.7918866354057172 0.31118029659469343 0.7637770485792998 0.2718276572964952 0.8125525901778019 0.236988136734192 0.8406621456342691 0.2763406768267621
2 0.6993817116709806 0.22800338164780024 0.6720296781684283 0.18646914221505267 0.7426047963522251 0.13999296887624557 0.7699568123364315 0.18152711046955997
2 0.6650502414797757 0.24279087868647323 0.6414040245809929 0.20495743871097186 0.6733562308637602 0.18498733746608817 0.6970024428170518 0.22282073091982477
2 0.7815353076509837 0.19478023763778224 0.8059673588559235 0.23278494511943706 0.7227515887176423 0.28628067388250555 0.6983196951164246 0.24827610478735035
2 0.784087747730041 0.4269237206746248 0.746167332126106 0.4377576070210623 0.7242777437179484 0.36114352534667016 0.7621978074821527 0.350309693237642
2 0.7421876304492798 0.35839843942327204 0.7167965069061211 0.383788672786477 0.6865230277580849 0.3535152109423282 0.7119140925806278 0.32812503594393644
2 0.8042920808240979 0.021917804254182886 0.8912141100103099 -0.03648270761082283 0.9952019035937383 0.11829032769937951 0.9082799586285546 0.1766907212286943
2 1.0000000097312522 0.06152343718608798 0.968467784619861 0.06254060557951975 0.9664537599816185 0.00010557428918528974 0.9979859664401829 -0.0009115938012534402
2 0.9201829374018189 0.1468034362159805 0.9185682253025789 0.16295056761130736 0.8934289853684731 0.16043665029144433 0.8950437058985017 0.144289528312154
2 0.9881044335808156 0.12404446593987058 1.0131371084141847 0.16205662193305015 0.936082594493314 0.21279983079303175 0.9110500208138319 0.17478776488426148
2 0.9405558400870859 0.20654060129667245 0.9818734976068981 0.1849839453101294 1.0182834491461108 0.2547699158100096 0.9769658334773794 0.2763265114047332
2 1.0017300445537103 0.19355266662588935 0.9997571002107861 0.22117405323410494 0.9650568913687039 0.2186954819488216 0.967029863445191 0.19107412558857997
5 0.999023109841346 0.9335931719570404 1.0209499235982094 0.9722753980890003 0.9170667344529875 1.0311425350866614 0.8951407183246829 0.9924609978941404
5 0.22624707233558183 0.5633282607229756 0.26737299834201167 0.5319481054379974 0.48219344959352384 0.8134474441846419 0.44106853551886616 0.8448264356232865
5 0.1684470809391314 0.5268887064914203 0.1057632644184423 0.5839977904968596 -0.032376318129308856 0.43238303097000896 0.030306478235388568 0.3752747704452702
5 0.07965484040607862 0.3688548362986584 0.05597610365532546 0.3364946226878158 0.1457190546318543 0.2708296863009186 0.16939772749833537 0.3031897219764327
5 0.04584111115207179 0.2765968550604642 0.020679999090930323 0.23466211937201273 0.1269530740449909 0.1708984843716733 0.15211417935609006 0.2128330473883052
5 0.3241013603110332 0.2820700417916862 0.3450392214006115 0.2663671726900854 0.39578137668377167 0.3340237830023821 0.374843568808501 0.34972658995078654
5 0.3475004012233285 0.2337147665800368 0.3624870683837571 0.255894482458227 0.3079435420243044 0.29274824668931365 0.2929569398344256 0.2705685888246412
5 0.3789257086135649 0.20761812726887077 0.40771867788805594 0.1815677421069821 0.4318721229935818 0.20826374577953166 0.40307918265943954 0.234314100959445
5 0.3484029980049854 0.22748155752631116 0.36190260178955214 0.21938193059452843 0.3698299812250525 0.232594245128374 0.35633038076377943 0.24069386767831297
5 0.7280280678952522 0.06512997176293579 0.7675916714366622 0.11729430824667045 0.16850407769550202 0.5716474666529976 0.12894245750237587 0.5194850280351773
5 0.019659564277958452 0.6611494944750719 -0.005289408320777511 0.6285274770306926 0.06510399619060081 0.5746976416673648 0.09005285350770009 0.6073193902208209
5 0.09492930556064039 0.583763111240656 0.07687193768208544 0.5786043755233808 0.0837263839591742 0.5546139850988507 0.1017836781755932 0.5597727096266258
5 0.1230468750259206 0.0009765610759509951 0.12253632796409875 0.0290567687095908 0.06793789649327664 0.028064069054871434 0.06844844687066143 -0.00001613613633747666
5 0.04696245790125886 0.03500260846893753 0.06411456559067119 0.0541149212202802 0.00367082015327469 0.10835931204218999 -0.0134812693497679 0.08924701614231488
5 0.7038671784162034 0.024101546044188047 0.7315234417225156 0.00335937774194252 0.7928124815814499 0.08507816745760348 0.7651562351102257 0.10582031750033123
5 0.689453125 0.004882812499972629 0.7190266397444702 -0.018464696888468777 0.7350749261513556 0.0018631358042374524 0.7055014124962327 0.025210644376587397
5 0.962890688218863 0.3447265695240976 0.9225894868343403 0.3402487948982344 0.9295446386455524 0.2776534425056057 0.9698456057695921 0.28213120414986764
5 0.9775390625 0.36132812500000244 0.9989748336699904 0.3603074179708633 1.0006495693030502 0.3954768820219364 0.9792137982799431 0.3964975869770961
5 0.8717508075670821 0.5774462129135598 0.8442264078161088 0.5964997459706384 0.8176480411559623 0.5581087710244872 0.845172280354177 0.5390553159284969
5 0.5818655708873166 0.7746355424720223 0.5613265241922818 0.7386086415648488 0.623914119064807 0.702933248758536 0.6444531680226646 0.738959854249202
5 0.746066831670305 0.6714602920478349 0.7196183856125344 0.634843447269564 0.7954577228687185 0.5800711053289384 0.8219060592750793 0.6166876230183481
5 0.6352890678891754 0.7466343117868907 0.6097119853960749 0.7067393492251144 0.720562569509184 0.6356822158972645 0.7461395719450366 0.6755766236102957
5 0.9882338193343685 0.4374919309937725 1.0157003156807605 0.47626471644442003 0.8848839752055255 0.5689264995878615 0.8574180078280733 0.5301541907047952
5 0.3069370491573409 1.005451810076837 0.26052672710864044 0.9446882468490919 0.5178807769354989 0.748172199705993 0.5642899319927892 0.8089330837080023
5 0.2694507082845803 0.009946841577945694 0.2768605036616236 -0.006725194144578892 0.31582232557138923 0.01059117506648481 0.308412531613385 0.027263209544114354
5 0.3579814318405852 -0.00025846374795039916 0.35967876070765215 0.022655450254976915 0.2955773569857456 0.027403701687383288 0.2938800312329022 0.004489789806626891
4 0.16154987206107307 0.7992695904035183 0.12881248582073113 0.824987140560029 0.08608048796452294 0.7706010168945938 0.11881752051010608 0.7448836803252782
4 0.21178166803656495 0.6393495564531406 0.23510413914300443 0.6651234632398015 0.19454809605315404 0.7018169151842244 0.1712257748635011 0.6760431526021894
4 0.13311271535394553 0.3715445065908866 0.14603390969671182 0.3909252773577921 0.09104578521680651 0.4275840625692521 0.0781246788047838 0.4082033696231217