4 0.0625 0.4921875 0.142578125 0.4921875 0.142578125 0.572265625 0.0625 0.572265625
4 0.1085690599792315 0.5784605542536285 0.15297922517402185 0.36870712463163513 1.0438856129999294 0.5573001332802907 0.9994945482376352 0.7670365752729578
4 0.33127076429036606 0.493517264976278 0.3337739729903433 0.44735184025780045 0.9291033072684058 0.47961587667732664 0.9266022320410912 0.5257793829266612
4 1.0000005634458375 0.5771484293348262 0.8953453088012111 0.5786650405185733 0.8943693387471967 0.5112822278707077 0.9990234375 0.5097656250000003
4 0.859375 0.513671875 1 0.513671875 1 0.5830078125 0.859375 0.5830078125
4 0.5763937063233016 0.5989034965872013 0.5809097815055111 0.644057472537651 0.5385598745536981 0.6482924222367243 0.5340439975805111 0.6031386293576816
4 0.7562284231321428 0.7076938726564749 0.6932848810644145 0.6897123403919485 0.7176074906547001 0.6045855764659885 0.7805499896494439 0.6225669509390503
4 -0.00009855906080247223 0.6408025989077798 0.070763241427926 0.6402447416508806 0.07281487070906678 0.9008093477318037 0.0019530705086481248 0.9013671879289685
4 0.16975778956327758 0.9945496904538903 0.08849331141391303 1.0583837622595786 -0.002015608113651979 0.9431906851066211 0.07924669716203425 0.8793579170168101
4 0.0717787561222849 0.8781751384155297 0.09652300694870064 0.8592849668672526 0.19671729660080928 0.9904958052317144 0.17197343534508036 1.009385533570625
4 0.051407527648621 0.9165224517602921 0.04003857076179429 0.9013674575873777 0.07363228998508475 0.876172302261481 0.08500121277131711 0.8913272103238145
4 0.004063115185431343 0.9532416605170173 -0.007648272034543879 0.9388313275325176 0.03180090931562063 0.9067791694009185 0.04351223942796878 0.9211893984898416
4 0.03907771428646356 0.9996590778021516 0.0007166652775367766 1.0005509519580078 -0.0013235551178922833 0.9127985880669769 0.0370365148764904 0.9119067252848618
4 0.5116161805077581 0.6552325402946949 0.6103917473350293 0.7003447734057716 0.558823719329439 0.8132370214719771 0.4600485282314821 0.7681254094561538
4 0.057009438258091905 0.7706603877814977 0.05472402024543044 0.6002916664129564 0.4508419379866382 0.5949726003158967 0.45313423350148696 0.7653345735594665
4 0.419921875 0.61328125 0.509765625 0.61328125 0.509765625 0.734375 0.419921875 0.734375
4 0.548828125 0.66796875 0.62109375 0.66796875 0.62109375 0.7138671875 0.548828125 0.7138671875
4 1.0188939363903273 0.8029296561101945 0.9937022716587762 0.8820954256363523 0.6027078336983323 0.7576884206414467 0.6279015507323038 0.6785265281616237
4 0.8828423179828633 0.7771443680561799 0.9093239674959932 0.8135492597457376 0.8621747846196968 0.8478393029825564 0.835693425385557 0.8114346733412855
4 0.8021123906542016 0.7567059795859967 0.811270496314819 0.8162198990625462 0.7443445703001998 0.8265160488669704 0.7351870084729626 0.7670026151702053
4 1.0000073316818998 0.9996989761862054 0.8597393706143066 1.0007533530590944 0.8587007583699915 0.8622067536085005 0.9989632389771259 0.8611523972564769
4 0.7653659670123716 0.8135463011098817 0.8163753256768587 0.8241706806129476 0.7888500090057278 0.9562934135360337 0.7378407108586771 0.9456692278523405
4 0.3798828998268391 0.18750001106642253 0.28222645756716247 0.08984379479555155 0.38281255704134765 -0.010741930065529922 0.48046875944874046 0.08691404037681723
4 0.5000000034075356 0.03027343456575466 0.47363281182049377 0.056640623110910095 0.4472656241991899 0.03027343557549555 0.47363281146499503 0.00390625144208915
4 0.6376148887950421 0.020576746869959174 0.6901884186197549 0.024620861740237525 0.6863166360603827 0.07495404121282669 0.6337431064378052 0.07090992786807189
4 0.7872101770308291 0.15480795810057246 0.7696257849125914 0.167870613967492 0.711244640546397 0.08928074770072805 0.7288289876416911 0.07621811648970271
4 0.00008736113932172884 0.4512034314556551 -0.005581211090657234 0.3857903954181293 0.5304556961665412 0.33933214652581856 0.536126189219317 0.40474312652285627
2 0.6815390786301805 0.002233516285245305 0.786139373689366 -0.07483958803835171 0.9815945600685154 0.19042342676727916 0.8769945936638806 0.2674961299271186
2 1.000000167008352 0.16015625 0.8798825246201432 0.16015625 0.8798828125 -8.696829207126804e-17 0.9999999989754542 -2.4848083448933725e-17
2 0.11346920864400545 0.8289545896592216 0.22538358175359008 0.7492290583895266 0.37101274944518536 0.9536105462268307 0.25910062633192865 1.0333333919664225
2 0.27283607042284075 0.6405890857807375 0.2932719170262317 0.6695352733059112 0.19297181206309233 0.7403356023229343 0.17253638068757482 0.7113897877192625
2 0.27921746424192406 0.7616611345500284 0.31212755838646444 0.7376166593168687 0.39856654854452245 0.8559047589003089 0.36565682769492014 0.8799488008214005
2 0.38746861727236137 0.8136262197726754 0.39858948167193375 0.758037467761596 0.51615192099257 0.7815517552384691 0.5050319811291502 0.8371396958824859
2 0.5482481119593103 0.8702268800704547 0.5121048422662398 0.8600636817903814 0.5332942362666699 0.784725350943444 0.569436836618479 0.7948884497240404
2 0.12333844178488107 0.7912257474513328 0.10090132545121833 0.7598188852974644 0.16796665174410919 0.7119156964192793 0.19040367194611463 0.7433222589256137
5 0.05899986745168917 0.8599937925181347 0.07475390624551892 0.8805165484378116 0.004717734541600294 0.9342655243088205 -0.011036032558422448 0.9137430162223917
5 0.49028181635037527 0.6604484767933215 0.500114309253604 0.6242178554309961 1.0091106066741986 0.7623214637977695 0.9992805395758069 0.7985499894589507
5 0.5779571921314073 0.7559897532793678 0.7447065977075908 0.7984850931401517 0.6986093239565889 0.9793275721126287 0.5318602674268504 0.9368332729564977
5 0.370673703652983 0.8603693000209696 0.3249895946636343 0.8967239135868039 0.19969852867484406 0.7393097285895599 0.24538123257650568 0.702955983415996
5 0.44900861561620786 0.9622901413297817 0.38792785626105797 0.9968054307346274 0.3324185685222574 0.8985968820323219 0.3934977653665328 0.8640821476975291
5 0.40284192296553556 0.7718703753044105 0.3514559473198915 0.8170833393671841 0.25143268545843966 0.7034212776904193 0.30281764175481385 0.6582090763979292
5 0.4451695992150917 0.9706796699884815 0.44606389552222936 0.9280454422956755 0.7018097153542158 0.9334053879052119 0.7009170322245382 0.9760380122007197
5 0.7115132288125778 1.00043615285652 0.7109312421455343 0.955572286331425 0.8199073523830975 0.954158571888474 0.8204900566722699 0.9990217091178476
5 0.047999477596476936 0.784939140718189 -0.021521487838754183 0.6270953877500064 0.34999818821961526 0.46348089107242996 0.41952087107347324 0.621318239031237
5 0.19568571940465063 0.9465261734391576 0.14314241478734857 0.982172624191271 0.044437501138077096 0.8367140119096215 0.09697897675346212 0.8010684173165215
5 0.23437533565697777 0.9990232137914898 0.20192028691246833 1.0206537727272031 0.1618065200447063 0.9604830339361519 0.19426106387800246 0.9388527041711132
5 0.8401388884410608 0.001967564931730702 0.8648816776135391 -0.016511138488425788 1.0080413557246857 0.1751777584617377 0.9832986148967393 0.19365640060075623
5 0.9999994850365965 0.18261650892364628 1.0430850069324151 0.239390925097476 0.8927584988888384 0.35346885825711705 0.8496734230872107 0.2966948610521655
5 0.9990233674080855 0.2949205260476298 1.0036483273096337 0.3839291326027671 0.8461864766995859 0.3921096199734451 0.8415622853444802 0.3031017410543574
5 0.7688727922143244 0.21784014976453375 0.7385637834837553 0.2398031710089936 0.5670294821260313 0.0030866546178510705 0.5973382392893427 -0.01887623230791476
5 0.8183851011053775 0.2826155183691991 0.8290808869010107 0.30086071553232163 0.7954975836137237 0.3205474894410796 0.7848018353495263 0.3023023248215613
5 0.7919177455233921 0.31408672973123825 0.8240956234261603 0.28890499427528993 0.878684445752242 0.35865776892359663 0.846506669980613 0.3838393894604074
5 0.6839434388443806 0.10089297364644628 0.664817289983489 0.07588187823207006 0.7038926036664179 0.04600078711859372 0.7230187458827686 0.07101186797351744
5 0.043479269017552724 0.377302985878062 0.030797669855587628 0.13236035269956062 0.4002917583749195 0.11323048317162052 0.41297666338573435 0.35816919299103556
5 0.826446072445151 0.3374812845203404 0.6272743975659978 0.5277510715105765 0.3306536438586818 0.21725610384938465 0.5298232486916277 0.02698831484728011