2 0.0834716985942805 0.8542674775261364 0.13227300171308798 0.8136094529793926 0.1789365121769606 0.8696068289493537 0.1301355674208935 0.9102644632618525
2 0.02415752276601779 0.9895468441431612 -0.01616143753039978 0.9401677602354317 0.08743470927925046 0.855602002196272 0.1277531439213817 0.9049801506853526
2 0 0.9990234375000414 2.1269795524858637e-7 0.9609374932870661 0.025390693283839028 0.96093766849957 0.025390625 0.9990234680802904
2 0.19836774578402583 0.9659470425328294 0.23027027208490836 0.9422844948314023 0.2713600109766503 0.9976670204993172 0.23945769535419004 1.0213293243002304
2 0.5082725503614256 0.8829630928986348 0.46434665755373317 0.9173329963666174 0.38686183121035356 0.8183262082268759 0.4307867885891028 0.7839568665886574
2 0.3713475115368965 0.8310901011101495 0.40306292171101177 0.8725543898582044 0.3613067439171118 0.9044854119402068 0.32959164914927896 0.8630214114564629
2 0.35302062703351567 0.9399838790604202 0.38537311776212846 0.9820298077780221 0.3444070811646043 1.0135418599401032 0.31205494328048644 0.9714962540429373
2 0.4065482261426041 0.9629993311554017 0.3743562522038246 0.9247811099636398 0.4156475205691095 0.8900098980140304 0.4478393135990473 0.9282278280488169
2 0.6779755083938426 0.9188110411794079 0.6142569262350435 0.8345565368289064 0.6815129816553736 0.7837049141659086 0.7452311837361094 0.8679585003308119
2 0.6001787880398979 0.8407710214948061 0.6278995176628541 0.8762440631284758 0.4344676112931438 1.0273615709362984 0.40674823487961476 0.9918897663904833
2 0.6386646509338334 0.882813560236948 0.6736793883505925 0.9353191548507702 0.5105230621441024 1.0440915881196629 0.47551002902935124 0.9915874974411749
2 0.6788201440651846 0.7824097034814427 0.7115011399321247 0.7576566584754455 0.7767650929407637 0.8438066200759715 0.7440843857046957 0.868559333470381
2 0.6356218237427811 0.7818863447556885 0.6007015037218935 0.8093726430704431 0.5217899769570522 0.7091350916555621 0.5567096406118708 0.6816491912414334
2 0.648082976953333 0.6223606368535801 0.683770283275976 0.5928837656650331 0.7360983812418453 0.6562291985497684 0.7004112917499015 0.6857058329097316
2 0.7148451559016848 0.7158210972626023 0.6572233575184327 0.7734345557030514 0.5683580324797504 0.6845688932606645 0.6259790571356234 0.6269562083590122
2 0.7028424867497733 0.6932404536202721 0.7253667588455528 0.6767251477310158 0.7416350913443921 0.6989093780811763 0.7191108604064311 0.7154246358384653
2 0.7522240558117801 0.7445224967663333 0.7814812827576816 0.7208961391387562 0.8379726840832973 0.7908389387082891 0.8087156820905648 0.8144650475774972
2 0.3476567547027116 0.9228511096701022 0.3099547465562864 0.9566779910185169 0.2689322190993835 0.9109676377798115 0.30663385438663227 0.8771410495793227
2 0.2507985631890506 0.842569277967949 0.21221638316217195 0.8763219129759304 0.14887606893876182 0.803933007962515 0.18745769567965453 0.7701807840113413
2 0.36250331250096224 0.7586681844023345 0.3284813269690403 0.7867690491802423 0.2681898921265429 0.7137853865147147 0.30221142306527327 0.6856848232194036
2 0.31813997964411556 0.7928340186327205 0.261653539550025 0.845666779587596 0.20821985390512054 0.7885483201675128 0.26470570909998514 0.7357160610477238
2 0.3691412756106729 0.7666011106812546 0.31151927642838473 0.7089880822256982 0.37988163758723204 0.6406261902885443 0.4375030420561643 0.6982386203169864
2 0.44202680608634637 0.710245895009631 0.39257519781278916 0.6484396066347605 0.4328293031080648 0.6162365849805226 0.48228074436292445 0.6780425507472903
2 0.4100076354806106 0.5885784210654332 0.44340418362230594 0.5572731333827892 0.5204820962657095 0.639490938415537 0.4870858696092455 0.6707958955727078
2 0.458984046805881 0.5732415904567004 0.4921892727483055 0.5400402225870865 0.5576185185167333 0.605470465770367 0.5244135680289901 0.6386715587848981
2 0.52121275280183 0.49354890187541034 0.5582424723211261 0.4652920428422401 0.6231371333575453 0.5503276727750638 0.5861076225750139 0.5785842911350383
2 0.4944318332917419 0.5314633220983837 0.5280353262309063 0.5054504083900234 0.5877192425289195 0.5825431327947473 0.5541159407525811 0.6085558301591724
2 0.6570605444181865 0.5181021800900697 0.6210931575325276 0.5468741288680051 0.5665958779654829 0.478752843860306 0.6025629538660269 0.44998108927316555
2 0.591797791952672 0.4402135920417904 0.6777959537662355 0.36765794360372467 0.7502188099080058 0.4534942114678383 0.6642211780460912 0.5260492960191163
2 0.7655017461228226 0.3842523843905792 0.8015038427913623 0.4297257545053029 0.7065531485686734 0.5048949145849424 0.6705514561328982 0.4594219186042087
2 0.7396577576141681 0.388259794392738 0.7044690428265312 0.3376042318239153 0.8553986616581142 0.23276160541468316 0.8905872608369236 0.2834167264456941
2 0.8922565147186106 0.28348541507502323 0.9281139489123689 0.3280338133406232 0.8260074542766915 0.41021695546898923 0.790150351991656 0.3656688637250671
2 0.8689625082555494 0.27651719200956326 0.8523856673706405 0.1952107114225572 0.9946624398164658 0.16620353589320627 1.0112395687336857 0.24750959723197036
2 0.9323862955631057 0.3249684595035533 0.9768271567073725 0.29098573916486586 1.0414681281121148 0.3755170635462069 0.9970274435661395 0.4094995875256959
2 0.9319536787584184 0.32550424724684623 0.9092586317120777 0.2956429833925909 0.9664559309455854 0.25217328169906045 0.9891509361270892 0.2820344484948219
2 0.8570845190539558 0.5110497373660275 0.8268951152828095 0.46665653431202014 0.8708084464316244 0.43679561610743955 0.9009978087979107 0.4811886464797177
2 0.7516539497032682 0.5951762569100193 0.7211534237681008 0.5559648295474622 0.7672611478053568 0.5201035358731334 0.797761583572651 0.559314768926691
2 0.8786986657428315 0.43561841603777796 0.922577604757862 0.39525235580485596 0.9569116099505663 0.4325722922055531 0.9130328006013997 0.47293821749884235
2 0.8085625720694907 0.5554695670923787 0.7784578652891696 0.513789390328977 0.8242391313355029 0.4807253711555246 0.8543437735345378 0.5224053592788901
2 0.8025050762799992 0.6605667915284661 0.7672336239553488 0.6169020392511946 0.8373809775720247 0.5602451553679249 0.8726522330331363 0.6039095408338259
2 0.8868497524515533 0.5931397987768123 0.8513668359788653 0.547651952191893 0.9730426855117003 0.4527464986291687 1.008525332205977 0.4982337795520557
2 0.9794703737967438 0.6387708920790345 0.9957135084472384 0.6636736056822135 0.9634818336260196 0.6846942351139216 0.9472388086430783 0.6597916183035181
2 0.9436803992083469 0.6247179139599758 0.9346719349456407 0.5832827695627475 0.9988118934827526 0.5693395075720465 1.00782053376588 0.6107744021683152
2 0.8607117745291362 0.7331103522550161 0.8222174705588259 0.6849994390341119 0.9176108748280285 0.6086844650945502 0.9561048626005686 0.6567947727453024
2 0.9029640353232935 0.7778369453167931 0.8675031929402621 0.7254975134364152 0.9907144485800927 0.6420330632773928 1.0261750732236123 0.6943716233032728
2 0.9349335588681242 0.9542080370555285 0.9698868649711585 0.9224415901323915 1.0086858923921227 0.9651212869937377 0.9737328431893957 0.9968874657140216
2 0.9531252878654186 0.9990231963836009 0.930264117788397 1.0181716814743578 0.8978866322645445 0.9795278022038533 0.9207475918459522 0.9603794605260798
2 0.7595994609278023 -0.002179033830482838 0.762687533467556 0.1290557442119234 0.4766782873276725 0.13578526472135113 0.47359055368178815 0.004550647427058748
2 0.3798828079526402 0.21874999545272217 0.42871157106606006 0.26757781070718967 0.3710937643179477 0.32519526398238596 0.3222651663373881 0.2763676142074214
2 0.28063166309391363 0.43294596632997145 0.18432782332638453 0.4233159423393237 0.19692728115080627 0.2973297306556871 0.29322980047390956 0.3069596889216057
2 0.1757813678183311 0.2626953154454175 0.12903301460141847 0.2615266222869473 0.13110276677195998 0.1787414464469241 0.17785087205766104 0.17991013660689228
2 0.28738228487054585 0.26205578965432236 0.28512415014688486 0.28350809081661293 0.24069453847187106 0.2788313375729648 0.24295270777827227 0.257379075673072
2 0 0.283203125 0.0234375 0.283203125 0.0234375 0.3369140625 0 0.3369140625
2 -0.0000650264584010074 0.3362010785206587 0.031547275007369535 0.3354300820444169 0.03356541759171705 0.41817431990009685 0.001953116266008692 0.4189453127130131
4 0.07617195665841336 0.154296875 -8.937990969570819e-8 0.154296875 1.0407245554233668e-7 3.727212517340059e-17 0.07617179737417246 1.2424041724466862e-17
4 0.061523591673903866 0.36425771887808867 0.0003955721165311843 0.35406996187084006 0.030115329479713182 0.17575499825461185 0.09124246129954372 0.1859426797604884
4 0.017792812606217012 0.5114208530987231 -0.02123779020519123 0.5001231488084952 0.014764567561201147 0.3757536208818583 0.053794563994983946 0.3870512347254309
4 0.06190741899774821 0.6319871830600401 -0.007125739178491131 0.6206918599865356 0.017884482608451435 0.4678599013365167 0.08691587591169991 0.4791550764510889
4 0.18274715265340546 0.06568346213432148 0.1368222900383671 0.083103233778878 0.10593571508422883 0.0016749767970621536 0.1518605375296147 -0.015744785915167463
4 0.500419705139052 0.13836687516472532 0.42294485256320513 0.22647570409423515 0.20037020599897915 0.03076390135335166 0.2778447963896724 -0.057344581725320455
4 0.4415424407247883 0.0009797288640765644 0.4409089962815642 0.02821790590454588 0.39596600417064565 0.02717271921907858 0.396599451072575 -0.00006545594754824554
4 0.6151566434272127 -0.00001426866798617896 0.6155236550418977 0.02310738734352094 0.5531013839895422 0.02409821561662315 0.552734375 0.0009765625000547758
4 0.48812313976463884 0.33596379928246667 0.38872389054165524 0.26496580779868023 0.4525967454133024 0.17554448994561514 0.5519954007186243 0.24654217501465742
4 0.563341194418399 0.17395622979540978 0.5383639486128686 0.24264364241371195 0.4157303609063092 0.19804978129821874 0.44070771794906705 0.12936262824313047
4 0.39189187726128694 0.05196893375793084 0.4096125729598725 0.018496597147986567 0.4915434934040377 0.06187186625377336 0.4738228281019019 0.09534417703005439
4 0.5872598950048769 0.27750894919436997 0.483894012687756 0.2645883959030186 0.5036210284563367 0.10677587667724261 0.6069859082381299 0.11969636457166855
4 0.003454626446682596 0.7841970967784733 -0.038470826977004435 0.7291748498483297 0.19635935118003545 0.5502633947390806 0.23828423077713978 0.6052841258066075
4 0.4296551272738043 0.2658471867382991 0.4642359217680223 0.2956018462232661 0.4175483438481251 0.34986037566725214 0.38296764251026616 0.32010581626443113
4 0.4150932741864608 0.47246963353531 0.3600942074072009 0.4054990548668794 0.5940903115354104 0.2133389656992767 0.6490887503815657 0.280308453739812
4 0.7295718017196577 0.0586187031806633 0.7142910799385618 0.02938598733478983 0.8245630479788133 -0.028256109890329163 0.8398437608545919 0.0009765832651981872
4 0.683644556673471 0.03471698181834449 0.7238414153996473 0.06046094247751322 0.6542140157581571 0.16917745144285848 0.6140171947953377 0.14343354069072514
4 0.5987463897506586 0.14661291736807253 0.8093353140005775 -0.03919914552637616 0.8716335347049835 0.031406271857159315 0.6610448711786603 0.21721806380086953
4 0.9999999902885293 0.09765622595324616 1.0000000729986596 0.18847656250007128 0.9023437017283413 0.1884764667548923 0.9023438107959691 0.09765632990035776
4 0.871514289670813 0.17534563613890664 0.8927585014731676 0.20265920437768645 0.7583532287444541 0.30719616315028864 0.7371092052892436 0.279882766434316
4 0.7262312789939642 0.290729886538293 0.7854432502482496 0.3668557250827716 0.6195323144847862 0.4958968803278274 0.5603213592886505 0.41977197149317935
4 0.21289073310526874 0.9306640624999999 0.1757812187406671 0.9306640624999999 0.17578139066620224 0.8984374999999999 0.212890570947593 0.8984374999999999
4 0.8769552383822656 1 0.5957025955647168 1 0.5957083711323321 0.8828125 0.8769515629613807 0.8828125
4 0.7916129454448537 0.9196053513681038 0.7407398443749571 0.8875815854772812 0.7871188105938245 0.8139219386698432 0.837991025707197 0.8459453345703374
4 0.8811803183899656 0.8249363093339217 0.8477809992576795 0.8522574981085145 0.8238502164091415 0.823008712440252 0.8572493365913942 0.795687653175354
4 0.8374291008590262 0.8778114520487527 0.8991865171135487 0.8407660030286886 0.9374433137846836 0.9045280523813375 0.875686177870989 0.9415731287210622
4 1.0000015820714907 0.890625 0.9042957870572081 0.890625 0.9042980972312762 0.72265625 0.9999999719163952 0.72265625
4 1.0322275696826182 0.44336000286166327 0.9960936546858647 0.4794920751902244 0.927733960236651 0.41113245959116645 0.9638676556351129 0.3750006089853057
5 0.055172595607359654 -0.0035871451766396555 0.13696026336106115 0.005120015216920503 0.07584681491664469 0.5791556306546648 -0.005940814296764074 0.5704486896522329
5 0.000976559601781446 0.17578124996949296 0.04961426264628699 0.17629321717697652 0.04863770305473736 0.2690666530831538 0 0.26855468749999956
5 0.0009765609491978466 0.08789062498257569 0.045936650388853195 0.08839579122030497 0.04476655187954748 0.19253468252561987 -0.0001935375728407962 0.19202951744625865
5 0.03471544449666908 0.18337715425035375 0.03221897354944758 0.14343303058928658 0.0797627365234348 0.1404616099902377 0.08225925144677149 0.18040568606229812
5 1.0000000452712356 0.09472656249999997 0.9238280698319841 0.09472656250000001 0.9238281350916395 -3.1060104311167156e-17 0.999999999528427 -2.4848083448933725e-17
5 0.009637157114525507 0.8957376723710965 -0.06790099213685608 0.7996015001756244 0.929301150442484 -0.004646106720911152 1.0068342622139426 0.09148102385202163
5 0.8636603846944126 -0.0026884181085550926 0.8896484374998863 -5.72127121411699e-15 0.8822518391887115 0.07150045786865501 0.8562637864375802 0.06881204082743095
5 0.8696976634216753 0.12473531780847542 0.8521923252635588 0.10463662012522726 0.9209435106612318 0.04475663496070691 0.9384488308783148 0.06485530732327752
5 0.8920237885246252 -0.0056676882468133325 0.922833429601269 0.0008185508169365374 0.9120472068806293 0.052053110463317315 0.8812375661805163 0.045566872589561755
5 0.28506127230082257 0.974529494315443 0.223424020958646 0.9801314804076722 0.2127788527627672 0.863023766993287 0.2744140625 0.8574218750000016
5 0.3526315973202827 0.7819506042075445 0.38483415730377146 0.8107575658418759 0.34187333736929304 0.858772341719126 0.30967099858969505 0.829965611985422
5 0.4215386839759958 0.8045519292470052 0.38550575031388234 0.7901413700794914 0.40975163900316147 0.7295275297764883 0.4457840825373296 0.7439379786216964
5 0.5043918226562027 0.6903658264280457 0.5173693449497705 0.7146946622631147 0.4550249894753051 0.7479449612385162 0.44204768653980864 0.7236163136166206
5 0.7219596618025435 0.5953917269120074 0.7145002225213375 0.6094803353895063 0.6941298007809564 0.5986960348586303 0.7015892432134478 0.5846074559274479
5 0.7185736935085743 0.49789356251062483 0.7511183103047188 0.5404474586706453 0.6634716849241613 0.6074715512522311 0.630927496732852 0.5649180478715435
5 0.8880463472610245 0.4160167450220447 0.8682362111233033 0.3457827450007089 0.9547990246792324 0.32136792519610674 0.9746093756868959 0.39160156493525955
5 0.7740039878190146 0.5035578758000283 0.7510502750180876 0.47461796859771116 0.8246001365364464 0.41628570055007785 0.8475537499662096 0.4452254137106986
5 0.7485335797501875 0.6571943801202894 0.7852589867161441 0.6308522634775758 0.8784379889667662 0.7607407819000174 0.8417129677865205 0.7870824434001262
5 0.9384212721279255 0.5507438759024956 0.9622348132505749 0.5829086543619583 0.817449213026407 0.690088836676298 0.7936362765644844 0.6579246050951523
5 0.6742992129300092 0.7831589371634523 0.6588687747483846 0.7647923147615832 0.7129647751517041 0.7193522442532853 0.728395123145674 0.7377187191041609
5 0.49762492719719376 0.7288824454214793 0.5062583161543444 0.7229065567454155 0.5468283270098482 0.7815081606538696 0.5381949785221423 0.7874840002990564
5 0.5990829203101384 0.8457011912782403 0.5222961030156057 0.8988503558891345 0.43475739942823566 0.7724043692504838 0.5115420803948609 0.7192562497312157
5 0.9451857208321144 0.8591371953116645 0.9857247695399565 0.8964478255181307 0.8569443010180748 1.0363330447907075 0.81640625 0.9990234375000158
5 0.8931260680999458 0.8164540540160018 0.8686879983478093 0.8191688694066497 0.8652105538532169 0.7878710549666088 0.8896484375 0.7851562499999968
5 0.40999203918249805 0.9937616746941396 0.39343307517060566 0.9733118640768299 0.4692265345897795 0.9119562569699543 0.4857853402077126 0.9324057763521155
6 0.30396980840623655 0.30128180531938864 0.3356913905249712 0.2919098855482237 0.3648633095565401 0.39064615187401663 0.33314174967972576 0.4000180206795434
6 0.17839328488196315 0.24980475296689506 0.3474025030756138 0.3085860417554906 0.21285329946704223 0.6954210621169332 0.04384481662566486 0.6366414367647847
6 0.001953125 0.6826171874999994 -0.01249650720092177 0.6658880744036881 0.03380383488683947 0.6259017565184315 0.048253399926466045 0.6426307689247455
6 0.140331105103769 0.07414813383537877 0.23644198559782126 0.07005833210099828 0.24095808223307813 0.17618680953475144 0.14484720241841842 0.18027660302153517
6 0.1708984372029363 -2.2850850409496192e-11 0.20166590051769617 0.002366727426280869 0.19686351056850526 0.06479779337992614 0.1660960473572004 0.062431066678300146
4 0.4888812157103075 0.47962601597578824 0.5159571796707496 0.5117129770312333 0.41874879936483467 0.5937328193636378 0.39167319050920923 0.5616461914150636
4 0.5071676283935176 0.5044657198313887 0.49470271851771486 0.4882080869743279 0.5627890617823823 0.4360090367465655 0.5752539278620361 0.4522665697753576
4 0.3607463376586111 0.6224342860881998 0.348476062263785 0.6062908821226275 0.39007352303462994 0.5746770059169668 0.40234376447062914 0.590820331538288
4 0.33241892396472394 0.6031004490569825 0.35967436726377855 0.6259921943569106 0.3279702391657793 0.6637351505281248 0.30071489597855816 0.6408435139821702
4 0.2943053016626891 0.6526453265817083 0.31272541040766555 0.679729395529794 0.20940585878099682 0.7499867418099003 0.19098615689404141 0.7229030349108618