2 0 0 0.03125 0 0.03125 0.0341796875 0 0.0341796875
2 0.0009765616800905264 0.048828124989067606 0.033835303543241935 0.04926624029664744 0.03285874186769888 0.12250842736845176 0 0.1220703125000007
2 0.46679687324274255 -2.4782622999421642e-8 0.46679689569361926 0.08007813529573603 0.3505859059174554 0.08007810219999084 0.3505859375 -1.4716277422631e-14
2 0.7646489066497679 0.06335193961039652 0.7033054458825063 0.10685002353492737 0.6368184332509372 0.013086276496741033 0.6981618236634404 -0.030411770565899228
2 0.5639597536899146 0.01345237095783378 0.5836933882392259 0.05332227582318702 0.4826242106399832 0.10334642556280553 0.462890625 0.06347656250004033
2 0.5949976362732059 -0.003211188493648461 0.6076130187250328 0.020872720280513995 0.5777635676274713 0.03650814526731382 0.5651481873439934 0.012424238344984932
2 0.530622709567524 0.25089244956752416 0.45246095898312433 0.15605634755463438 0.6132990171494157 0.023498216183138396 0.691460520036344 0.11833390599956917
2 0.619044649609009 0.06654170403395655 0.6399589344038077 0.05120462240088547 0.6922416580468962 0.12249936134682733 0.671327389710541 0.13783642329096885
2 0.8456489073010971 -0.00005228315916282621 0.8461336397291461 0.02660794060330949 0.7895472293193961 0.027636782186060693 0.7890625 0.0009765624999660743
2 0.8087737368042553 0.03362640814743612 0.7727409086215857 0.0620733762282649 0.7317952767862153 0.010208909536812123 0.7678280946787481 -0.018238051745088274
2 0.017163928940590267 0.2293281622226957 0.09788410043893236 0.3459211788407094 0.06609477514723494 0.36792890282668184 -0.014625165071720403 0.2513360928081202
2 0.09004155107140832 0.17761881954438405 0.1252321094184481 0.15151009671710117 0.17937943524509592 0.22449162081652155 0.14418894015454953 0.250600271032211
2 0.06382183629773408 -0.020813378274199053 0.12941553102382386 0.023361944826274902 0.06913613654876372 0.11286766653560336 0.0035424756865722884 0.06869238071848652
2 0.1025390625 5.839299610499425e-16 0.12781479897341796 -0.015165440663915394 0.14901194848823707 0.020163144767819594 0.12373621262918277 0.03532858440957838
2 0.07001205943902278 0.19290839789963946 0.09480192392231857 0.17638215489749845 0.16060703595667292 0.27509032122486804 0.13581722807759888 0.2916164940491709
2 0.13843783590584735 0.2975389815566751 0.10281242701069004 0.3242575655931146 0.029101454057013143 0.22597645985799378 0.06472662393298378 0.19925800875462574
2 0.23238287645312994 0.2922153088516715 0.1943686799228317 0.31882465793201736 0.15697747210708712 0.2654086151541393 0.19499152064827285 0.2387993390428987
2 0.007082090941366914 0.6105835017917319 -0.03798454807144935 0.5469640763090754 0.12496876492150477 0.43154122577836873 0.17003510451309012 0.49515963948710245
2 0.11831868813567326 0.4171213205924988 0.15428040795814013 0.3949924433559947 0.1952207299021893 0.46152100651200234 0.1592590982299953 0.4836497680812684
2 0.40451374163467335 0.3308052728196931 0.33468535779331887 0.23105202516033188 0.446629445518397 0.15269165845307434 0.5164576808330139 0.2524443784436505
2 0.28927689889837893 0.27090650061035654 0.3246454861385928 0.24106524392844073 0.39756471380053426 0.3274887363622225 0.3621962691098588 0.357329838695985
2 0.34478531136005586 0.36834676675139616 0.3128077450529645 0.3917142210571774 0.2666445335122489 0.32854369200332145 0.2986219151385967 0.3051763361073337
2 0.3022639359705863 0.4003578696291421 0.2653593391114555 0.4264975828567169 0.21223442947007243 0.35149781089449866 0.2491387495889512 0.3253582374571461
2 0.25585966783773983 0.422851331321973 0.22514551469794242 0.4470982960050146 0.1682517490569353 0.375033152885522 0.19896567904095264 0.35078632466575344
2 0.0688099864328251 0.1930586936866028 0.09450143747403672 0.1759314081982433 0.1604568266120623 0.27486501274 0.13476543451827183 0.2919922252516632
2 0.516842055879124 0.2517037208097922 0.48542746514999635 0.2756637033405712 0.4304996108562591 0.20364740211911425 0.4619140625 0.17968750000003342
2 0.9218603792124895 0.05672046590947211 0.984588400723851 0.013408432061494068 1.0495021131015392 0.10742168119264342 0.9867741520284881 0.15073364921089283
2 0.891180408501441 0.08986830706330944 0.9160329749307721 0.069826040641978 0.9853651114967761 0.1557980866822054 0.9605125813995983 0.17584031181807966
2 0.6935492386384112 0.2241830348005618 0.7276308818544521 0.2003264112106242 0.7762164989137545 0.2697348134777498 0.7421349194534059 0.29359136100375594
2 0.888133536975829 0.08784272737424617 0.9446318898031905 0.15536467410936874 0.8832054372627454 0.20676220675697496 0.8267072098473136 0.13924037877298642
2 0.7398044889981747 0.1965322572757306 0.80439837470783 0.14975832807126274 0.8760315990143681 0.248681209978157 0.8114378862538842 0.29545494012486107
2 0.6381793790935717 0.2710154828175661 0.6871838456156638 0.23776349491360857 0.7425073977582315 0.3192935346881695 0.6935030481225795 0.3525453758963997
2 0.798730187249248 0.15835545172897256 0.8289186951643615 0.1379341206569689 0.894008576834949 0.23415440128359455 0.8638201273773802 0.2545756609316831
2 0.7924183775070333 0.2731281098909357 0.810039245312737 0.29741554842074447 0.7585534644965719 0.33476804449101777 0.740932676561215 0.31048067796383444
2 0.6012013026708019 0.29856462496185515 0.6411680230276033 0.2759755213002226 0.6843102696254846 0.3523044941735249 0.6443436196113907 0.37489349987089177
2 0.5507742527830715 0.33402052584717445 0.5935292491935797 0.30505875060067866 0.6477674405365406 0.38512528029431514 0.605012569964515 0.41408690076907423
2 0.8996457628443295 0.40083380590875234 0.8422268486365283 0.3296365269742441 0.9148756219221923 0.27104929646398584 0.9722943476975843 0.3422462266750697
2 0.935546875 0.212890625 1 0.212890625 1 0.3359375 0.935546875 0.3359375
2 0.7708269675384827 0.4991191054962215 0.6896548785928189 0.4049643661784324 0.7691684084586541 0.3364187745929607 0.8503400849948548 0.4305728891572807
2 0.7771929237164841 0.3737971399547315 0.8195615412594179 0.3455529385760731 0.8706429725179987 0.422175828552683 0.8282744815245451 0.4504198722632421
2 0.758781096601183 0.4971682217170388 0.670075491741045 0.5697406026277543 0.5927141592158023 0.47518772254645475 0.6814187391335054 0.4026160148904807
2 0.761299908268029 0.4981454094641956 0.7388842241817883 0.5138354127847492 0.6907570102575846 0.44508257040323196 0.7131724997844913 0.4293926633586621
2 0.5325712811526273 0.5205624594023415 0.5960399074618863 0.47494908324902346 0.663610124601405 0.5689615726790954 0.600141863752242 0.614574511530665
2 0.8489534027564787 0.4342733473717009 0.8276247638812038 0.44903864581877134 0.7780544434591548 0.3774373015329406 0.7993829177338512 0.3626720829629877
2 0.49236068201696526 0.5697653210095927 0.5442530046864249 0.5340935324836339 0.6043734305777662 0.6215427150792552 0.5524813909941031 0.6572141585514534
2 0.5092303283665842 0.6842841745029145 0.47315841866759456 0.7097951688561783 0.428936873211228 0.6472752351262625 0.46500838844622194 0.6217644391523167
2 0.46057087847486855 0.5290835220379478 0.3841880242894149 0.588168015346682 0.32073268988415293 0.506140445207991 0.397114752951893 0.4470564128955006
2 0.5182417980628315 0.36058591149205893 0.5771894203776355 0.43917833412376867 0.5181268653152529 0.4834749302219721 0.45917965089495283 0.4048828787497802
2 0.5175968570555369 0.47627998307888664 0.49415252169728774 0.4968814422856136 0.4315543377609856 0.42564945287274586 0.4549984919530061 0.4050481298791052
2 0.40595758941253735 0.43817881304396084 0.4308612494218096 0.42024945984484074 0.4803721316144447 0.48901517993771215 0.45546856224257226 0.5069444259085563
2 0.5107424523131385 0.5136719702935003 0.48437419798551673 0.5400382355861394 0.45800703121165043 0.5136711001469793 0.48437520862637484 0.4873049115509106
2 0.32142820097601543 0.8412583729404056 0.2645137599373584 0.8813406168991964 0.09533713292410084 0.6411594353550347 0.15224888980765172 0.6010785324491202
2 0.25392621975004204 0.8906660100224848 0.2283165272764336 0.9095080505886901 0.054859072487943195 0.673792924758675 0.08046755446957832 0.6549515344409129
2 -0.0447408289797977 0.7206630924973634 0.04045683707761327 0.6736669327214082 0.1316705517290302 0.8389964197713077 0.04647360503179243 0.8859915337432128
2 0.023609983282312896 1.0358734524705728 -0.032221715402897644 0.9473808450748794 0.13572209125072732 0.841449578642648 0.19155356897749698 0.9299397714403814
2 0.3447153120712301 0.8938788035265548 0.38023545108342205 0.9430172968162628 0.23473742368992134 1.048160621084057 0.19921875 0.9990234374999613
2 0.38307912831839985 0.9490959976859955 0.40129972853901563 0.9727080679151026 0.33657965848681215 1.0226352184727898 0.318359375 0.9990234374999869
2 0.5730104204297959 0.9086578687274078 0.4702775591573527 0.9820213954010166 0.3811999627179148 0.8573109397028434 0.4839298477485272 0.7839489324469618
2 0.490234375 0.9990234374999553 0.4902365448248247 0.9394499672222624 0.6464851688015187 0.939454450619617 0.6464843749593001 0.9990265487449048
2 0.9786472285114769 0.9050139237758633 1.0118477577067324 0.9509698018972889 0.8941519381297667 1.0359725455456765 0.8609524969027689 0.9900176477230264
2 0.6287191982576132 0.8305009753463806 0.5876681824452135 0.8625661558944572 0.5252194909584205 0.7826325184703676 0.5662698342155181 0.7505677402000817
2 1.0200151505339363 0.51739242262404 0.9852878377723755 0.5460781582600053 0.936044657066077 0.4864681094047014 0.9707717171404511 0.45778254147168435
2 0.6660481454673572 0.8000096463372764 0.6534379988462433 0.8116088288350778 0.6289914777679542 0.7850366314605327 0.6416015625 0.7734374999999923
2 0.6447360185737807 0.8103527354294867 0.622152480413547 0.8275131900754277 0.5641172250417412 0.7511514885661335 0.5867004204005752 0.7339912287601361
2 0.8923878842682598 0.5148750633614505 0.933267732453146 0.4851471702977028 0.9887994937849953 0.5615043966980829 0.9479198407915419 0.5912320595784707
2 0.544893797269765 0.6506098198132229 0.5097812678029641 0.6772922793843261 0.46461776179523895 0.6178668735582592 0.49972994776953783 0.5911846095555657
2 0.6660446210738655 0.8006081800549015 0.6445926673027316 0.8160241452907183 0.5854685784640878 0.733765116379078 0.6069201784919187 0.7183493336434735
2 0.8856956458113245 0.5103632430005995 0.9378128907399059 0.5711606249645258 0.8631788622489012 0.6351320460417155 0.8110621661883215 0.5743351837924238
2 0.6874108191942696 0.6636519498797371 0.7545146954811344 0.7538796671611175 0.6732486605490067 0.8143074890809145 0.6061459369865361 0.7240808169158479
2 0.7704419287568953 0.5973704746413109 0.824219322383783 0.5849620052805715 0.8544375735647236 0.7159094773993404 0.8006602389533555 0.7283177794738914
2 0.647878494688257 0.6908002750227804 0.6686123221074922 0.6760708575613177 0.7267459903301869 0.7578899226867453 0.7060123003974468 0.7726191771807873
2 0.9726888130137468 0.45493489698943274 0.995336744719225 0.4407809224592975 1.0193121138836432 0.4791417224607899 0.9966642177950007 0.49329565134992925
2 0.6888045929483724 0.6614367016618911 0.7095572635370218 0.6464510091180069 0.7659259005124568 0.7245010487817677 0.7451733590365848 0.7394865892675309
2 0.6684756687994877 0.676131553157409 0.6881643519188856 0.6613673971720433 0.740078019733005 0.7305864707034135 0.720389455384975 0.7453504895977308
2 1.0196851680738064 0.736803383668087 0.976668677466705 0.7683441841946785 0.9234539808030604 0.6957787459083784 0.9664699092559204 0.6642382441104208
2 0.7515117755417577 0.9377026514973199 0.6914447992053283 0.9849778228864626 0.6394979280995585 0.9189917330826597 0.6995639797522699 0.8717171225693497
2 0.7791867749833727 0.7875612554462069 0.8428259751564156 0.7432997163900446 0.8925280497728636 0.8147479895162296 0.8288892422247045 0.8590090561504179
2 0.8100366223292212 0.8709105952313487 0.7888890196386456 0.8879080721491375 0.7389011839295563 0.8257286192213319 0.7600485077148278 0.8087313180280318
2 0.6978799392754809 0.8544070537235616 0.7461402177768832 0.8118348662416405 0.8027343750001137 0.8759765624999714 0.7544745562400976 0.9185482661675638
2 0.9114639649374112 0.8008265353799506 0.8494106189463082 0.7189298244519127 0.8942726207163787 0.6849438587754356 0.9563257508780225 0.7668400475308147
2 0.8460452235725597 0.7498929193219566 0.8665544392699758 0.7352462916719831 0.9120838305447023 0.7989883294566998 0.891574729294689 0.8136348216929926
2 0.757270410536762 0.8014741303165325 0.7785675583143075 0.7860554538430347 0.8308453152648099 0.8582496406853879 0.8095483155589136 0.8736681430829956
2 0.8746885710363586 0.6555082695536262 0.8518748264373244 0.6726166909672611 0.7891792976131455 0.5890231860028752 0.8119927370120195 0.5719149342157386
2 0.7784669284865231 0.695576230181015 0.7573313271187772 0.7105453137549458 0.7107120213518101 0.6447301245266092 0.7318473736819442 0.6297611666521657
2 0.808892689286381 0.6605175166793975 0.774582455672089 0.6839900734571779 0.738173302609539 0.6307767117204531 0.7724832212782076 0.6073043047151095
2 1.0000001328822918 0.6982421875000001 0.9707030189254056 0.6982421875000001 0.9707031905163603 0.6445312499999999 0.9999999867118277 0.6445312499999999
2 0.0009765591692030284 0.3066406249517292 0.03394631040157492 0.307118429357911 0.03294309149725905 0.37634075886165713 -0.000026659699301490036 0.37586295619996574
4 0.23046875006593837 0.0009765563624867665 0.23005148849222223 0.039782560395897365 0.13923116470300556 0.038805995062511735 0.1396484375 -7.808510223827422e-15
4 0.3695787228688232 0.0011740417814209473 0.3690293598444896 0.06215588248849835 0.23017518192398256 0.06090492793980663 0.2307245860419016 -0.00007687254182749966
4 0.39038811497664483 0.06566702279903244 0.3835070912609808 0.1860888015573636 0.2451194930274596 0.17818090942572423 0.25200081313107603 0.0577594572275301
4 0.11702366043118673 0.13707849606441924 0.20669966389755245 0.059261841170468725 0.3379467464673098 0.2105102130131686 0.24827113354649555 0.28832644964548476
4 -0.025270896695246847 0.40774375662192014 0.03878834667477804 0.3371188100090311 0.11322750549982175 0.4046345975042278 0.04916871634918607 0.47525910285555145
4 0.1800019296655364 0.3163465049606475 0.1554805200814826 0.35240643147140327 0.11381095274407471 0.32407118399859125 0.13833234020512464 0.2880113475711445
4 0.3651171457745477 0.05843750712259515 0.45207029100856744 0.07085930618794706 0.4312890742297668 0.21632802045577604 0.3443359330650537 0.20390626001674605
4 0.19211559341704287 0.5936090365221962 0.15502229072114915 0.4745271500382152 0.28096272589846194 0.4353009838094845 0.31805669758261956 0.5543815708317367
4 0.3886770331984053 0.7900379994840319 0.3224163980995627 0.8342062595139408 0.16962061548804286 0.6050168190666673 0.2358784871722719 0.5608498135677668
4 0.4803778651931907 0.7867574627492757 0.39584218981349295 0.8654488261378398 0.3488518140720771 0.8149775585425441 0.433386704064219 0.736286858682507
4 0.3907991753200122 0.6653261301904989 0.3324899404610733 0.7003080849013831 0.24839129333361143 0.560144195950796 0.3066991635831755 0.5251627672112738
4 0.25075988598234744 0.6177214542828958 0.28706670608517015 0.5856909293816792 0.40237065640064884 0.7163716835897598 0.366064374027701 0.7484016384489209
4 0.8984375 0.689453125 0.939453125 0.689453125 0.939453125 0.73046875 0.8984375 0.73046875
4 0.7175403484735625 0.8459959524750986 0.6905940004515969 0.8107645662468441 0.7876675661912032 0.7365332278616782 0.8146136829954003 0.7717640899477547
4 0.41189941024811105 0.5692270827727832 0.45635444200240727 0.5366302151724908 0.49609468425467185 0.5908219528522948 0.4516398180273882 0.6234186266407933
4 0.5645017798300387 0.39227366210533177 0.6115779675326394 0.3998053992136422 0.5970377697178719 0.49068187560932386 0.5499615922075236 0.4831501851783839
4 0.7011960669344717 0.48658928306258037 0.6467637969858515 0.48477496927311203 0.6509903061810292 0.35799531087179554 0.7054216776971316 0.3598096095527362
4 0.7710338509292569 0.2844800502576081 0.7489481882938662 0.2513522300111657 0.7746393597565202 0.2342248055272994 0.7967250141481372 0.26735258517687116
4 0.9215417075822643 0.2427388960976986 0.9253677239016724 0.29247473082057757 0.8603975319110759 0.29747241767336696 0.8565716581828156 0.2477367175146501
4 0.9382654916465754 0.2473605854968819 0.918602088456737 0.21983218561422813 0.9572159640124482 0.19225089415600125 0.9768793534915403 0.21977925064841
4 0.9082009434575866 0.8232434700284051 0.9394550408288751 0.8544901098058025 0.8759797303138157 0.9179656090761971 0.8447260058464963 0.8867193412939449
4 0.7249427312900707 1.0093303618960596 0.7015503630443618 0.9790661699269431 0.7725637253563491 0.9241929783649042 0.7959559108187477 0.9544567691038064
4 0.8808593750001137 0.8251953124999823 0.8873048280698868 0.8230472796682674 0.890625 0.8330078124999867 0.8841795482713906 0.8351558424832071
4 0.9306640712981107 0.8046874120319364 0.927646889901439 0.8348545015208736 0.8929355569282507 0.8313834061514159 0.8959528543684883 0.8012164480128875
4 0.8124311694907647 0.8718517578140954 0.8303953982693884 0.8993191248199172 0.7569856755907267 0.9473179769525293 0.7390218245824371 0.9198509434553301
4 0.982421875 0.76171875 1 0.76171875 1 0.8017578125 0.982421875 0.8017578125
5 0.9926943333359759 0.7957187789569133 1.0255185813560956 0.8404025707259352 0.7672221393645486 1.0300921765963373 0.7344000754856097 0.9854103622299111
5 0.9937141079373077 0.3495194226295295 1.0332826447639718 0.40541097378607155 0.5070904435026478 0.7778873384759103 0.4675253703683211 0.7219988715435944
5 0.1954199319784493 0.9970899285225792 0.1703555720038139 0.9603770541606194 0.2710293285717853 0.8916644051625837 0.296093533661292 0.9283766364624149
5 0.29977474103429813 0.8815048921357891 0.34525366317518547 0.8229327160465086 0.5185823449207874 0.95748268707065 0.4731054081421462 1.0160530575501543
5 0.3838900168807413 1.0207305075117554 0.3662069673645192 0.9977491047811107 0.42052777033688926 0.9559643116606441 0.4382107169097935 0.9789454803928372
5 0.1171875 0.9990234375000485 0.11718774398843834 0.978515251518453 0.1699219175577582 0.9785156999590012 0.16992183650393144 0.9990237237286103
5 -0.023363454725654265 0.6826236149130281 0.029630371069742978 0.6373405290766603 0.25673566553552973 0.9030702920800853 0.20374363520147654 0.9483514749599551
2 0.0009765549543772067 0.8281249998763293 0.03378664441493129 0.8286627467537286 0.03281008937790375 0.8882330551727567 0 0.8876953125000001
5 0.16722556119464116 0.5256019424716679 0.18398338451675045 0.549478811327195 0.042200569693591206 0.6489769001294263 0.025443159895758072 0.625100401700374
5 0.6738285959780796 0.9990230675447016 0.6569199491140125 1.0123048555880254 0.5854527845700659 0.9213471077635261 0.6023610716563326 0.9080655363406668
5 0.5468751838849357 0.8154295793525896 0.515121348832281 0.8341047746510736 0.47563304156813047 0.766974274004081 0.5073864144703748 0.7482992518681392
5 0.5270686737983397 0.8358959800971372 0.5530085769930793 0.8164456442010777 0.6082040285388075 0.8900406247657932 0.5822643280198463 0.9094907259546834
5 0.9132293002712686 -0.02141536793326449 0.9490443700417472 0.028126711293220863 0.29490728088092055 0.5010088695247112 0.25909421552137246 0.45146837217989155
5 0 0.21273124062498075 -0.024741777371559692 0.17642289665555494 0.21339595350241325 0.014147420876605737 0.23813779035924654 0.050455704535958025