5 0.0018630805004704598 0.2704386238324547 -0.05128126292970592 0.1609864196843451 0.4371956830691488 -0.07619338885832992 0.4903399976200262 0.03325755017400306
2 0.18554687333346465 -2.4114075176210035e-8 0.18554690411610864 0.07617189280311305 0.026367152907027958 0.07617185574973066 0.0263671875 4.091858141953161e-14
2 0.05964547134306031 0.09998500978751135 0.001953125 0.12402343750001318 -0.023992192088712727 0.06175454367556126 0.03370006593229391 0.03771613687259553
2 0 0.2421875 0.08203125 0.2421875 0.08203125 0.3779296875 0 0.3779296875
2 0.05614454203578134 0.2608772007060132 0.09226312266412151 0.19767128626379207 0.16177914995137144 0.23739508580340746 0.12566079406428798 0.30060080503556325
2 0.130859375 0.2021484375000074 0.14326095912315395 0.18797539677650774 0.15888594374200693 0.20164728750872535 0.14648436922800556 0.21582031909647365
2 0.24304726808179566 0.3211326898899157 0.1484374330418632 0.3076171912914056 0.17543034048571826 0.11867206521720279 0.2700389662285261 0.13218747524500013
2 0.0977023648923705 0.623662659296665 -0.007829438600651883 0.6104721412273109 0.02246149290760968 0.36816450330796036 0.1279895456674467 0.38135478800140377
2 0.18379572344792905 0.7480263957296664 0.07427589162284676 0.7313922957416072 0.13910418948182723 0.3046305942439839 0.24861645663020226 0.32126410399308913
2 0.10628719798557995 0.6327849247093638 0.08960516246406769 0.7328701727925715 -0.01570633737060234 0.7153185155109325 0.0009765625 0.6152343750000325
2 0.000976541404497766 0.8476562498639357 0.16808149961548224 0.8487340583602017 0.16710495771894784 1.0001012232389335 0 0.9990234374999997
2 0.4730603939173079 0.17776802847832898 0.36981395081261326 0.1335196068746264 0.44396569109812845 -0.039500209169262904 0.5472117068184161 0.004748098430525523
2 0.4843753598127023 0.3583984375 0.38085900734313327 0.35839843749999994 0.380859909380888 0.15234375 0.4843745345932575 0.15234375
2 0.5139242655876615 0.1984506338597409 0.5084927864164683 0.22198689774314467 0.4736876651683133 0.21395496807707923 0.47911916267457855 0.19041873022130018
2 0.3669941615993366 0.34704862141506265 0.4569623150254074 0.3562492925091782 0.437245839017919 0.5490346869865035 0.347277704888711 0.5398341378619211
2 0.3396823926165098 0.5935074172454323 0.34192118181033493 0.4749241118562704 0.4641494861674573 0.4772315101940475 0.46191190120998726 0.5958136328611079
2 0.43906534670350084 0.7366702873246733 0.3148530299736194 0.7198870502367456 0.33245921756110874 0.5896126682178239 0.45666826948774997 0.6063956814276309
2 0.40235549778105906 0.7313858270121832 0.3955445934565205 0.7677069545995252 0.3164164046829683 0.7528709004637487 0.3232275605964787 0.7165501028112137
2 0.5051852028851727 0.7074819828436285 0.4897084649446697 0.7848557548670037 0.4183434448165144 0.7705827267693734 0.4338206520320682 0.6932095864194538
2 0.5984295800335531 0.6344869203608002 0.580914005378304 0.7956282638649569 0.4717652960122223 0.7837644711971218 0.4892825332635766 0.6226250393171271
2 0.4843750253634198 0.6474609433523972 0.467970793558834 0.6436758092817967 0.47383022243343476 0.6182851879413862 0.490234375 0.6220703125000018
2 0.474871784880861 0.6062280837628724 0.4868619227348745 0.5206019786424716 0.6128690570411663 0.5382449294535142 0.6008799827999383 0.6238700632838341
2 0.49161583279067145 0.49590659305195667 0.5164349344335051 0.5006017094500052 0.5087602127475748 0.5411681791187075 0.48394111528250505 0.536473078018275
2 0.49493687060066804 0.45554397190112517 0.6218601009987879 0.47140823653434627 0.6145283164889861 0.5300624518702581 0.4876050980246873 0.5141982574586849
2 0.48678833834628676 0.4411864296639842 0.5025531858659633 0.32409225353462656 0.6386455830247542 0.3424140047793235 0.6228817942945852 0.4595072328957002
2 0.6369152005055412 0.33785671636951886 0.5396426864974728 0.3230546619699742 0.5706436980541412 0.11933979694194646 0.6679148073742454 0.13414174060789
2 0.666424094334161 0.11667562465444793 0.5449775452884751 0.09890297246438481 0.5618732986334862 -0.016550365987217142 0.6833195950478057 0.0012222654594166603
2 0.6618802375509176 0.11451692724559603 0.6562278002892299 0.15208963061078773 0.5381858562524258 0.13433129793514093 0.5438383630602175 0.09675867480081365
2 0.5389299323180694 0.13657292743654728 0.53981371737882 0.11801380718531992 0.5669100013753905 0.11930412440869055 0.5660262265988649 0.13786323472745957
2 0.7662345851136934 -0.00804705316044368 0.8774350206633699 0.0007319167467693614 0.8685108740243095 0.11377119752575356 0.7573104402877107 0.10499223576458605
2 0.8939494155242755 0.12511350979522537 0.8780047658136709 0.24868658270136043 0.7341050164608305 0.23011887854345628 0.7500500783941106 0.10654630444059032
2 0.9041528380739692 0.16467083886687967 0.857485850008743 0.1604284042024341 0.8644819526497258 0.0834720824421305 0.9111488139999437 0.08771451157053915
2 0.8228554406500734 0.24507825774159886 0.8151784712611061 0.32184980738140806 0.7254505219291332 0.3128770948862747 0.7331277520489721 0.23610582842004707
2 0.7292120187904629 0.37177037774447114 0.7353761194599429 0.31383237247767237 0.7965194057682083 0.32033726562825876 0.7903555098282595 0.37827508235231294
2 0.798076889226877 0.36215457504359616 0.8292518276099372 0.3683892889322926 0.8241436856394557 0.39393001704843345 0.79296875 0.38769531249999456
2 1.0000005140940402 0.2587890625 0.9042965607712858 0.25878906249999994 0.9042969900008302 0 0.9999999980526582 2.4848083448933725e-17
2 0.9833858779962839 0.2628721803633481 0.9680527894819306 0.346352292915505 0.8593935709494644 0.3263945584706841 0.8747269753343971 0.24291485920577252
2 0.96236708037884 0.34012719711250755 0.9609337385800245 0.391736998725177 0.8665512574566492 0.38911547502279115 0.8679848617202879 0.33750594397214556
2 0.8365569703290703 0.4076150497911591 0.8408604602966534 0.37641887257598106 0.9809747023834916 0.39574616593635364 0.9766715115157467 0.42694207362489967
2 0.7079971516998285 0.41733419641367525 0.7914288147711659 0.42635319274157807 0.7803841796329607 0.5285166390348972 0.696952527999315 0.5194977097069301
2 0.7113251821212998 0.4173027916352064 0.7154782698171402 0.3892720715864871 0.8020828787853134 0.40210280169205753 0.7979299623108318 0.43013336780906075
2 0.8096455365750899 0.49060971391843194 0.7807240699984277 0.48272257403739227 0.7916315737489867 0.4427287760535045 0.8205528782405054 0.45061589250419937
2 0.8405858222188272 0.3766411690766983 0.9800391338068266 0.3965619504155435 0.9598047149216882 0.5382022774756626 0.8203514392425859 0.5182816939886998
2 0.9472894952865545 0.5417768878173066 0.9397152658391406 0.6099465485893317 0.8222413606789587 0.5968944401995312 0.8298161976418896 0.5287254632982888
2 0.9052229053888823 0.8443493404978772 0.7768014763610154 0.8202746741085476 0.8166477935222929 0.6077753675269031 0.9450634366664872 0.6318494886710676
2 0.6969895804512589 0.5134136064718556 0.817006126111778 0.5297773352217021 0.7768227624236488 0.8244571198365487 0.6568063075792452 0.8080938879415649
2 0.8906247331955228 0.9472649971446956 0.890625364618927 1.0000002539000388 0.7724609375 0.999999999999997 0.7724612278769882 0.9472656584211038
2 0.6349078017465217 1.00002703457466 0.6342290518895197 0.929967083218795 0.7535849658341931 0.9288107087887787 0.7542649319125303 0.9988694285301061
2 0.562112007298424 0.916859381398772 0.55046405097562 1.0050598567497637 0.28131356382675676 0.969518503411303 0.2929644156554332 0.8813214952177251
2 0.27548728235342423 1.0000067014807021 0.2752649225629966 0.9707858504048028 0.4040739717463566 0.9698053792045718 0.4042968919386567 0.9990256577558921
5 0.9648437499973852 0.999023732264304 0.9648452600476958 0.8281245507423118 1.0000006787132634 0.828125073084064 1 0.9990234375000355
5 0.20088513059408797 1.0052372207418183 0.1498248955571171 0.998510222537944 0.2692965943424497 0.09183528178367853 0.32034984251913556 0.09856184447322519
5 0.3548767300004556 0.07490154230886902 0.40430002944287935 0.08181232132439607 0.27504966232186234 1.006096681606425 0.22562647527468016 0.9991864199550121
5 0.138199084861526 0.7869985619771507 0.12834560993564992 0.859253501739101 -0.003263115806703354 0.8413080519783167 0.006591358098944511 0.769054312518315
5 0.013428603019406182 0.7709677245715706 0.016748493134286946 0.7380372833642443 0.14785043049187152 0.7512513753328055 0.14453108614634402 0.7841813130251454
5 0.2813243007605024 0.8773283614467202 0.29025270482998167 0.8059333027436155 0.5364030993295046 0.8367068152603528 0.5274772447438636 0.908099550637292
5 0.5377409133524225 0.8136255806106848 0.5341411751552414 0.84061977333787 0.46710357280926473 0.8316815949480911 0.470703503256118 0.8046876303400146
5 0.3464080284669535 0.8178498589425395 0.3502729502214379 0.7861659106504081 0.39786919989774105 0.7919707079934103 0.39400448315723224 0.823654469627237
5 0.6570298364582641 0.8918702217483859 0.6626183875572451 0.8440751298594471 0.7503492614904417 0.8543306837852886 0.7447613260237631 0.902125214596048
5 0.818359375 0.869140625 0.87109375 0.869140625 0.87109375 0.9150390625 0.818359375 0.9150390625
5 0.7513985151567795 0.9285485653159996 0.7372530460344251 0.8748079058030039 0.7958973357706327 0.8593754316920384 0.8100430878440648 0.9131156480384776
5 0.6853636703294796 -0.009394098415788909 0.7670643648651776 0.0016460886033864888 0.6312670619431628 1.0065207542445762 0.5495665348657894 0.9954814328146038
5 0.9826962745227092 0.4505898281303682 1.0506165618210161 0.4611360257275412 0.9653899693606718 1.0099404281822961 0.8974698229321803 0.9993948790116294
5 0.21875 0.8544921874999963 0.22367311507616705 0.8200392264004642 0.2510167230857405 0.8239456444283322 0.24609374337478584 0.8583984838652804
5 0.2177734375 0.876953124999965 0.21846130675373843 0.8583876147052792 0.2451171875 0.859374999999967 0.2444293860247626 0.8779404448148551
5 0.22492107439222764 0.7976170711598901 0.23023477020967675 0.760429601704155 0.26031259949445484 0.7647266226382923 0.25499905298772774 0.8019139582002518
5 0.26300074506150395 0.7494114844264879 0.2566783973716156 0.8020904686400702 0.22571761145786695 0.7983751887644093 0.23204012528879048 0.7456963975526169
5 0.3834128271225836 0.037309098258673346 0.3825210441124227 0.0007454785170407929 0.48626077688686564 -0.0017847288257074522 0.4871525699236372 0.034778877041326275
5 0.00543796137424124 0.19305354612101244 -0.0223435401774168 0.14971430557605223 0.11310487054925034 0.06288891214318913 0.14088636601275084 0.10622803480414252
5 0.5112897456249357 0.35938728900330436 0.4857637215087607 0.35596865758920926 0.5337959787055979 -0.0026671820267751716 0.5593215131858642 0.0007514163759959752
5 0.4687652513629246 0.5001973180351446 0.4931794057613388 0.503126723698504 0.47918728579679737 0.619728757761737 0.45477313657147533 0.6167993814010885
4 0.30139275821613865 0.05600102030591944 0.3036079844201822 0.0006208714189076508 0.3620301291296073 0.002957777562563733 0.3598149178752692 0.05833791229282439
4 0.030781324122699516 0.20682858740383162 0.014188325296004223 0.1768800406260812 0.2629230470112134 0.039068609459984714 0.2795160638493144 0.06901701050196905
4 0 0.015625 0.025390625 0.015625 0.025390625 0.056640625 0 0.056640625
4 0.06830330835214227 0.3437896480839479 0.05497862835295564 0.299716550929338 0.12681071868303206 0.27800007529410176 0.14013548714842727 0.3220730129404951
4 0.08789056561511188 0.6269528052202671 0.08789087875618407 0.6728515170512182 0.025390641724811758 0.6728515816973054 0.025390612462615536 0.6269531524458292
4 0.496980700896529 0.07795603302475793 0.5470238990840244 0.0996412820274495 0.5031544456860502 0.2008785186418208 0.4531112783978415 0.17919332158442342
4 0.4907831020135518 0.3474871110790225 0.5120048232955696 0.4164535060218349 0.43432250415048657 0.44035566397949616 0.4131011755990812 0.3713896024858157
4 0.39764280789347595 0.5790896801546529 0.4215834264076648 0.5519599277669271 0.46273131440125326 0.588267173759033 0.4387908341026332 0.6153967942409185
4 0.443359375 0.4609375 0.490234375 0.4609375 0.490234375 0.501953125 0.443359375 0.501953125
4 0.45703125 0.662109375 0.505859375 0.662109375 0.505859375 0.69921875 0.45703125 0.69921875
4 0.3163709463675559 0.8429484597291755 0.2796385547250111 0.813954799409216 0.3351332357900674 0.7436621645158052 0.37186510899857694 0.7726555085865068
4 0.39159817451502477 0.8027309405221705 0.43359473401608284 0.7607429649884829 0.47753970868450324 0.8046886145459128 0.435543468785454 0.8466762708058455
4 0.5000003109819318 0.8212887927189457 0.47851378185623616 0.7998064735026612 0.49804535713872156 0.7802749702302574 0.5195318136999276 0.8017572169000575
4 0.5512463831510104 0.8397558972747023 0.5231720474884014 0.8081785773113458 0.5568138218980039 0.7782749188705274 0.5848880279575042 0.8098520625107578
4 0.5061665947227993 0.868427277340192 0.5580047811291706 0.8344725564547572 0.5948361818911962 0.8906897620765278 0.5429982381606351 0.9246441781887909
4 0.6763250028396897 0.8769100552109567 0.6391405275701345 0.8798841715414024 0.6333218134614071 0.8071466502858885 0.670505593078019 0.8041725619898312
4 0.9117087293140003 0.8415910105320544 0.902058035017717 0.898614150609981 0.7475278365611757 0.8724650698304246 0.7571794487507759 0.8154430994447802
4 0.78515625 0.904296875 0.876953125 0.904296875 0.876953125 0.9443359375 0.78515625 0.9443359375
4 0.19941421928592717 0.7425773881865646 0.19021098686471305 0.862212745310265 0.1255388181350554 0.8572379540959782 0.13474291441525565 0.7376035407498696
4 0 0.71875 0.021484375 0.71875 0.021484375 0.7548828125 0 0.7548828125
4 0.8050392251084304 0.5219529226920994 0.7621090584276544 0.5158204474687763 0.7782032412293347 0.4031643729715134 0.8211327305466511 0.40929679907267896
4 0.822265625 0.248046875 0.849609375 0.248046875 0.849609375 0.287109375 0.822265625 0.287109375
4 0.8800733775709659 0.30687862542980443 0.8725466825906096 0.37461888447198444 0.8095226421985444 0.36761623379465835 0.8170495292366695 0.29987619131262827
4 0.953125 0.275390625 0.98828125 0.275390625 0.98828125 0.3623046875 0.953125 0.3623046875
4 0.8710938446039336 0.302734375 0.8183593601593202 0.302734375 0.8183594831240271 0.24609375 0.8710937169987574 0.24609375
4 0.8577122316804662 0.16679803621478037 0.8080315473163182 0.1480298221435793 0.8485957448936006 0.04065441253174691 0.8982762836045595 0.05942259763641172
4 0.5614832556203737 0.1866304827420514 0.5876659991014321 0.20782573987906364 0.5649695558223584 0.2358625085818309 0.5387868343747186 0.21466727603752409
4 0.5234375 0.216796875 0.5625 0.216796875 0.5625 0.2587890625 0.5234375 0.2587890625
4 0.5761718915553047 0.189453125 0.5488281214646804 0.189453125 0.5488281412623337 0.16210937500000003 0.5761718714009021 0.16210937500000003
4 0.5664062166023314 0.2988280208952086 0.5664062899293185 0.3222655733223245 0.5078125043125965 0.3222656417456283 0.5078124959902652 0.2988281542638186
4 0.8869944869518349 0.048506433119103236 0.8634306044378945 0.028308823038735557 0.8899011959225618 -0.002573527838409337 0.9134650733259377 0.017624078598158503
4 0.3191276265667966 0.09418529649813014 0.35433188799549953 0.09895863358002102 0.26668738113187374 0.745327185430669 0.23148316108279232 0.7405540346633683