5 0.49227294135084776 1.0062726044184371 0.39243407419655796 0.953664004590674 0.5523606217795987 0.6502401602772087 0.6521927303650727 0.7028466022779079
2 0.2167140095399418 0.022600528173787698 0.20064593164875077 0.1254366308724246 0.09780982636164026 0.10936847276478256 0.11387799124975118 0.006532455991742901
2 0.19628906248340172 -1.316909469540168e-9 0.19644801633330644 0.01255732324569498 0.11929957782615475 0.013533884956493757 0.11914062499988631 0.0009765624999440714
2 0.25020427141180335 0.007907465778435447 0.2494051048890924 0.03428003183053075 0.2138671875 0.033203125000049745 0.21466635679701085 0.006830561965655935
2 0.2549875947881901 0.041978093116571545 0.2579093786058593 -0.0037962004769243668 0.3273157518293601 0.0006340222679921979 0.3243939793280788 0.046408304794972946
2 0.3131802057131381 0.06898569942186221 0.307913547981002 0.13218615592217905 0.21416350101287662 0.12437364132014893 0.21943023824496777 0.06117327476810131
2 0.09878300730292722 0.16331128719331986 0.10930000213920721 0.110727149216369 0.1975661319942219 0.1283805316586758 0.18704925842189368 0.18096456214019158
2 0.197265625 0.130859375 0.296875 0.130859375 0.296875 0.185546875 0.197265625 0.185546875
2 0.08883003236280729 0.23317540727829378 0.09560103512387741 0.16682223857860648 0.16041559915049675 0.17343617077355727 0.15364474196621813 0.23978920416627997
2 0.2946657616716948 0.19045022279072832 0.2892753924173803 0.23656857893916586 0.2035952194192987 0.2265541609137729 0.20898569738199058 0.18043593593840507
2 0.08134032809834935 0.2864900560646569 0.08722393386403837 0.2335412508995608 0.1742569857979106 0.2432120240693292 0.1683735846925174 0.2961606402511028
2 0.2764971579754274 0.39526805239566404 0.1884797649141774 0.394232582848569 0.19030426765459652 0.2391989134994011 0.2783203125 0.24023437500000044
2 0.07656246858914528 0.2873048005203599 0.16488284579259016 0.2999215924546209 0.14992188758037628 0.4046480588363459 0.0616015248608619 0.39203133682357383
2 0.1289062712002078 0.42089842760705454 0.11104995155005781 0.42923094634314113 0.10281695924322776 0.4115887927353776 0.12067324139161428 0.4032562842150902
2 0.07093501840415684 0.4744958663449366 0.04117622799537912 0.4167318236531306 0.09314082280718594 0.3899623444732483 0.12289964454600977 0.4477261654977437
2 0.1721925632896273 0.5639697581604586 0.13284599611824888 0.5323030568228962 0.18478098902141937 0.46777836607278883 0.22412723122522493 0.4994448615357151
2 0.12592950364717126 0.5280109458007007 0.08471700847667307 0.4939062874312543 0.1459986670329272 0.4198582642848405 0.18721080353009256 0.45396268371958015
2 0.09863271308825006 0.40527320774132175 0.12050798340521851 0.3943361944599156 0.1429688669911684 0.4392581671777306 0.1210936199408934 0.45019514515305625
2 0.20019530024057985 0.3574217940925017 0.20454363510054918 0.3861190797450404 0.17133331226534665 0.3911509679369965 0.16698503882764726 0.3624537371583724
2 0.16665038881296823 0.3948050413183477 0.17748441737649046 0.43040046832034584 0.14460925598280028 0.440405929282238 0.13377531888090743 0.4048105804583709
2 0.2771876146757677 0.5721479105643811 0.23843619576393849 0.5430863531701783 0.32503863413137424 0.4276180070764449 0.3637894911605599 0.45667925249976465
2 0.23493526908714557 0.44539632542926644 0.2803826643174716 0.39658572522577656 0.32187075904460016 0.43521304850142284 0.2764235558507835 0.4840234620424417
2 0.24396133872858172 0.45745497220027953 0.2240626868194795 0.48265842312718477 0.20037843444674763 0.4639603848570119 0.22027706008543646 0.4387569873790253
2 0.45747029656672566 0.5396089481048109 0.40787369758038494 0.5971364980968283 0.31584218970101574 0.517798918414256 0.3654384143171683 0.46027192800535055
2 0.4611590225576947 0.6318601906083761 0.41304703706168766 0.5867598979071583 0.4590339842607136 0.5377075204284634 0.5071456548417927 0.5828075415942314
2 0.24908228151673484 0.6347275391865131 0.19530220268791254 0.6028611707978164 0.22997911407469473 0.5443447629780122 0.2837586775607406 0.5762109346196314
2 0.3429847580932801 0.5918875940234952 0.322265625 0.5732421874999872 0.34766125107023527 0.5450249600418102 0.36838030657645504 0.5636703052619937
2 0.34250095453091944 0.6660534369863418 0.30812426896170564 0.6402739464760853 0.3466795381547172 0.5888674065721068 0.38105593898296775 0.6146467388070574
2 0.40881084976149396 0.5859726973284873 0.433695749211779 0.60652744404573 0.41293038991568665 0.6316644346624326 0.3880455473932898 0.6111097501228713
2 0.3621698384509955 0.7197428855274189 0.32449353270180836 0.690312149947558 0.37638666995837866 0.6238898696762297 0.41406254490334504 0.6533203475760936
2 0.4229259940398151 0.6439302254062587 0.46890209729190246 0.6745761196045718 0.4079038233803658 0.7660738531995263 0.36192801156357746 0.7354283222144464
2 0.44801389143731285 0.7171394830072062 0.4794662848327107 0.744248812278899 0.44036247837584597 0.7896091925471069 0.4089102580511508 0.7625000495497181
2 0.4091961289042274 0.7601713499353838 0.4744834008562293 0.6892197624594 0.5059210903151552 0.7181431869997155 0.4406341717997293 0.7890944326364581
2 0.5285436883423245 0.7322722827349872 0.5569432943057109 0.7748633149921841 0.4681519364257838 0.8340573731372233 0.43975294125255004 0.7914668820088196
2 0.6191428814734081 0.6767593913183331 0.5478488275666678 0.7480441082327014 0.45898085830526725 0.6591755863434218 0.5302739785591939 0.5878917949050558
2 0.38807650034971175 0.12757057820005407 0.39638989819582093 -0.0037763787830705393 0.4976701754236501 0.002633993009440783 0.48935691364795275 0.1339808313011313
2 0.4965650079503803 0.001050027036729129 0.4954988548001893 0.03623315774701816 0.4529834428473123 0.03494481028653196 0.45404960004157147 -0.000238316364078767
2 0.39184652006929355 0.12590933733935478 0.4892657819585793 0.13934632774148917 0.4754731413956961 0.23934315395927946 0.3780538860122533 0.2259062012737511
2 0.37613746349302346 0.22571504664420267 0.4593020534439347 0.233052903868182 0.44989187506655526 0.3397019684435773 0.3667272904131096 0.33236414550286214
2 0.4545036211478646 0.34319515154481417 0.4468308008387112 0.40969288273148424 0.37929525828144506 0.40190039033668923 0.3869682993167771 0.33540291343952433
2 0.6181640624751026 -2.1147940744303976e-9 0.618404352688458 0.02042456261064325 0.5353965374332574 0.021401123532464962 0.53515625 0.00097656249996921
2 0.6028437564563092 0.09327441300047914 0.49690780467813056 0.08886041882890235 0.4996869320315227 0.02216306317782549 0.6056227630999729 0.02657705487227952
2 0.48789596386109224 0.19142414033330374 0.4893510916684818 0.14340938734432826 0.5938360095783537 0.14657576497499564 0.5923810144896606 0.19459039307561204
2 0.497496139431405 0.18438050499614864 0.5815880931329502 0.1968382411885155 0.5503696429585716 0.4075633233807971 0.4662777162259317 0.3951057079292938
2 0.5197741306910757 0.4852181072814607 0.4410614704950149 0.4307279130499573 0.47291312730089885 0.3847204020801989 0.5516253678919156 0.4392103923432114
2 0.6917038887989975 0.02133930083534291 0.701278739440454 -0.03268990478696018 0.9060330627244184 0.003595879149602091 0.8964582412515938 0.05762505801281359
2 0.6943970225726162 0.02192791600622803 0.7895765900769902 0.0367335158572371 0.7565967544886689 0.24874737186373036 0.6614172067744448 0.23394183518172249
2 0.8741718865558141 0.2455280303779062 0.7793705465971925 0.23995152601613842 0.7881735429177752 0.09030848485039669 0.8829741321839037 0.0958849665482457
2 0.7626425100535243 0.22785579612424678 0.8715952842505885 0.24601421677697544 0.8621991642198736 0.3023909155254676 0.7532463995547687 0.28423253675655424
2 0.6526494311505076 0.25561415803986975 0.7427785235687452 0.2655179512352878 0.7122688771935373 0.5431575690362259 0.6221398088254091 0.5332539474894098
2 0.7001953125 0.2812500000000065 0.7100242911845953 0.2796980966699458 0.7130489904153592 0.2988545436228161 0.7032200120437437 0.300406445619204
2 0.6993184621859427 0.32635862691747297 0.6962700773819961 0.2907939301024055 0.7501155027026698 0.28617874354770406 0.7531639688417044 0.32174335026674783
2 0.724609362300157 0.2812499531488239 0.7246094299724746 0.3271484424314771 0.6962890701589686 0.3271484298890753 0.6962890625 0.28125000000002415
2 0.7419922278473905 0.3597655823921254 0.7135546228411158 0.355703210536641 0.7177734375 0.32617187499999833 0.7462109555465304 0.3302342405629907
2 0.6943358680748588 0.3828124162942014 0.7138676921791784 0.36328159387650744 0.7509768530801466 0.4003909802771138 0.7314450901174041 0.41992174148225486
2 0.7652489434811969 0.3368388410160725 0.7742638881599078 0.2917667257685803 0.8610277882299897 0.3091198910590201 0.8520130673205131 0.35419181073799655
2 0.7251091478653962 0.5949061877513526 0.7327666700610962 0.5527965810159541 0.8121722549688002 0.567234676689065 0.8045150732890534 0.6093439837304634
2 0.8222750680843092 0.5607321273050148 0.7289186499637026 0.5466415860169286 0.7522024527175972 0.3923953572300097 0.8455567447648491 0.4064857328441867
2 0.8475177869605659 0.35228099215167447 0.83942649752953 0.40568364445871935 0.7434988199543113 0.39114937864887706 0.7515903483433704 0.33774701519967115
2 0.7229678647088349 0.596747764898173 0.7300946867180755 0.5455735740862154 0.8152458243861247 0.5574309448506364 0.8081194316064284 0.6086047490300538
2 0.6357459489535131 0.6170947426329321 0.6394718561074342 0.538868054841294 0.7101821434715703 0.5422356468922999 0.7064567476656975 0.6204618450802839
2 0.807974219066864 0.6659671452139795 0.7170887322160979 0.66321337528304 0.7187251919253868 0.6092265292999859 0.8096097244016391 0.6119802847462491
2 1.0000000394006747 0.1640625 0.9707030922178319 0.1640625 0.9707031577820544 0.06835937499999997 0.9999999995937969 0.068359375
2 1.0000000883973144 0.29199218749999994 0.9628905773981842 0.29199218749999994 0.962890663832809 0.22460937500000006 0.9999999832350568 0.22460937500000006
2 0.951171875 0.310546875 1 0.310546875 1 0.3818359375 0.951171875 0.3818359375
2 0.9438897720131081 0.37636325165038403 1.0041293215488167 0.38066584715706786 0.9993010506477731 0.44826184695785476 0.9390615029529954 0.4439592698129152
2 0.9244076382886988 0.5298298626248908 0.9330315659806274 0.46515918682376145 0.9969984314941485 0.473688650557398 0.9883748576876314 0.5383590055645966
2 0.8980016959596924 0.6861028747828174 0.9171160487545649 0.5332181789409188 1.0183163873481362 0.5458696293681934 0.9992036361691135 0.6987528743577969
2 0.8601490459367369 0.8257003284024367 0.8674920361895602 0.7617370005279349 1.0070151468786435 0.7777506783312284 0.9996733574610062 0.841712906576842
2 0.8435141650870719 0.9869919721463893 0.8498836334041471 0.9424216327040984 0.8950001242169492 0.9488673231333766 0.8886309885922401 0.9934373641116664
2 0.5989397585063898 0.857916481752314 0.5939900983768212 0.7242003015908938 0.7832539927943571 0.7171952412135211 0.7882065769579185 0.8509083652533168
2 0.6748058750404198 0.8632800774123789 0.6621091577781044 0.8505861461801019 0.6767568661766745 0.8359384780162669 0.6894535493705689 0.8486323752021112
2 0.7543794395713803 1.0048930859094563 0.6679373500173824 0.9917991191671621 0.6942822017010712 0.8179397227556129 0.780720112699214 0.8310333660504333
2 0.529296875 0.9990234374999792 0.5293012834300725 0.8437479705241887 0.6835943835992566 0.8437521823902603 0.6835933361769548 0.9990243078562578
2 0.6505740570466969 0.8803037863176815 0.6769196834799232 0.8816900605146538 0.6757596886111514 0.9037300200415531 0.6494140625 0.9023437500000023
2 0.09896078504016259 0.7833264372882248 0.1927394975699599 0.7168266452488382 0.36860346928472154 0.9647800310874385 0.2748270164438509 1.0312771557842035
2 0.0009765521018607615 0.6210937499028357 0.08484408212905237 0.6218774448172218 0.08380475671469867 0.7330863450989418 -0.00006277316845171299 0.7323026592296199
2 0.03833575242140341 0.7600772822138392 0.10049243606647451 0.6921515203948847 0.15141445188203306 0.7387411285568471 0.08925832178601922 0.8066663551510521
2 0.03144367161189621 0.753866583021538 0.09464146219545455 0.6838497404525332 0.15563059185308248 0.73889025925236 0.09243347700214599 0.808906450974308
2 0.09516077923217381 0.9478586428824154 0.025079933387928577 0.8909314091250441 0.08225368701482694 0.8205650686502681 0.15233344545413274 0.8774916030047335
2 0.17855575426631276 1.0027577095753388 0.15725297093331392 0.9851646681712489 0.1982421875 0.935546874999966 0.2195447170756779 0.9531397479714444
2 0.16699194858949795 0.9101560444824983 0.19445082220124732 0.9337768582334218 0.15606992489540517 0.9783817655724658 0.12861123715856593 0.9547611517421576
2 0 0.921875 0.052734375 0.921875 0.052734375 0.9990234375 0 0.9990234375
5 0.05309968032679535 -0.002733622837210686 0.08783270884907779 0.0024862904384575757 0.025303421712806085 0.4185482570883079 -0.009429590449485659 0.41332841295895173
5 0.3325063726136932 0.3749208539791802 0.31413638321714643 0.37798239939633355 0.30835622186293676 0.3433012507125499 0.3267261420627392 0.34023971118115315
5 0.3287274126793136 0.3378550931070353 0.3052746713946135 0.33443966831883754 0.35447761406658174 -0.0034153590206762994 0.37792984262318896 2.2590810047801744e-8
5 0.503327069818738 0.5068934477405446 0.4779161094917299 0.5379497327923837 0.32603583536649694 0.4136849170898276 0.35144657014166114 0.3826290416985611
5 0.5257054513183448 0.5465874434441068 0.6270907380398967 0.5032934492750224 0.7133139818480458 0.7051885702850366 0.6119292556787741 0.7484816509931937
5 0.7460936581226179 0.6738279143801501 0.7460938808609399 0.7138671713473751 0.6953125041295607 0.7138672116570176 0.6953124961777348 0.6738281695160984
5 0.8920868346722273 0.7092851738689194 0.8863501101507154 0.7502605389304684 0.7586185882446443 0.7323793097630454 0.7643557945928023 0.691404526537355
5 1.0020107318210876 0.7287451881766864 1 0.754882812500056 0.9557902614991463 0.7514821888412085 0.9578011127073296 0.7253446943884833
5 0.9378906174007398 -0.0017578109610612124 0.9600390559255629 0.001406246937857282 0.9332030958611313 0.189257805012415 0.911054659353681 0.18609375593803393
5 0.9071918458020036 0.1933287495379257 0.9325397968368634 0.19699734980282677 0.8625471090058454 0.6805833513324792 0.8371991837138921 0.6769148716955001
5 0.818785165961117 0.7756709283881192 0.8523285012728365 0.7796161857070029 0.8259587840061613 1.0037652064666382 0.7924154692046841 0.999820070147284
5 1.0040666951504136 0.8871629440419011 0.9994753405170513 0.9164303483919743 0.8556481381417598 0.8938710157850501 0.8602399595270072 0.8646041863448979
5 1.0014960521691592 0.9602459578609039 0.997375175684283 0.987439179729049 0.8932311870619287 0.9716606118762418 0.8973524066090022 0.9444678102819511
5 0.45410353780312107 0.8476575999614698 0.4345700603412297 0.8671871580362819 0.37109237984486754 0.8037097496532837 0.3906256342247616 0.7841804140325154
5 0.054565759438219175 0.5340468789227353 0.06854046807234226 0.5212379254578099 0.09565937459524321 0.5508223560295409 0.08168470706652897 0.5636312669147157
5 0.08984375 0.5654296875000093 0.10862480623245574 0.5440483186691634 0.2498255031464396 0.668062257719202 0.2310448416139934 0.6894432477439154
5 0.22430041296979653 0.7057763750452405 0.24613117960154796 0.6757133041827877 0.3694186177482379 0.765225675230451 0.34758841901225423 0.7952882335973047
5 0.6444837037860225 -0.002628798145023372 0.6689558372842157 0.00123521042162325 0.638075366801786 0.19681165003951798 0.6136032359775072 0.19294765324453655
5 0.576534275489621 0.45230957696822555 0.5963836877022004 0.45423034542912644 0.5898417547479085 0.521830599393547 0.5699923439408394 0.5199098406040225
5 0.623718773273481 0.2892734184115097 0.6015468485936708 0.2852422380645342 0.6171875663651463 0.19921879396310024 0.6393593469165353 0.20324996067758339
5 0.6046555460462741 0.4393945227112602 0.5806263330393904 0.4365111392039225 0.59563544214393 0.311437227929637 0.6196643094381216 0.31432059034361276
4 0.11368387927439016 0.954456406857536 0.08660087858822862 0.9890544022442488 -0.021043883269726393 0.9048126029747594 0.006038780940343713 0.8702152921744114
4 0.11923304232982446 1.0000166764890157 0.11880013564200453 0.9770661627080462 0.1714419210077267 0.9760734262690325 0.17187500603699846 0.9990237574115927
4 0.14437652220306063 0.880661753438314 0.1700329815873829 0.9028915029829476 0.11860615982516265 0.962230197405262 0.09294992982518124 0.9400006928422407
4 0.0008690644634725686 0.7604135884701168 -0.011127904712566306 0.737987826583814 0.053114908619591006 0.7036257521022943 0.06511189564992037 0.726051332773221
4 0.24584123779334277 0.6912686400614705 0.2509010282942654 0.6221358982437635 0.33183181986953514 0.6280583778272385 0.3267726306783061 0.6971905546359752
4 0.17755914209556067 0.5652419039545463 0.20067781815259877 0.5035986969187821 0.2730234270170513 0.5307288397871258 0.24990522153029815 0.5923716471070108
4 0.50018156412807 0.5815645687888368 0.4705223712280713 0.543434814661894 0.5004051385708408 0.5201927433359455 0.5300642756810703 0.5583223769700627
4 0.5071694871920727 0.5381573903293325 0.5042634204471597 0.512004552216619 0.534703487932461 0.5086223723059203 0.5376096103308328 0.5347751464144161
4 0.5212978839632569 0.8397876302143645 0.4993588411289238 0.8246020815498554 0.5276243636657227 0.7837744107419162 0.5495632144940146 0.7989598663908479
4 0.5002004269093732 0.8125958217390747 0.4967042007507416 0.8552465085679789 0.43595659983805035 0.8502675424553826 0.439453125 0.8076171875000301
4 0.6630287010736993 0.7414405809045984 0.6454485950548587 0.7121448031802828 0.6893949338481207 0.6857771719303286 0.7069750312458609 0.715072785867525
4 0.9041009381840013 0.7201182930609132 0.9486337768315707 0.742380919086225 0.9291027706651676 0.7814428198287858 0.8845700048304934 0.7591803047932543