4 0.9581994305173112 0.9384422915659982 0.7837011614210496 1.0598030488811006 0.6724050522309426 0.8998090185042202 0.8468966373022795 0.7784514843250657
4 0.537109375 0.9990234374999661 0.537112662333243 0.9199181772789877 0.7109387760567643 0.9199238249136003 0.7109374999420197 0.999027094025394
4 0.8665702563797595 0.7834142846877918 0.9651877895569214 0.7039011510228061 1.0763568123693403 0.8417557132280006 0.9777408654406372 0.9212671177355448
4 0.8906068840886974 0.7692603603780874 0.8663800610123644 0.6747854957756562 0.9971798346401783 0.6412484830503888 1.021407540578025 0.7357219691098171
4 0.799920915796065 0.7083878247370086 0.82907290082494 0.7618232856065223 0.751687290008249 0.8040333596508495 0.7225359349539531 0.750598440625595
4 0.715129648321863 0.7517124623028031 0.7474830375635975 0.7972162194609284 0.6266735007643547 0.8830936152620545 0.5943210485660302 0.837590700442106
4 0.8755853161080722 0.7175780739147212 0.885157286382082 0.7462886963378962 0.830665332887861 0.7644526986660843 0.8210935814586264 0.7357422621156601
4 0.5791045460919122 0.9140596433672845 0.541013931072257 0.8759780691768766 0.5800765243884598 0.8369156630506639 0.6181668566723602 0.8749969548044267
4 0.5449221427493285 0.9580078125000001 0.4902342731666067 0.9580078125000001 0.49023471686632547 0.8984374999999999 0.5449216623774191 0.8984374999999999
4 0.48980705484189 0.9362544446184724 0.49722134404396456 0.9918418976383653 0.4045959527309151 1.0041918392476468 0.3971825150241557 0.9486051587090091
4 0.6383877423980948 0.7669219357795405 0.5989854901396257 0.6732434764746121 0.9922163036619622 0.5078627251839104 1.0316197348654441 0.6015371080711399
4 0.502277283690205 0.8981415881001098 0.5443601064292807 0.9000539388736951 0.5418572950226235 0.9551161069137971 0.4997744733241234 0.9532037710232878
4 0.4533068285218178 0.9412446572172234 0.49337960818161264 0.9436012082522742 0.49040278149516325 0.9942073855873061 0.45033000325759076 0.9918508521707643
4 0.34611132532302236 1.0185838488842898 0.2882278755006382 0.956343890450076 0.5314921111063313 0.7301621338480861 0.5893731613736009 0.7923992513786882
4 0.595905036469162 0.8078212873576756 0.5434913218333577 0.7969036814621755 0.5630963526340338 0.702802667795352 0.6155089483527263 0.7137201535527655
4 1.0000007354357194 0.9990234261887982 0.9199408035527767 1.0002547695572697 0.9189650242584548 0.9367782065841423 0.9990234375 0.9355468750000004
4 0.12945702308434193 1.018563251497538 0.07035323495517787 0.954597315414504 0.32507725608002147 0.7192899804115072 0.38417885591150025 0.7832531486630738
4 0.6330505588214237 0.5443942141505829 0.6148379165657616 0.5698897702230948 0.5771478501160345 0.5429683805510979 0.5953604608653222 0.5174729229961958
4 0.5813988759711037 0.6215145242080167 0.5605661486816871 0.5692389267032347 0.9914647463039046 0.397529197128503 1.012298050148388 0.4498026265212649
4 0.5803175918423449 0.6021768507638245 0.5966900026962776 0.6373720878512259 0.4867146677335086 0.688523942260301 0.4703427487489762 0.6533291234993164
4 0.508620480198374 0.3055966921185161 0.5382215632811267 0.3746629217562002 0.432146124548467 0.4201234147890314 0.4025455591631726 0.3510576229361042
4 0.9914670995643746 0.14029793379183791 1.0134997281988944 0.186810625040827 0.9188790470642516 0.23163087693307197 0.8968465810680755 0.18511832468910672
4 0.22139948927258501 0.17527339495276345 0.363430901510128 0.07198038080577895 0.49683263452288884 0.25541086333906365 0.3548018823964867 0.3587031198252769
4 0.2929704924544012 0.3779284202835095 0.18897219094105822 0.45356185458688625 0.06908187983412972 0.28871364926371323 0.1730786327223086 0.2130810366509146
4 0.4329821012250932 0.1950638110906606 0.3889364356606393 0.019814312451104748 0.6980177510970407 -0.05786751467998252 0.7420637854298775 0.11738120814587409
4 -0.0006672294454119765 0.5919392930017303 0.02148522859727109 0.5742194938759911 0.07817286331510331 0.6450796740701675 0.056020541683324154 0.6627993213988875
4 0.17778233328829174 0.5085697347927923 0.18802064778446947 0.5350656406626174 0.027269462647154796 0.597174876504109 0.017031603354553226 0.5706793569846488
4 0.03936859367445322 0.597344511085717 0.15417019914434604 0.5138628898768133 0.21345979479326616 0.5953884208171288 0.09865884113628454 0.6788692760624285
4 0.12304675935615705 0.7011714594526772 0.12304815143954784 0.6171860279611268 0.28906248078055796 0.6171883110327373 0.2890625005534275 0.7011723131941456
4 0.31440531824853224 0.7147729885976788 0.3153832357770625 0.8160948558254292 0.10247235847248248 0.8181451555111764 0.10149696637881789 0.7168257546969429
4 -0.024108674538751984 0.1521161200887241 0.0731989124520851 0.07983155125877135 0.15910711282049306 0.19547818616708224 0.06179974747124106 0.26776248584922113
2 0.3124597219879206 -0.00003121899020508709 0.313046431600128 0.12843558563844168 0.09238330229686653 0.12944299845508872 0.091796875 0.0009765624999486155
2 0.9833984372138502 -5.008519692826829e-8 0.9838368479079236 0.07671625217205746 0.8129383327298001 0.07769276645748603 0.8125 0.0009765624999473359
2 0.0014062492026596374 0.10246093558025601 -0.024375015224677554 0.0680859202052045 0.027500008418883226 0.02917971006737133 0.05328126540348421 0.06355470363814493
2 0.12406702079192655 0.40539943955041496 0.026905545377758244 0.476959424744048 -0.09618307596213072 0.3098402252009988 0.0009765625 0.23828124999997255
2 0.5709992821721244 0.36183843547332656 0.5489136962606835 0.2926664606449383 0.8522790093250023 0.19580715538073223 0.8743650935361984 0.2649781926948762
2 0.8887236744232041 0.30570128273818165 0.9163909381029498 0.39042222335074317 0.6126392665113372 0.48960993855352086 0.5849739487947545 0.4048906634580019
2 0.4245499501964787 0.6495034070818552 0.3545033390827257 0.5594493331171247 0.5216336690451726 0.429463106099502 0.5916795135088933 0.5195155691249992
2 0.4541827568230019 0.6444624704543634 0.4841485835779622 0.6810078373165765 0.37298273523401804 0.7721449829913071 0.34301751874193087 0.735600184556095
2 0.032038742641248064 0.9778591703343277 -0.08020059231682808 0.8809451864396194 0.05715724235608377 0.721905913737786 0.16939291388462152 0.8188172378145389
5 0.9079076024264623 0.746084415290267 1.015852460355859 0.9418321574522308 0.5885768378384455 1.1773722673865605 0.4806486168876063 0.9816387745994216
5 0.6571439772575332 0.7901926806029562 0.6416839710813065 0.7537595734562356 0.9933877125348545 0.6045357249709314 1.0088481797085933 0.6409673042613466
5 0.402414757226893 0.9700688817351755 0.3729453110454415 0.9163810275244343 0.9806264792869115 0.5828721982133609 1.0100960254105757 0.636555401920406
5 0.09167468999555695 1.0051035504304182 0.0352746926406553 0.9428429673697853 0.16911104456664816 0.8216367414877384 0.22550981006384063 0.88389574058688
5 0.00019513143911353836 1.000009184682016 -0.00023400627048886236 0.9634784982251362 0.09929240059227595 0.9623092312061462 0.099722076560397 0.9988393722682465
5 0.1864120249182406 0.8435725420544985 0.17367794710241924 0.8262384677671841 0.3160946446021171 0.7216342236128368 0.3288285957627295 0.7389679395173108
5 -0.0012829841546135867 0.6430921308608578 0.024501726859625705 0.6239950904715145 0.07375418488288688 0.6904867377442064 0.047969612845463416 0.7095836171331614
5 0.08599533831704775 0.7175695202618041 0.07152092791557152 0.6977251064486054 0.212946778528476 0.5945829106513482 0.22742107356521046 0.6144269842947331
5 0.09571629518393365 0.7148480872294951 0.09564647396950932 0.6992937212263359 0.3222305091234148 0.6982739884309356 0.322300708136936 0.7138279780404314
5 0.001953125 0.7861328125000073 -0.012267951593230464 0.7697677240917514 0.05443678433994137 0.7118119456451099 0.06865775081291758 0.7281768715934531
5 0.050431679084567804 0.7165181952649131 0.07546164756865892 0.6958836477666799 0.18003866616629693 0.8227144968719455 0.155009060188263 0.84334864540281
5 0.3577353546282893 0.6905680658169829 0.3262746387667903 0.7139230007672211 0.17657879289106404 0.5122951475526727 0.2080384659707306 0.4889407851407935
5 0.25505534137494124 0.49112595657814095 0.27462982671863756 0.4746115008286604 0.3410358520634418 0.5533158512711484 0.32146149225025056 0.5698301715538436
5 0.5763951853689377 0.5317096222801502 0.6089906215473775 0.5732204488086442 0.47400096295552885 0.6792054769129271 0.44140625 0.6376953124999725
5 0.8804749080122747 0.4195397560501876 0.8930291606499168 0.45830488672662173 0.6309619839943252 0.543168141845629 0.6184086565527878 0.5044038022000071
5 0.8626106115439143 0.45742367070021733 0.85117653330542 0.4208355520969174 0.9945262313066223 0.3760395102521924 1.0059605019547462 0.412627282250571
5 0.8726285726966125 0.1378060400068238 0.8408955804600282 0.16140234658774258 0.7232499284717733 0.0031893556771952266 0.7549828081716896 -0.020406888243105978
5 0.9609374855124315 0.09082031948129485 0.9609375095442374 0.011718737358860346 1.0000000003628884 0.011718751237777228 1 0.09082031249999549
5 0.36178527145364114 0.07173481742791396 0.3918448380195514 0.04969142918921144 0.531865237364741 0.2406296377628822 0.5018057712590007 0.2626729011999009
5 0.3425516849496262 0.3588802500717768 0.3099849250244233 0.38280672547530004 0.031329623850751886 0.003528871585009382 0.06389577064214791 -0.020397272548579294
5 0.15473381477477233 0.19928941022295033 0.16882580771448374 0.21883588322823566 0.06900108007459949 0.2908028359198522 0.05490918611428697 0.27125645232426016
5 -0.012023437830634975 0.21798396218902316 0.007681442484226864 0.20434274540831004 0.1653907500731293 0.4321486760481848 0.1456860207115369 0.44578970495095976