2 0 0 0.224609375 0 0.224609375 0.2109375 0 0.2109375
2 0.3607711148440558 0.2701326126468237 0.3410956548048034 0.33353097030839435 0.2027498516773676 0.29059633052772477 0.22242552740237898 0.22719836898683907
2 0.44206613817095786 0.2802203296215453 0.43388414349897175 0.32931258734411 0.3521694295030784 0.31569366583639796 0.36035157110484306 0.26660158939004885
2 0.49851504775710964 -0.008544527978667069 0.5757921119791263 0.00539065107414259 0.5336677097393476 0.23898932541503906 0.4563906604427075 0.22505420067212878
2 0.7303913931623356 0.17693933084308086 0.6019146677327853 0.15834404870769359 0.6273834113125076 -0.01761865339221719 0.755859375 0.0009765625000055424
2 0.8085709949738202 0.35861287693398475 0.5414674731409832 0.328935299860314 0.5605960220019597 0.15679835096391337 0.82769601125392 0.1864757312108205
2 0.8841899794456367 0.22346912130849725 0.8124208873198313 0.21242776030874733 0.8467196857211547 -0.010510679255879023 0.9184880612255029 0.000530615443487606
2 1.0000001013544306 0.18164062499999997 0.9628906012593461 0.18164062499999997 0.9628907144837058 0 0.9999999994521431 -1.2424041724466862e-17
2 1.000000289280024 0.38183593749999994 0.9628905858763801 0.38183593749999994 0.9628909326515895 0.19140625000000003 0.999999995479925 0.19140625000000003
2 0.17442328707829802 0.6829130300505798 -0.03263409564442554 0.6561980075842534 0.005370209560055628 0.36170632701240385 0.21241858660573598 0.3884207884505987
2 0.27562533975719816 0.4407418436446546 0.2576559558375493 0.5665234073510985 0.20242131725137824 0.558632713523195 0.220391141925802 0.4328516775514255
2 0.3627589364064079 0.4985731325026091 0.37423008139398917 0.42720935372706853 0.5585051373795977 0.45682734190222346 0.547035081723152 0.5281901518390724
2 0.5547220925481042 0.4803880081570006 0.556968297662138 0.4541854143928116 0.6125864956620717 0.4589528912327016 0.6103404029589683 0.4851553802802235
2 0.20655364358310635 0.8446495042093282 -0.011447472404597647 0.8242152570063113 0.006539006431808048 0.6324201709925406 0.22453058351015898 0.6528539630818793
2 0.2807830817919239 0.48512067552652555 0.40545972972199706 0.504123379363526 0.34988254202585267 0.8687205371660062 0.22520605683041595 0.8497185385657179
2 0.4535635226945942 0.7416674240015336 0.37729635829703057 0.7305978142576729 0.3990543976118488 0.5807200011604059 0.47531921444578984 0.5917894350780468
2 0.4932537173416449 0.817828726410156 0.481385435919492 0.8998270760812445 0.3199080730407786 0.8764578563882094 0.33177777729144964 0.7944612335676925
2 0.3303104451973695 0.7878083814904788 0.34197074916551173 0.715532900352558 0.40816697721663786 0.7262106097160601 0.3965072995341643 0.7984855349602006
2 0.5192181635751467 0.5226958330606865 0.623398220328113 0.5375767501737329 0.5828124246233983 0.8216788315080872 0.47863246113115565 0.8067983484180956
2 0.0009765449967744644 0.8710937498664244 0.060655214866187634 0.8715491872458626 0.05967866975470315 0.9994788666027002 0 0.9990234375
2 0.10028448661182665 0.8784581652391107 0.16639112885582108 0.8916758253660793 0.1422784459326749 1.0122408646222185 0.076171875 0.999023437500003
2 0.18628968169684867 0.8945450078641397 0.4043300410955908 0.9182852870781059 0.392844980376708 1.0237399132770892 0.1748046875001137 1.0000000000000053
4 1.0000003548216228 0.9580078125000001 0.9648436306044914 0.9580078125000001 0.9648440136624004 0.8828125 0.99999999533145 0.8828125
2 1.000008134045629 0.8729893731284203 0.9750946700165741 0.8731986887048531 0.9741107134675531 0.7560686874230063 0.9990234375 0.755859375
2 0.9316832494896516 1.0000135271934212 0.931345939785615 0.9767223210105086 0.9996624627643769 0.975733056305279 1.000000008472739 0.9990240221187777
4 0.5938913657498688 0.8173630360131422 0.6453853893063979 0.6732210315271314 0.829981306336208 0.7391554630740365 0.7784912388989369 0.8832941072198979
4 0.8929928121145849 0.5344708685033948 1.0347463754631008 0.5797767508352932 0.8892783030528335 1.0348372706600408 0.7475258426803748 0.9895340063882863
4 1.0121105273650528 0.49857315290528137 0.9978734874108568 0.565688729913899 0.8661916072519489 0.5377567093155293 0.8804291633798584 0.4706418415126934
4 0.587890534133976 0.8203122900268905 0.5878910362338274 0.8789062941681592 0.48437494657605384 0.8789061903371322 0.4843752297110768 0.8203129758265262
4 0.5266046239675006 0.9200193803879942 0.47191480800051977 0.8965865078014466 0.49393784628261983 0.8452005370870704 0.5486269409865372 0.8686332327582554
4 0.4027387297878704 0.9818427700035933 0.40849332576067354 0.913970847444672 0.5017720290156831 0.9218773082732615 0.4960184249559916 0.9897483054945636
4 0.5554718469956015 0.9322283429080043 0.5320644227151661 0.9690018982894689 0.49920560675275283 0.9480918179129671 0.5226130030079048 0.9113184683678585
4 0.05566714932467676 0.9003877069877008 0.019530069039092268 0.8642588090161841 0.054686115078425246 0.829103013740986 0.09082296039059656 0.8652316765573023
4 0.5752202484314921 0.527967751210036 0.5732858879219975 0.4796075299436193 0.6301479604289852 0.47733325102991586 0.6320825227194291 0.525693261978557
4 0.18293374976587984 0.3389199166056737 0.19095790428309556 0.29077802913241835 0.28344083233128003 0.30619226500504443 0.27541692827037423 0.3543339294942038
4 0.49506316899180547 0.2860720096771552 0.4896216327470029 0.37858298834565507 0.3372303938051573 0.3696187148293833 0.3426725888251667 0.27710845647239274
4 0.6210078723040624 0.4070534292522271 0.6290231476857571 0.3124926069032204 0.8445368724768514 0.33075888695281447 0.8365228403661149 0.42531854093526617
4 0.91015625 0.3359375 1 0.3359375 1 0.44921875 0.91015625 0.44921875
4 0.23654297859957296 0.2597669882336916 0.24240694511661331 0.19057994059686992 0.4902950956461609 0.2115884011834934 0.4844317868486314 0.280774875602079
4 0.6568640815921754 0.17312865671079225 0.6435078179039238 0.27330105311266073 0.5441029538349085 0.2600470272205957 0.5574594932933223 0.15987497002314946
4 0.294921875 0 0.474609375 0 0.474609375 0.177734375 0.294921875 0.177734375
4 0.30170151695199365 0.1262290000420203 0.1874407994125704 0.1315434455262937 0.18132547860898285 0.00006007948634162497 0.29558589218163434 -0.00525435871405667
4 0.7554921551536609 0.28485085208235483 0.6996334880091126 0.2770307518676855 0.7140672056679023 0.17393429369504107 0.7699254760913163 0.18175436593757713
5 0.48987063142180887 0.0004888515643130535 0.5673481736396297 0.14742502784268 0.06897193456416062 0.410206038956649 -0.00850261343521197 0.263272323953659
5 0.9576308639339004 0.3334252023467706 0.8892899922346942 0.3306732359949327 0.9027119987428023 -0.002619931343698407 0.9710517201059474 0.0001320117617922885
5 0.8431229985495747 0.17709796087058122 0.7389289910846628 0.16170568847105896 0.764947269598224 -0.014415651574930691 0.869140625 0.0009765624999919134
5 0.62402343704332 -3.24261393152513e-8 0.6254331076831932 0.10008469044934629 0.5560971148607905 0.10106122587144256 0.5546875 0.0009765624999813653
5 0.5126952472776338 0.22656253404112403 0.5461237817273741 0.23324807857264632 0.5259164956382847 0.33428471403826726 0.4924879695246318 0.32759919870859383
5 0.6277030356512796 0.32428096297218084 0.6066722083185141 0.36126545081011213 0.5167861393332487 0.310154006109911 0.5378169701768911 0.27316970072747765
5 0.531654093226507 0.23141161872966765 0.5111124937120621 0.22319503022741521 0.5647226430878618 0.08917032959535691 0.585264108394199 0.0973868873371186
5 0.569375004792164 0.15066406165199686 0.568359375 0.14355468749997796 0.5771093691233773 0.14230469028730477 0.5781250000765112 0.14941406303529386
5 0.577148434501396 0.10351562457163374 0.5949218744484597 0.10605467500383148 0.5896875017103866 0.14269530119203408 0.5719140621094994 0.14015625253515612
5 0.5333519997132043 0.21967264397127928 0.5112797408419283 0.19870418866358244 0.5553868669539952 0.15227576053150055 0.577459081980578 0.1732441769037883
5 -1.7594834389456082e-7 0.36230469160805484 1.0980556908180006e-8 0.31445311792513897 0.13085929051806033 0.31445332851082597 0.13085942667680683 0.362304580940168
5 0.34065358602538254 0.3574848620912493 0.33636171610442034 0.38620910160369193 0.13119461614269312 0.3555537806629699 0.13548675047513825 0.3268298713926416
5 1.0049757346286015 0.4579775764152647 0.9993423410965079 0.4933922287863007 0.3572563643057265 0.3912451631782817 0.3628909797354254 0.35583188628712475
5 0.06940727983635497 0.8908171634576364 0.0752134095088195 0.8304844707610053 0.5113465296988124 0.8724347214508626 0.5055442317856205 0.9327639005408146
5 0.0009800909911064082 0.8201463881201231 0.0337943628320545 0.8208444109020627 0.03278245388105461 0.868404392922146 -0.000031817814374335285 0.8677063744072704
5 0.5742173040993066 0.8720713339456543 0.5917978116591485 0.8896473816764571 0.5517590752771184 0.9296862746923255 0.5341787043823842 0.9121103634165384
5 0.5954209367300791 0.7739142245023869 0.619580981157128 0.7778464155430557 0.6024012604561904 0.8833799754436319 0.5782412287553598 0.8794478375504498
5 0.7452072730910686 0.6889955728469613 0.7384216519766369 0.7602439010698491 0.5996587233788659 0.747028515164854 0.6064453125 0.6757812499999775
5 0.8198134900288778 0.7219683531625314 0.7632760670012431 0.715238618285061 0.7739757423777291 0.6253667914482965 0.8305121195896845 0.6320964631462381
5 0.6059270306799363 0.6744258802762453 0.6097309604407428 0.6455690689095492 0.7493242480840081 0.6639672262543416 0.7455207766620333 0.6928236216551319
5 0.8164061844477146 0.7031248444145087 0.8164062739051587 0.7177734267873809 0.7695312580242444 0.7177735545537756 0.7695312428595571 0.7031250464335927
5 0.6358682471500288 0.4346139334235132 0.6727787207954634 0.43960150229466244 0.6558043953801871 0.5652109023920074 0.6188939315974267 0.5602233813857525
4 0.5244004649555336 0.9928654559272699 0.5356048321674507 0.8824745648350009 0.6456008081995606 0.8936359461690244 0.6343983494723489 1.0040250781897746
4 0.6021576903294772 0.790637280341775 0.6984958214346761 0.7763682478384819 0.7280415797683872 0.9758037848788276 0.6317035395616131 0.9900724307652438
3 0.8749999999924967 0.9990238674950412 0.8750049985095529 0.6953085164423759 1.0000000570256589 0.6953125324778686 1.0000000093397148 0.999022828929308
5 0.23162220130836886 0.8462763338666545 0.1710168578296134 0.8385074912532606 0.20648232201881456 0.5619044869738081 0.26708413758638017 0.5696731026372085
4 0.0652535120251514 0.15310115019411227 0.02029341418290187 0.1738518920704269 -0.0217511125740657 0.08275529705184102 0.023208842410554098 0.06200459334568612
5 0.6216653580564753 0.5798161468572144 0.6679687850203209 0.5849603672750391 0.6598228257671508 0.6582742107983197 0.6135194043017691 0.6531300262653341
5 0.7537458274515529 0.6429809125354059 0.7498875713264397 0.6694368677697494 0.6452204599096376 0.6541738234368304 0.6490789437801823 0.627718144290304
2 0.9925205736919906 0.549172530419857 0.9812274686576075 0.6487732763744811 0.6746212814319961 0.6140071031051884 0.6859167378161146 0.5144090434974861
2 0.7196483304124968 0.5152184088931074 0.7226114256787923 0.4861839341373972 0.7746837724141642 0.49149771250505425 0.7717208037850014 0.5205320703083112
2 0.8701213638260015 0.5091762299462813 0.865538365890643 0.5438747823771275 0.809470452179994 0.5364697771039237 0.8140535815541625 0.5017713832863125