5 0.9218536863243116 0.9241910198108889 0.918323873069312 0.9110372746425291 0.9846705545272698 0.8932373648296204 0.9882004462650684 0.906390984857918
5 0.13531698365250122 0.49380785373342334 0.21895676482847648 0.500241048343519 0.21023673956824496 0.6136022770937863 0.12659696477192028 0.6071691447008042
4 0.9989345105300345 0.7671063163740183 1.0332323508609988 0.8765978097385001 0.714060421477825 0.9765438025233094 0.6797682803237421 0.867057150791326
4 0.7279106572859746 1.0320687570025375 0.7139417093482052 0.9773323372944723 0.996033180924428 0.9053569699301062 1.0100036560777426 0.9600910584855483
4 1.0000001019683395 0.9990234375 0.8984375 0.9990234375 0.8984380339541076 0.974609375 0.9999998895342515 0.974609375
4 0.6702326158560936 0.9018235796236969 0.4565000357556528 0.9757906064245652 0.4318411539046565 0.9045495459009663 0.6455696894573748 0.8305832831807887
4 0.19921875 0.9990234374999926 0.19922516641838683 0.8886630857594843 0.4453150147173801 0.8886741382059024 0.44531249983970156 0.9990306532659171
4 0.6533200739233962 0.935546087955372 0.6678458774511 0.9834651755871208 0.5852051791375743 1.0085080649800533 0.5706800940745325 0.9605895901888784
4 0.4609375 0.999023437500048 0.4609381297905202 0.9726547694744581 0.5585939928952257 0.9726564337718573 0.5585937499882903 0.9990247175308943
4 0.7300372549833583 0.8452448764282007 0.7694186890806805 0.8779144736082367 0.6788700871160245 0.9870375442300348 0.6394892447463008 0.9543685935044887
4 0.669971644787438 -0.021624787218365756 0.7128775568399988 0.019775602713855416 0.567120002192155 0.1708332707017278 0.5242141798327111 0.12943297509360616
4 0.5468284382158117 0.23619165856052193 0.4499731740409061 0.31025640099292756 0.4014649259485168 0.24682234080330492 0.49831980483645566 0.17275781652058866
4 0.561337076092741 0.30496904217667026 0.5144183844387271 0.24025430638735265 0.6324864671722707 0.1546555444566798 0.6794050348962628 0.2193699358738571
4 0.8076117350057075 0.12237417036531724 0.7936086383706424 0.18638870964974788 0.6970917606937519 0.1652757177813949 0.7110949580618353 0.10126130398607236
4 0.8643864785279902 0.11854779113798794 0.8674954337108147 0.08849492147287118 0.9119416441328667 0.09309284241056236 0.9088327124476336 0.123145690402947
4 0.6199390599194885 0.2002465535481493 0.5945108640653416 0.13942088332538305 0.9889428678401373 -0.025472453243156303 1.0143711990044721 0.03535287491187853
4 0.7334645222036897 0.08920699013812175 0.6893804971984991 0.05947590940005202 0.7488847690736975 -0.028754497387548258 0.79296875 0.0009765625000147673
4 0.86395471412402 0.09152743200151452 0.8743939089096102 0.11762522954325295 0.8083917104603415 0.14402612865413295 0.7979525545979413 0.11792836398169433
4 0.9999999648407538 0.032226485149946804 1.0141802593608418 0.06342300192975447 0.9070526774995642 0.11211739985355798 0.8928724288642798 0.08092092200402659
4 0.15958024149824723 0.3448791079365897 0.06762571795673011 0.2629043098247301 0.37275975875138556 -0.079372675063643 0.46471281881883897 0.002600997233466087
4 0.10449093642921525 0.2929690761264953 0.148437653689939 0.33691367968063407 0.004882769135519993 0.48046846025090667 -0.03906341114031875 0.43652438901770235
4 0.38845346547509507 0.3101685931062699 0.35196006901628607 0.27582257210246897 0.40293487669782735 0.2216620190477873 0.43942815544892255 0.2560079373977416
4 0.3231849988362683 0.31160644438989554 0.373707938092366 0.34633960947707587 0.33267661558659256 0.40602141950588405 0.2821537879509606 0.37128839117407775
4 0.38032501759550996 0.3716480323507374 0.4221832210928369 0.4338658093822391 0.3267654471036394 0.4980557138681331 0.28490777677995993 0.43583840862890105
4 0.020150789002173042 0.5814417169149334 0.06308814322107992 0.6153357809608893 0.036540979916821925 0.6489620074941936 -0.0063962535433574885 0.6150680790407683
4 0.6092567378306057 0.31927202083639605 0.6313542122304625 0.35067151851006617 0.419837075002647 0.49951879099556457 0.3977401755963683 0.4681198052357863
5 0.026947772581706886 -0.033757301385024044 0.24200271576626164 0.0020850813310504656 0.19248835743076143 0.2991710303897607 -0.02256659640227099 0.26332885919958854
5 0.485639249549763 -0.015631216352871794 0.5024715240462001 0.0015043007138896291 0.3683959841947626 0.13320693662854652 0.3515637359852235 0.11607144996583242
5 0.34277351214950613 0.15429684206794503 0.2519527617056383 0.24511682882772048 0.23437462695210343 0.22753868300992713 0.3251953120009148 0.13671876236988964
5 0.22977923085716156 0.2302559892345892 0.24852318770729198 0.26732561170824076 0.05681644777121164 0.36425724243459795 0.03807291691998671 0.3271879838247347
5 0.5733164644566386 0.18884340950874992 0.5414379156695759 0.12276973383885192 0.9262232768916192 -0.06287780064153654 0.9581017694796401 0.0031953784296109415
5 0.5269816891433265 0.3794690167105937 0.5000395265797124 0.33257546763472284 0.9862558813867963 0.05322683951788139 1.0131979466033272 0.10011937808926226
5 0.5201256513528278 0.37025581629657134 0.5342374134561396 0.3967140027095775 0.48780829799579806 0.42147617999949444 0.47369663363622294 0.39501807751187235
5 0.24161646571894835 0.5800681622409206 0.21356170523006313 0.5361730173943144 0.3753608311608332 0.4327702667983823 0.4034154857140493 0.4766647392137907
5 0.22781462333853142 0.5801305468762239 0.23685339074506828 0.6306313370871814 0.11365989359319428 0.6526771125416208 0.10462179744115474 0.6021769121213166
5 0.26126646675879783 0.5581946000415641 0.26446660848978354 0.6093863693432885 0.18397014694733116 0.6144173780180078 0.1807703940680767 0.56322597447259
5 0.12189694749713453 0.6120174940891855 0.13005531133615023 0.6487246785038983 0.065740499251433 0.6630168709612788 0.05758240525074143 0.626309920911679
5 0.9345703093656539 0.9101562486570649 0.9454139537281208 0.9148023370088635 0.9424842665631559 0.9216382710342069 0.931640625 0.9169921874999957
5 0.9728642907529093 0.8996664972512168 0.9747410777873711 0.9077971255202542 0.9589080160130834 0.9114509225352455 0.95703125 0.9033203125000032
5 0.6779910490107568 0.9798116625052875 0.6816739128908011 0.9918383449290424 0.6189170982127052 1.0110499997093123 0.615234375 0.9990234374999692
5 0.8786116429998856 0.92218381907083 0.8830279939800221 0.9350083102207289 0.81300994077003 0.9591134176646231 0.80859375 0.946289062500006
5 0.7062668321440242 0.9862656015212404 0.702627127918845 0.9738935759780805 0.77981903385853 0.9511907364547492 0.7834588238674769 0.9635626156178893
5 0.6759161644661162 0.9796563876054475 0.6802507336768713 0.9932335280913529 0.6195687897848074 1.0126004463394844 0.615234375 0.9990234375000272
5 0.7077727695751719 0.9851047441270785 0.7040542186040284 0.9719689910815117 0.7802069185505616 0.9504170144008748 0.7839255619469441 0.9635526144196536
5 0.8147519370821783 0.9555071612405456 0.8107079890826299 0.9417608508948351 0.8901207155269049 0.9184047990677116 0.8941647579408709 0.9321509467332021
2 0.24611974599201858 0.03662716286478382 0.2708268589506133 0.05734910749736634 0.1464641378071292 0.20562808563886312 0.12175708953702724 0.1849062141574909
2 -0.0032880222923949987 0.24520115636660428 0.0007286527626320094 0.2260109481534039 0.0469853758473846 0.23569269103757118 0.042968738784907146 0.2548828660820799
2 0.05591663666302793 0.3556774774815502 0.03467341183340977 0.3689540178607418 0.017062253850099296 0.34077614653310184 0.03830542162813799 0.3274996296609149
2 0.5092104841131686 0.16695253831970103 0.46831366609023917 0.20239617301289622 0.4476274050830398 0.17852741245737414 0.48852418229353134 0.1430838076900359
2 0.4020905195114892 0.3654423097938463 0.4418126022153501 0.3018896788987049 0.4879853383782802 0.33074795289421877 0.4482634686369238 0.3943003974453885
2 0.8710937500128466 0.0009765618454645792 0.8706741522411221 0.02237611696121715 0.8180366059449398 0.021344007996117142 0.8184562056111417 -0.00005554609620088297
2 0.9047715373486653 0.1378135206481574 0.9394001183197815 0.20004186098608212 0.6335421735967657 0.3702392575557318 0.5989145747387283 0.3080117731179145
2 0.9990233421522134 0.10937483734964036 1.0210023195858184 0.14686795087662746 0.9357405235659826 0.1968490792250358 0.9137616444049854 0.15935605174253584
2 0.41987366354078404 0.483223891749455 0.44507793019840847 0.5170657099328101 0.2970382904725284 0.627309739601826 0.27183461001516207 0.5934684504200164
2 0.48394462362523427 0.4860526977894037 0.46404326169920296 0.4596727481618851 0.6140467022270286 0.3465141874721388 0.6339479341081642 0.3728938209778071
2 0.00097652567330897 0.6992187498800726 0.18842364219710817 0.699829176827253 0.18744711586316498 0.9996338402775022 0 0.9990234374999999
2 0.4450169527917751 0.5623835268206647 0.5276730974871953 0.803717402864151 0.10159836439640912 0.9496055412574655 0.018957142964609375 0.7082844525409416
2 0.535546745165675 0.785297234676475 0.4764016020267263 0.8058949825225908 0.44511248138474 0.716064894662189 0.5042564364649706 0.6954673744220775
2 0.45492592621678796 0.7148484690494545 0.43604974545269215 0.6636201781312214 0.46673270588769356 0.6523160232808936 0.4856089638102503 0.7035441392744411
2 0.09257615250476192 0.6205078597711555 0.1107429756016245 0.6749998310546013 0.00644605560535183 0.7097653195561778 -0.011720052012151427 0.6552739571519073
2 0.5747414074321568 0.8295436361640456 0.4980604620429858 0.6108003683216281 0.9330535072957673 0.4583271106521507 1.0097391127277433 0.6770605146806239
2 0.5357993169677684 0.5805435783050272 0.5234136888922194 0.5457108310349915 0.6827040980290349 0.4890756571257549 0.6950899449573171 0.523907912985164
2 0.6228511759887851 0.4574213424408851 0.6392590808425211 0.5066400982576909 0.5349612442313401 0.5414062541155733 0.5185538235745071 0.49218790973533855
2 0.9173814935917335 0.44023398630667626 0.9425783211817134 0.36464841786418284 1.0152351581303947 0.3888678045190299 0.9900387629013494 0.4644530040539799
2 0.96484375 0.208984375 1 0.208984375 1 0.3037109375 0.96484375 0.3037109375
5 0.06859513459664868 0.3174838571672909 0.050619591999975455 0.31854121403093055 0.048100763259753876 0.2757206271408249 0.06607623542697638 0.274663272372507
4 0.22062157959078377 0.5328752916211283 0.16506334265363876 0.49386864769793937 0.23743208944540584 0.39079962903438 0.2929896123469007 0.4298059163664978
4 0.147251277005239 0.5365720516879818 0.12106747141592678 0.5411923366141443 0.11680078640199554 0.5170142014381206 0.14298449113505285 0.5123939256222569
4 0.16197444177726084 0.4788528538651654 0.19194515291860625 0.4908402087431502 0.17820602569338462 0.5251880507643669 0.14823533318042337 0.5132007297849843
4 0.09313797383151723 0.5510096447783291 0.1199050951610161 0.5906204996193966 0.05919954892976875 0.6316377026644285 0.03243272174154299 0.5920271092056856
2 0.08583063640969613 0.6211338060986547 0.07824485581045337 0.600907064420782 0.12083937207614781 0.5849342667843104 0.12842518895547528 0.6051609239797008
4 0.5439451222201797 0.2539061384601862 0.5740201633408333 0.2715357630663371 0.5161644429100534 0.3702310441282002 0.48608947064190033 0.35260151576032406