2 0.2568359375 -9.021102162713748e-9 0.25683596687497356 0.07324218816473549 0.12109373078646968 0.07324216132144418 0.12109375966610969 2.7409085925854804e-8
2 0.27949514557190014 -0.0068085852497323275 0.3385150758127793 0.0013320899825751014 0.32459478752502946 0.10225418177371746 0.26557485898035793 0.09411351246077652
2 0.43124551777680153 0.10104952426231455 0.3514788776342357 0.09606411203189032 0.35773351248758445 -0.004008844232932047 0.4375 0.0009765625000032069
2 0.5108545285029322 0.1207060700827963 0.5286055670694623 -0.011741177286083659 0.6942234277339594 0.010455555194729991 0.6764726552473803 0.14290251264458462
2 0.3203745378864369 0.22098297576042333 0.28914921493276324 0.4284192282338502 0.04978055546359883 0.39238577480480663 0.08100776663047782 0.1849518199636104
2 0.45863435025330546 0.35676433110160377 0.43761377892326436 0.4934061844723772 0.24197253298393662 0.46330893240985843 0.2629944773053694 0.3266687648932059
2 0.3240067756546523 0.2206298733093388 0.380746470827944 0.2283669382396398 0.36536708488279146 0.34114899635654805 0.30862739690110175 0.33341196918062493
2 0.5721857932320518 0.26752130022518156 0.5473615473338214 0.4157627039714016 0.3791473051567209 0.38759339529810716 0.4039725271122734 0.239353178584182
2 0.5768033619573316 0.2578467195406151 0.6557534879387958 0.2621141041976024 0.6450917793226836 0.4593576079665146 0.5661416574459963 0.45509026929478646
2 0.6001592149192447 0.6804154640582054 0.5223647741250943 0.6694979476951055 0.5516545640726918 0.4608209441084821 0.62944624647821 0.4717382663547964
2 0.0409317277418495 0.4648825199811776 0.06912930096257242 0.38405709875672217 0.19648335701788255 0.42848454943813125 0.16828665791058484 0.5093092285067906
2 0.24921899248226964 0.4878903223672811 0.19564208079634682 0.4785731834813379 0.20488825302220448 0.4254088066575759 0.258464770496289 0.4347259104529252
5 0.26703793946830956 0.6358581546591624 0.024192886811874814 0.6274849789070367 0.02874230661529964 0.4956375447863821 0.27158174150611103 0.5040106224278939
2 0.43332654422488304 0.5150559211092298 0.4231296337832191 0.6425222920981621 0.28611538738732634 0.6315610280896649 0.2963136885008453 0.5040961604323299
2 0.48174301255164664 0.5726105303185904 0.5281131064351712 0.581196559054945 0.5126876386040067 0.6644945537554778 0.4663175636840151 0.6559085935651396
2 0.43365755640343195 0.5561453311680727 0.479207255521942 0.562022036237259 0.46692486633378394 0.6572112145852241 0.42137517742946784 0.6513345614460399
2 0.4991249391374595 0.4717714523341119 0.5325918188468677 0.4756116049518227 0.5232463758133008 0.5570506517628975 0.4897795002378871 0.5532105238436393
2 0.06974696629754362 1.0063636943536403 -0.027252132378634997 0.9961553852726227 0.0018249359665105658 0.7199701849353659 0.0988174904726975 0.7301781631854808
2 0.1385633464934699 0.7378749842122828 0.2510845355143374 0.7546845747808654 0.21258277683057258 1.01235416532488 0.10006171595796332 0.9955451534108042
2 0.32507480454739834 0.7553108951167737 0.4531013497456797 0.767053581399067 0.4307430853424421 1.0107641092770199 0.3027165976170636 0.9990218069955276
2 0.5591761714251788 1.012483678164882 0.3818915957315312 0.991805241359836 0.4081735501647472 0.7665828091046781 0.5854475483500892 0.7872606305302908
2 1.0000005374088232 0.5107421875000001 0.9218747413696065 0.5107421875000001 0.9218753465625014 0.396484375 0.9999998685073024 0.396484375
2 0.9873200351272544 0.3750532240655909 0.8589293733261911 0.5016456190860941 0.708635076269843 0.34922061019305817 0.8370242217188206 0.22262966501070833
2 0.7589444326034709 0.4285945857010421 0.8628510893173598 0.44343678495218347 0.8225783950692858 0.7253499436835008 0.7186718115278836 0.7105081167526658
2 0.8918034224883513 0.48270532591424403 0.9869703698255989 0.5840028324268621 0.9247487147779339 0.6424525306013374 0.8295825512343526 0.5411557793815255
2 0.9560572494509643 0.6582052294404818 0.902342680323386 0.7119129525086808 0.8583972530439041 0.6679675042288714 0.9121114774412717 0.6142601240873886
2 0.8886767502207249 0.74316719494805 0.8320311084739842 0.799804530342278 0.7480451593753514 0.7158190851296041 0.804690048860266 0.6591824997599944
2 0.9853518113208111 0.6445310286016089 0.9658193589908706 0.6250008980571661 0.9990234375 0.5917968750000374 1.0185558009839042 0.6113269171878102
2 1.0741666498340692 0.8594765425161279 0.9638744772296377 0.9653380129445701 0.8231267310281964 0.8187278767675497 0.9334160242034386 0.7128690500352665
2 0.8457056127566602 0.9970682820055891 0.7949169463810222 1.047844711745194 0.6601515900947561 0.9130815783501878 0.7109389238942185 0.862306489548275
4 0.6870996063125858 0.8060358187906072 0.7278309783938539 0.754080697565758 0.8524139312017951 0.8517304436742517 0.8116836952277708 0.9036845200619714
4 0.8099954278658288 0.9074291280205431 0.8349427185443119 0.8786026133475415 0.95653237212764 0.9838019716049676 0.9315857901099207 1.0126278188015283
4 0.275129027955586 0.6732498334409541 0.2703417936313599 0.7163433141143632 -0.002549274601506113 0.6860280293246562 0.002239024447931115 0.642935783685532
4 0.5970783640378841 0.7123001619825815 0.5922791008938475 0.7624362034202103 0.3279334562294025 0.7371310505039684 0.3327340260970004 0.6869964638531028
4 0.39287837525989744 0.4903073962776446 0.3901978746006307 0.3937550428242987 0.5595539358367887 0.3890528229997638 0.5622354927984361 0.4856041451584163
4 0.4343141626950455 0.46983854522940377 0.4920754752504308 0.4645879108663017 0.49889538889931373 0.5396070033548573 0.44113408072723814 0.5448576072364826
4 0.9001170283160036 0.2851166509481134 0.9523054565229359 0.24597693522874797 1.0468752919492772 0.37207162196547233 0.9946871408801599 0.41121102500469525
4 0.11052262565908677 -0.0011594425838518442 0.15257594550075737 0.005045142723109881 0.14322283109345335 0.06843848305101845 0.10116951163297472 0.06223389994971142
4 0.6474609374155307 -4.021634352116044e-12 0.6969209558423017 0.00235523878612582 0.6947513078913516 0.04791784475288865 0.6452912895023246 0.04556260636348136
4 1.0000000303584784 0.08593749999999999 0.9355468369902837 0.08593749999999999 0.9355468804299107 -6.212020862233431e-18 0.9999999996510951 0
5 0 0 0.0859375 0 0.0859375 0.53125 0 0.53125
5 0.06177571160935713 0.1596822680845882 0.07656971458209227 0.06465352828781556 0.6922688822778582 0.16050234006499559 0.6774765721737595 0.2555293852388705
5 1.043785757657247 0.22445166359797009 0.985605104021829 0.2778634088445711 0.7784429222916742 0.052205594691193104 0.8366232243148488 -0.0012058547789115756
5 0.6542478203006112 0.04111944745785687 0.7830344773609568 -0.11359391367492408 1.1269494955168966 0.17268848048587454 0.9981643322635136 0.3274005271682147
5 0.8306397599793627 0.07775648711592298 0.872741425274512 0.03889378777172529 1.0360173802331474 0.21577695313867515 0.9939159290104271 0.25463944169421854
5 0.6554977247653824 1.0103891974317198 0.5350167110563007 0.9882125068365185 0.6930715347912155 0.12971308468711648 0.8135351876896948 0.151888162981074
5 0.7062456484585482 0.703748219326802 0.7738553040554734 0.7115480151579973 0.7650748479564982 0.7876455483155321 0.6974652030642119 0.7798458201303561
5 1.0221963893400243 0.9737700683446873 0.9178801345736929 1.0924516345752564 0.6549254736618195 0.8613774800985756 0.7592377970931921 0.7427015474886381
5 0.25855545150955095 0.631496356139384 0.25354782007923404 0.6601140113322178 0.00623741713684467 0.616840071520888 0.011245585435744943 0.5882230782404689
5 0.6126883944270958 0.6808178420508832 0.6014214216992286 0.7599925006533005 -0.008392161974825285 0.6732051193181506 0.002878918528494978 0.5940356751310678
5 0.6011273495404339 0.7573154123998876 0.5634930056090752 1.0410476861888809 -0.037653326980716884 0.9612912917221371 0 0.6775800796875462
4 0.2821423615363301 0.8697643901252093 0.306282151500227 0.9053902716298162 0.2605920452431292 0.936341509674949 0.23645255952078514 0.9007158982858753
4 0.2421875 0.94140625 0.287109375 0.94140625 0.287109375 0.98046875 0.2421875 0.98046875
4 0.6846609957270857 0.8948063994156588 0.7134382587342998 0.9324282778245809 0.6761748765811717 0.9609235598586886 0.6473978864207766 0.9233019308856976
4 0.6368148009078141 1.0000172600561745 0.6362880175852297 0.9731431684095293 0.6891933883705406 0.9721063083200744 0.6897203809713801 0.9989801867121797
4 0.560546875 0.884765625 0.599609375 0.884765625 0.599609375 0.921875 0.560546875 0.921875
4 0.547215969460467 1.000014778811899 0.54645063432406 0.9671018714093741 0.5913935149914096 0.9660570741599374 0.5921590662926519 0.9989697598503581
4 0.6103618303519625 0.6412446570962395 0.591109322480861 0.6042246414025311 0.6353870098680545 0.581200395353313 0.6546395393697821 0.6182202380236481
4 0.6416014082526544 0.3769529577857352 0.6630863127078328 0.35546904562372283 0.685547086755264 0.37792992012484683 0.66406222173066 0.39941379287394496
4 0.6650392736637514 0.44921881072197567 0.6416010478734506 0.47265570161506526 0.6162103189424215 0.44726501720005696 0.6396484870447239 0.4238281838645055
4 0.8955788314654001 0.7057213055300718 0.9036973677386868 0.7233085347292711 0.8732902534990217 0.7373426112001217 0.8651717932511929 0.7197554465952165
4 0.8222646058807186 0.6748036101062529 0.857423656571541 0.6396498732218506 0.904298731891231 0.6865256907900531 0.8691399227039938 0.7216791866043055
4 0.9516107970287067 0.7569277673714409 0.9807571716398797 0.7155168400229658 1.020429406251651 0.7434348703000404 0.9912832896213786 0.7848455667586702
4 0.052734375 0.859375 0.1015625 0.859375 0.1015625 1 0.052734375 1