2 -9.607674655853771e-8 0.21777344239583368 1.4517809177050367e-9 0.07226561633596097 0.07421867460209342 0.07226576865829962 0.07421881901234428 0.21777333174544436
2 0.1017438106729287 0.14320013970563653 0.0261876710726483 0.040521242032884194 0.21179873066830623 -0.0960601839760633 0.28735471308471006 0.006618460168454221
2 0.09330048650156186 0.389949810848922 0.014422969938323149 0.4425328858076726 -0.054086935511236334 0.33976752869750304 0.024789771570681296 0.28718482033233805
2 0.21512907280987292 0.2892101683543556 0.18284410328419654 0.31268973772124337 0.13090143652448205 0.24126879365120824 0.16318624505095158 0.21778930945090194
2 0.31708151782288496 0.21222164367360852 0.2687513638109067 0.24812377204706207 0.20421290538752146 0.16124521304065617 0.25254285323160275 0.12534319758837684
2 0.21671713505384105 0.18602224927659508 0.26475406177382865 0.253272791051642 0.2222604165995108 0.28362528326708386 0.17422363202103952 0.216374868968967
2 0.20128205091896234 0.10737733017249931 0.22648351848181392 0.14572712934764565 0.18567835615112926 0.17254192967488965 0.16047693365271698 0.13419217017094653
2 0.3464775972680627 0.19736818694084896 0.3217808596557461 0.2150853281522915 0.2519179640320317 0.11770094775180996 0.27661459704950175 0.09998386072048357
2 0.05540064827778224 0.275691997070191 0.08523750951053444 0.25489729351802193 0.147067537916314 0.3436104720909056 0.11723076482030592 0.36440506941248274
2 0.037625684960062244 0.30876828339550805 0.06340358616466801 0.29020889501596625 0.11752700978104258 0.3653806988941763 0.0917491833757822 0.38393999868808265
2 0 0.23828125 0.0390625 0.23828125 0.0390625 0.3076171875 0 0.3076171875
2 0.2570781689381647 0.11524814496365236 0.30046393978113883 0.08215757136773685 0.37384432040084903 0.17836766695770015 0.3304586260743463 0.21145815091397008
2 0.3697031978014138 0.17204520638603454 0.30468012200515204 0.07875156526211567 0.35431459246080976 0.04415790482451746 0.41933764003510987 0.13745144752558403
2 0.5683594465468786 0.09570312500000001 0.42578118814321897 0.09570312499999997 0.42578127599790605 -1.8636062586700294e-17 0.5683593554871322 6.212020862233431e-18
2 0.41360148985791056 0.027437523195865704 0.4660546961426917 0.10320312435187141 0.42390624278971245 0.1323827693398212 0.3714530913885028 0.0566172174871039
2 0.0009765625 0.5957031250000008 0.05195776494213078 0.5951665512990028 0.05293431866823539 0.6879399937932033 0.0019531162998873697 0.6884765625915666
2 0.2600209851659656 0.5604016250188936 0.21528978592675685 0.5958465120726822 0.12793850579259924 0.48561878835469985 0.17266904077325762 0.4501743102821015
2 0.23196946967539134 0.41662489245679035 0.2735233648463691 0.38753885490754486 0.3265132321831743 0.46323894196856774 0.2849594897074894 0.49232479877577734
2 0.27283758860403395 0.4766386728603923 0.2241585285215706 0.5090893556750135 0.1874999999998863 0.4541015625000225 0.23617872182092015 0.42165103461743797
2 0.26846922842082677 0.3754715472824831 0.32858151143784653 0.3335775544477294 0.39960174013981486 0.4354774733260646 0.3394897264248584 0.4773711422868691
2 0.3329916173671563 0.3330927517953858 0.37940657725721394 0.30096088746900357 0.45928166280953064 0.41633721186083533 0.4128669213583862 0.4484688163614327
2 0.3777461134737905 0.4744304036188697 0.36275773907186704 0.4526303946102886 0.39840088305470545 0.4281258513267401 0.4133892410628732 0.44992579548275224
2 0.506088913811368 0.3552179043338524 0.4663787925356928 0.3886980768682439 0.391434567108945 0.29981100679096295 0.43114440219324024 0.2663310312876002
2 0.09139472787705927 0.6517116850883176 0.10518161044888075 0.6482654328037708 0.1121324352384363 0.6760688195193066 0.09834555627833197 0.6795150618064868
2 0.0009490535779832499 0.5838054737955555 0.04040670448773653 0.5561884854339219 0.09940640339470974 0.6404748558186422 0.05994897091488838 0.6680915800859147
2 0.08093364417732118 0.523152458104976 0.12768755581873847 0.49030175724122393 0.19231202595938157 0.5822687520179846 0.14555837410193817 0.6151191404077907
2 0.04079854739984512 0.5555011439723564 0.0751953125 0.529296875000029 0.11653351922041111 0.5835538890697045 0.08213689000240265 0.6097580025744297
2 0.098976031057191 0.6805584031913192 0.07614365764561626 0.6485969256605173 0.12307188613999642 0.6150770947400205 0.14590420252704916 0.6470383904044099
2 0.1428789221805573 0.6108026583379597 0.1271031140558989 0.6213187200632931 0.10772215065776436 0.5922472630929656 0.12349788512938176 0.5817312349248134
2 0.1430296660332715 0.6471599023250754 0.12545011131260253 0.6207936124616454 0.1554232428678688 0.6008116393916019 0.17300277852518775 0.6271778381582293
2 0.5340419861846613 0.292053043142499 0.4820327938170976 0.32865138812156625 0.43423323259946756 0.2607257209084946 0.48624216923508357 0.22412750283207167
2 0.516610225434647 0.21381856367271618 0.5395005362034908 0.19789518845097165 0.5915506266370585 0.2727174460960505 0.5686603602082414 0.28864076754346235
2 0.5708704681319432 0.29174347589606714 0.5465174802121737 0.3095142963086156 0.48154197834469414 0.22047414191254272 0.5058948207613412 0.20270339878015897
2 0.5055281390943946 0.2020367778801431 0.5292442505211739 0.18520631520064462 0.5922104855146699 0.27393181512134646 0.5684944301268615 0.29076221183556417
2 0.5370782257390374 0.19291509799228565 0.5625597448771487 0.17408123820236207 0.6104160077707093 0.2388281681440081 0.5849345318981705 0.25766197792435314
2 0.6969654940508008 0.2328721032247003 0.6654146693117582 0.2801981000180249 0.5459733165261014 0.2005710264304119 0.5775240871806773 0.15324526363627852
2 0.7104498727703685 0.21379438856434757 0.6886833653437634 0.22991762642488636 0.6078768093162807 0.12082903211884606 0.6296432095439286 0.10470585287563754
2 0.6479624756689191 0.1737489396691425 0.6185863153619948 0.19473176758836894 0.5857263168835516 0.14872777588595418 0.6151024211360436 0.12774497652582387
2 0.6350661023948305 0.10884914910097178 0.6535457072517374 0.09652947094766348 0.6741286128257116 0.1274038583150508 0.6556490146199394 0.1397235282423366
2 0.7862838725033043 0.20104032172586825 0.6952279256598786 0.2173002115820436 0.6639094212157488 0.041914858530042544 0.7549647686962544 0.02565502412644806
2 0.7332835323127256 0.28869046478724225 0.7032184328413678 0.25155180775101715 0.7630563421693068 0.20311178138303163 0.79312138368266 0.24025033129747192
2 0.10997695884384484 0.8770273091014154 0.08389169428983223 0.8434958914849593 0.1565048339346049 0.7870197017945584 0.1825899144836285 0.8205507263091416
2 0.09745954064078433 0.7065952677066226 0.12382327738134791 0.7439372394445622 0.04959584672451456 0.7963328737633407 0.023232543981862364 0.7589912912631083
2 0.12258888938049495 0.7527394303384477 0.14861737377123063 0.7896559634970217 0.08203073945060169 0.8365942585868433 0.056002661846605406 0.7996780898561235
2 0.2574854831158291 0.7669541986942998 0.201037814306801 0.8051869818671145 0.11783470626380677 0.6823630014039472 0.17428101681423414 0.6441308545649925
2 0.29446326719539684 0.7188650181106782 0.2533383159538971 0.7472231120425157 0.20662671634386243 0.679491629874858 0.24775115256454683 0.6511337840730869
2 0.2519617256965603 0.6575833096504187 0.30634504005161034 0.6190674263267573 0.35209880806996807 0.6836620161515419 0.29771575625204605 0.722177587003065
2 0.29285216402365677 0.605552572182589 0.34197815193601855 0.5698288658546053 0.40038046432937335 0.6501325359615026 0.3512547666232422 0.6858559020365604
2 0.3426773048109908 0.5772839847426188 0.35813974255415815 0.5983668132241197 0.3366324183539291 0.6141388186837949 0.3211700370163726 0.5930560412124186
2 0.2701320574562942 0.6083230755179216 0.28951384467359276 0.595403431293684 0.3146039344735527 0.6330387588884842 0.295222191991229 0.6459583478026687
2 0.45573555767089147 0.6181210669221066 0.4081761405909674 0.6544864892728108 0.3259625199777929 0.5469767049518099 0.37352118044043436 0.5106117190040133
2 0.3693818285986481 0.528962042650826 0.3548263580311186 0.5109830515462251 0.40758494507610976 0.4682739090819642 0.42214036485597717 0.4862528070119258
2 0.45422379528770307 0.6119349651896454 0.39563220249704045 0.531239860546613 0.48211021018153133 0.46845541428348253 0.5407015443918226 0.5491497909031466
2 0.5950220036258997 0.5049380328103887 0.5473061700849939 0.5559412153386524 0.4687505565051424 0.4824538583944685 0.5164660391209281 0.43145109012611893
2 0.4560543300607378 0.4785152417310148 0.4726565420664883 0.4619142806489866 0.4990238748895308 0.488281765516725 0.48242170848664045 0.5048826809695841
2 0.4718637213511556 0.4313087477777797 0.49701629561559457 0.38603729807306514 0.594524500313014 0.44020926885185063 0.569372317183479 0.48548038066085036
2 0.6056705157539 0.4957292463971048 0.5901879235186698 0.5087337257754075 0.5667561387780324 0.48083881259650624 0.5822386791743384 0.46783436875182977
2 0.5746417340952803 0.3478763333936867 0.5929512954987786 0.37480094077146836 0.5563567011816986 0.39968524742277983 0.5380472158105931 0.3727607076816159
2 0.6842976371261784 0.4494226597652096 0.6102129885199474 0.5041782452679837 0.5454698684862933 0.41658488756955037 0.6195537795641712 0.3618297025343258
2 0.5537269245501193 0.40497798930864753 0.5268948800724047 0.4191825235853211 0.5117872014340037 0.39064575683294644 0.5386191596633125 0.3764412504957367
2 0.5723135008893223 0.3823294121029411 0.5909364345028507 0.40508965615492776 0.5738127187789814 0.4190999396671088 0.5551898182472996 0.39633972643031873
2 0.571691945395628 0.4165807164482793 0.5593028169431591 0.4276651834311203 0.5395851005426948 0.40562776974572656 0.5519742025592222 0.3945433233439275
2 0.681145097439753 0.44341948678691406 0.598585728647663 0.33727612183014777 0.6528074905877475 0.2951039625264432 0.7353666636312255 0.4012469089171753
2 0.6868568546663028 0.3379519207537863 0.7100698090767992 0.3195758237753331 0.7616145857074343 0.38468546455245756 0.73840170704716 0.40306147683289817
2 0.7377002440913429 0.401583989860033 0.707617110006936 0.42584358406266276 0.6331128078867323 0.33345814872095303 0.663195682990704 0.30919871892594586
2 0.8385156231615838 0.33913185738301155 0.767370859865764 0.39703883027551296 0.7034586825957376 0.31851831351416776 0.7746029849280376 0.2606116391019717
2 0.14699313680318937 1.000580151176152 0.14613732374186839 0.9191113425717216 0.3176429093698516 0.9173093476814717 0.3185007389201928 0.998776102835689
2 0.25964459050157984 0.8808443084791457 0.2782627485340754 0.904775524751831 0.21957715810481204 0.9504201269745969 0.20095927114982715 0.9264891594839888
2 0.2625044339042688 0.8801608784899124 0.3161675042945262 0.8427691685106402 0.37102881699956924 0.9214850940966489 0.3173661540641888 0.9588763109878593
2 0.39875788162737535 0.9585096118384188 0.37433481304958605 0.9811174930633402 0.34764739922775334 0.9522952511785975 0.3720703125 0.9296875000000048
2 0.4866665570539226 0.8651660434696463 0.4023408602613472 0.9326130901510654 0.32488328698934765 0.8357914175867969 0.40920726665115126 0.768345440844345
2 0.48489387705251374 0.7138736079929614 0.5454989369916348 0.7875683936685741 0.47257585359989207 0.8475268221898012 0.411971683899651 0.7738328661046833
2 0.49084200780100673 0.7142793844791472 0.5699559005242918 0.6581438473961734 0.6298732930503093 0.7425749415836728 0.550759944897095 0.7987098325714088
2 0.6226572700112456 0.7404291259539956 0.5645857607337348 0.6605924019140581 0.6167288559048529 0.6226703793451591 0.6748001773599981 0.7025065632990601
2 0.6255772318373829 0.6257103888548687 0.6479430638626127 0.6110885700168766 0.7017732526145437 0.6934178384851871 0.679407536314784 0.7080395130342678
2 0.7149326469278776 0.5426273226177337 0.8037235406548007 0.6594438601508954 0.730381991313493 0.7151821177073644 0.6415922045437128 0.5983665907196406
2 0.7205178035565041 0.546775179316606 0.7712833022285395 0.510944603151092 0.8310134174859058 0.5955635484387263 0.7802481917686919 0.6313937997692759
2 0.8557288750989755 0.43089463217970864 0.9181346220270825 0.5078071561596067 0.8277294894481884 0.5811541523539558 0.7653244922647673 0.5042423240782248
2 0.8580138166540792 0.6217651750055657 0.8270449854395565 0.5815094614260665 0.8880683186227998 0.534568938458308 0.919037029809715 0.5748243803896802
2 0.9126933322643254 0.5994153461334973 0.9411723548928421 0.6373824581971054 0.8636732950083115 0.6955063528220666 0.8351946699468726 0.6575396027418722
2 0.7728846106774654 0.7026018566059474 0.7943569083787452 0.7341730776508313 0.7222366330277055 0.783215020741031 0.7007646849499451 0.751644110485239
2 0.8304388876533721 0.6598579317667508 0.845435244422788 0.6817725355854121 0.8207182826853341 0.698684111126759 0.8057220021025842 0.6767695751619593
2 0.6558029893541288 0.7871470018891182 0.6711882349026155 0.8070866948137643 0.6345257456865738 0.8353692661464914 0.619140625 0.8154296874999619
2 0.8943672999747605 0.738192926255497 0.8656405154317781 0.7025767109969068 0.9324478502469447 0.6487002722798291 0.9611744633999706 0.684316166067042
2 0.9528827903164938 0.6952289829587285 0.9836720867206168 0.7339571117710812 0.9188549875843819 0.7854783519655153 0.888066081154534 0.7467505838605274
2 0.561572843190902 1.0281700909571008 0.49749341907363487 0.9359801689470022 0.7119101763671551 0.78698082287373 0.7759887472462879 0.8791674571353322
2 0.7946615199676899 0.8509115746082474 0.7471072652831481 0.770083749436568 0.8490160635375332 0.7101383195665039 0.8965702789707848 0.7909649864967492
2 0.8751573203653606 0.8045697534427066 0.8155019202702078 0.7250434474267206 0.8380017796772563 0.7081685978159951 0.89765707729714 0.787694647677128
2 0.7505526621054059 0.7783731143310043 0.7794931843387758 0.8133993481402485 0.7501166400859347 0.8376667951661211 0.7211762930265877 0.8026407249923635
2 0.8049375859789052 0.8496486069782601 0.7718576270483481 0.8741866757161316 0.7455679227726932 0.8387528993585383 0.7786476259200299 0.8142149703043603
2 0.43554709818727133 0.9990232575618851 0.4119897483949444 1.0180156146756485 0.38665424979592444 0.9865997250995813 0.41021141812700535 0.967607482889541
2 0.4560546875 0.9999999999999526 0.4551141651419357 0.9614366277525881 0.49515300605116863 0.9604604308275347 0.4960937532700882 0.9990235715466673
2 0.5040202588515967 1.000020055040084 0.5035367716175188 0.979228003310779 0.546391386552159 0.9782317309609398 0.5468750048975153 0.9990236480536547
2 0.9873033068046198 0.9687512451630867 1.000977286215175 0.9824211299320218 0.9785172309792642 1.0048811965697366 0.9648433168467818 0.9912113770226693
2 0.7847649732905211 1.010662802890098 0.7598600977642036 0.9382289819903962 0.8786391195170609 0.8974003562277076 0.9035446466704116 0.9698328508231128
2 1.0000027732215813 1 0.9082026503962197 1 0.9082048578081867 0.8046874999999998 0.9999999860644948 0.8046874999999998
2 0.9440459679044579 0.8976728866114164 0.9057219936248657 0.9040587260067019 0.8975665065627254 0.8551243823241833 0.9358899794425497 0.8487385857962787
2 0.9315640661427551 0.9256598182972547 0.9389008080186159 0.9564652228656153 0.9090625555134011 0.9635695492675549 0.901725970883831 0.9327642808283784
4 0.0015016686122635292 0.05320823421349942 0.050768483900583306 0.03392996669929554 0.08082415495618989 0.11073900018836413 0.03155735083919353 0.13001724757217373
4 0.06250000144450496 0.1376953125 0.05468749881822532 0.1376953125 0.05468750177283255 0.12304687500000003 0.06249999989688604 0.12304687500000003
4 0.10615813358833748 0.13493795669878672 0.09168197317865179 0.15768611103914906 0.060719154611319937 0.13798251176217455 0.0751953125 0.11523437499998028
4 0.029296875 0.0078125 0.08203125 0.0078125 0.08203125 0.048828125 0.029296875 0.048828125
4 0.18985785593611126 0.33890081880783246 0.12486518474713648 0.36489735519110966 0.061287741268984064 0.20595340213056412 0.12627958839061648 0.17995705092486047
4 0.08910089149662781 0.22013848898055716 0.09403934708473116 0.2563525787985758 0.03302888027735662 0.26467221836922 0.028090516007523547 0.22845821127853697
4 0.10818930658388126 0.1901723279745067 0.11429700250550923 0.13113276230855753 0.17360297614777664 0.13726797198322907 0.16749537577084084 0.19630745000689723
4 0.6267847521597787 0.0038389006962715275 0.6406923492012311 -0.00212149778785669 0.6461476292314501 0.010607489460231583 0.6322400322445674 0.016567887850159484
4 0.6250000000247837 0.0009765607894605754 0.6245664765513084 0.030889889801297355 0.5571836594605202 0.02991332624838881 0.5576171875 5.449961202958945e-14
4 0.0009765471485252419 0.8320312498731604 0.03976199392593571 0.8323517098615207 0.03878544673921169 0.9505157673125734 0 0.9501953124999997
4 0.20894319821866247 0.6297925183581686 0.22473110443502264 0.6653105118885371 0.18884982874658363 0.6812576552518259 0.1730620866562731 0.6457398011164348
4 0.244140625 0.478515625 0.337890625 0.478515625 0.337890625 0.5478515625 0.244140625 0.5478515625
4 0.32046771296484167 0.5548667543138498 0.3334128264177707 0.5859315152594726 0.267261116356849 0.6134946769929797 0.25431623626479904 0.5824301137295765
4 0.39569203403652864 0.44656980171755994 0.35450773326886065 0.44492251761418733 0.35638919966663707 0.3978884080984994 0.39757325087634854 0.39953568719913063
4 0.4754443926822205 0.4292584327107978 0.48173330763904687 0.4701329830993231 0.4299247154004888 0.47810351705268045 0.4236359660792459 0.43722911457282965
4 0.4729900367618711 0.37485592125329076 0.4477551743460708 0.3974336036828929 0.4079624574275158 0.35295940383601837 0.43319722111402825 0.330381798226606
4 0.538344588881273 0.28864041517782146 0.556695110055557 0.31533118129118953 0.5055514062210023 0.3504924705966812 0.48720097505338344 0.323801784571792
4 0.7105839130537106 0.24908004643178647 0.7077639322185405 0.30407391360565916 0.6001242099653155 0.29855411814835964 0.6029444234802668 0.2435604970719853
4 0.6304325394183934 0.18970406533910214 0.6554416908932126 0.17499300251418687 0.6777595472481153 0.21293344588202417 0.6527504102806461 0.2276444888873352
4 0.9447206603351788 0.23754922205649642 0.8693826332507797 0.2523697490036409 0.821249534295589 0.007692200041235411 0.8965868866215487 -0.007128259096042062
4 0.8121128664269008 0.36143874796832404 0.8303180769084975 0.3880451184281978 0.797479790960665 0.4105133820512388 0.7792746503996568 0.3839070738047463
4 0.6615237598797421 0.5056638462161475 0.6447260670997821 0.4720704172791671 0.7267574676980075 0.43105499824649834 0.7435551974391501 0.4646482064664167
4 0.6152344308592319 0.5595703125 0.5839843278126864 0.5595703125 0.5839844543600066 0.501953125 0.6152342660748218 0.501953125
4 0.4461822147712837 0.6314935098155359 0.46109604261812365 0.6523699832624847 0.41453816251328135 0.6856256570741025 0.39962446840479515 0.6647493038227827
4 0.4837885039927414 0.6125000817685456 0.49238330449622936 0.6382810902256758 0.4542971109794962 0.6509764732659398 0.4457024273144725 0.6251955638921084
4 0.1734542485729662 0.8230361240130422 0.20241387243845566 0.8576381497101293 0.14037845637562896 0.9095454021900149 0.11141922529304793 0.8749437449843898
4 0.15971505354934834 0.8951903853289666 0.20010613259557886 0.8923060463904032 0.2030110281901898 0.932974773277408 0.16261995095976545 0.9358590958359699
4 0.5066704440147305 0.809602653157118 0.5797507090780982 0.7423827612823356 0.6265014419585668 0.7932000440680034 0.553421727207251 0.8604193677321222
4 0.3718521683849758 0.9028777027803131 0.4018289607714678 0.8764344387057766 0.4314664281267824 0.9100240176431932 0.4014897902092116 0.9364671180399886
4 0.3293038279323355 0.9338132962063269 0.3587118935079161 0.9254133125464044 0.37009893597678456 0.9652681947672717 0.340690891007398 0.973668128084291
4 0.8684913605582096 0.6405422593714183 0.8298667821355821 0.6703349562272484 0.7941887095339553 0.6240857763280776 0.8328130017121111 0.5942932469736322
4 0.7841836958220938 0.5912821816164652 0.8489472705683738 0.5490497277571761 0.8739699796336708 0.5874182937534355 0.8092065435245104 0.6296505737905336
4 1.022443464748335 0.654721011879448 0.9938090996354276 0.6629014693582326 0.9502137115526921 0.510318026884515 0.9788473423526511 0.5021376786769454
4 0.8742524707403163 0.6875131084273441 0.8719221229755476 0.7271281439256488 0.7939518844229951 0.7225417720254433 0.7962825427977123 0.6829270685952775
4 0.8312432934727667 1.0032057876084044 0.8296805327744323 0.9766430412704364 0.9071925345689351 0.97208384508906 0.9087555857435063 0.9986462811276546
4 0.8976753057859241 0.351538497056635 0.9564120092497888 0.3450125054211447 0.9688214825604291 0.4566979096951686 0.9100847864664274 0.46322385624251977
4 1.0021708363217385 0.5014852049576375 0.9695053765022976 0.5076096053255902 0.9491635642400524 0.39911898695469333 0.9818285392022972 0.3929946334097459
4 0.9201690963883493 0.4428489176398641 0.8908521335914656 0.45304559915365494 0.8676650615575454 0.3863826334201666 0.8969817824762458 0.37618599814887393
4 0.8872742379134024 0.5092242242533198 0.9158058134426028 0.48703482221986694 0.9374702333271898 0.5148892231854537 0.9089387121615573 0.5370785640083588
4 0.9119030450423224 0.5444812926535723 0.957122136041562 0.5283883422187812 1.0104983745469553 0.6783524468116523 0.9652794042516462 0.6944451561638797
4 0.970703125 0.703125 1 0.703125 1 0.7373046875 0.970703125 0.7373046875
4 0.8671875382142389 0.28808594043949637 0.826114379781643 0.2849265356847806 0.8305492198833235 0.22727484400090836 0.8716221913189202 0.23043424149542577
4 0.7955411569462285 0.17842508317539313 0.8313405159129843 0.17444742361336837 0.8350085764346886 0.20746000391760616 0.7992092181243606 0.21143765958935481
4 0.8775741188476331 0.3311845355191366 0.845285360829962 0.3361518893220383 0.8376535744334888 0.2865448445194338 0.8699421808877332 0.28157750267260834
4 0.7929687541796966 0.0400390625 0.7578124965582447 0.0400390625 0.7578125007086101 -6.212020862233431e-18 0.7929687498955218 1.5530052155583578e-17
4 0.8105318497196095 0.06945612067292196 0.8064903867622206 0.10178786052564492 0.7762019168611687 0.09800180207475707 0.7802433905005728 0.06567007452374912
4 0.7910156217666326 0.1591796873686274 0.7910156265946853 0.14453124892464161 0.8027343758534471 0.14453125326676164 0.802734375 0.15917968773108862
5 -0.0013970291087161968 0.7813290988590755 0.15884179606882753 0.7759892094435009 0.16627358547191307 0.9989497562416635 0.00603476920639423 1.0042894812275565
5 0.9442895143453143 0.8185664334940006 0.947748227360421 0.8240004013684681 0.9311930727404842 0.8345355169559425 0.927734375 0.8291015625000085
5 0.7879473708969726 0.8806428931736957 0.8321413398516597 0.9329796810866405 0.6946992242004626 1.0490033632531022 0.6505067201974271 0.9966679513564205
5 0.8599484052845128 0.919102465648164 0.820149922683072 0.8775439612036472 0.9273173403790906 0.7749383879186944 0.9671151060617831 0.8164960933775819
5 0.9647375519258503 0.796256085709574 0.9534472692500913 0.7752921068915706 0.9885051373319129 0.756414925000714 0.9997954284668822 0.7773788051381242
5 0.7969619062716902 0.8653416463916073 0.8532352545730646 0.8709676107190174 0.8488068813958307 0.9152514844300971 0.7925335382043386 0.9096255541502563
5 0.8943356056713583 0.4537101410614858 0.9349613711722213 0.4333988354999628 0.9828127818043413 0.5291024840927999 0.9421871243947635 0.5494136266085912
5 0.8391028465611043 0.3409210551860203 0.8862475429374399 0.32206399719202233 0.9115034174859602 0.38520406870339957 0.8643587604591403 0.4040610556373616
5 0.7632023058637287 0.059426606967113466 0.7699967814553474 0.026964242256853177 0.8216928473535745 0.03778438231200494 0.8148983863735566 0.07024673435351265
5 0.7857121466844319 0.08550177966752434 0.8325871630438542 0.07964244007176725 0.8471604585108707 0.1962289751556468 0.8002854443286651 0.20208830011168513
5 0.7467726952544353 0.44058306270716335 0.815026390697426 0.3799170558560366 0.8567288609181105 0.42683295600028454 0.7884754055186249 0.4874987095288638
5 0.7528098971641839 0.4501000686664274 0.7746625040084609 0.48386950938001705 0.6863908102336609 0.5409864874394732 0.6645385070983139 0.5072173143857224
5 0.5977269282681164 0.5515513584969114 0.6196451121198834 0.5839865876676932 0.5439723795398095 0.6351167515232402 0.5220544961271116 0.6026817891311447
5 0.37484587663402635 0.6921584120012073 0.41752058996416963 0.7561579945575689 0.2985312684099881 0.835484124828868 0.25585775128593014 0.7714856023127892
5 0.21127533296760248 0.8585807292617004 0.21017475676330832 0.8134472275803979 0.30815354421986285 0.8110582667595713 0.30925466843416416 0.8561912035426633
5 0.17493633810533993 0.8953891538786156 0.1622706760621213 0.8664453413402079 0.21191278698472615 0.8447271950954273 0.22457851211868274 0.8736707995405046
5 0.4582398940995063 0.6630605817057955 0.47556551657180535 0.7008556755096671 0.37643346564198055 0.7462911517017472 0.35910836453660977 0.7084965012224755
5 0.5201037003158717 0.61862152060611 0.5382507866372634 0.6454755475628805 0.4808080310292553 0.6842882665999668 0.4626611527173736 0.6574344241707054
5 0.33398437500648015 0.0009765622709661956 0.33340927123765596 0.021105220104202023 0.2964974380404328 0.02005059615248593 0.29707254286518037 -0.00007806122230634298
5 0.10839841784422788 0.1406249756271334 0.1250542790229474 0.16127804836203183 0.09138310652326709 0.1884322212910472 0.07472726917580985 0.16777917082164265
5 0.0018365668471460594 0.24978840995825885 -0.015035535977972359 0.2248178775538956 0.06984229994964153 0.16746830421993972 0.08671438648821095 0.1924387573880937
5 0.28988274563516825 0.004023364008686243 0.3069922003888905 0.026835913789097953 0.14652345653587417 0.1471875058185902 0.1294140614123762 0.1243750079813774