2 -0.000012809376698896813 0.0004641870958623115 0.01901826527546291 -0.000011589436254365068 0.020984198998917236 0.07862578619884847 0.0019531243556230038 0.07910156251610938
2 0 0.111328125 0.029296875 0.111328125 0.029296875 0.2041015625 0 0.2041015625
2 0.05462318189972848 0.1656491366731241 0.07249842544320018 0.18773007240573258 0.0477204859878384 0.20778839641641478 0.029845264137406957 0.18570748075703009
2 0.03625201410932277 0.31251856526232863 -0.006554276259180369 0.253858906918696 0.07545945744698201 0.1940114675752407 0.11826566929084947 0.2526708979678754
2 0.16928205193335089 0.02623248778607447 0.17579938439666876 -0.004724805537350513 0.2140407411840215 0.003326015204054023 0.20752341171134958 0.03428330605942737
2 0.2455468589020029 0.14933592645809454 0.1973827686540517 0.08511708361355767 0.3166016141359478 -0.004296820242369404 0.36476566580984127 0.05992192297804641
2 0.37103987547789075 0.05892375792879458 0.35948275590965295 0.07258216239013322 0.3429350696832216 0.05858027673432687 0.3544921875 0.044921875000040974
2 0.44140625 0.0009765607296011679 0.4414062517233788 0.025390624980684635 0.3828124988687023 0.02539062418013115 0.3828125 0.0009765625000444174
2 0.35854522416207146 0.21877255968993023 0.3279950568773984 0.1771134936732029 0.48607960809033557 0.06118478361199891 0.5166297052847995 0.10284366887056977
2 0.2396035085554331 0.2872745199422963 0.21204907971673492 0.2518480127672038 0.25761700048656166 0.21640641571710675 0.2851713914303673 0.2518328429307949
2 0.1660883436002223 0.2908669027283362 0.19610018820242203 0.26800146297060173 0.23564451377444584 0.31990367885066157 0.20563273027914875 0.3427690492154347
2 0.1824357868390507 0.4826342489132442 0.13529721285203777 0.42264303448802126 0.20887542835657769 0.36483178596942345 0.2560138204246414 0.42482263050428243
2 0.32722444508488024 0.3773281494654306 0.2761115819803308 0.31161366049030764 0.3260064155817872 0.2728066976389512 0.37711918241825515 0.33852098204321096
2 0.28941925513788647 0.37692512308605325 0.2553798305799546 0.40800339506275807 0.2144911014504487 0.3632205288062246 0.24853039343929595 0.33214236443335704
2 0.1614012041876549 0.28863386585193496 0.20319825759509058 0.3477234576360533 0.04034243311696173 0.46291380232063395 -0.0014538638139356408 0.40382488578520526
2 0.08609381068390576 0.4588671243910092 0.06956976118590319 0.43683615856547225 0.1219140314752849 0.3975782261455942 0.13843804249916047 0.4196090970180371
2 0.08826141042288782 0.5554012776490282 0.041147253327380895 0.589051409688818 -0.041333221429226796 0.4735782337478328 0.00578014698021434 0.4399285087868701
2 0.05297075169698928 0.4820611004256685 0.03773834684591293 0.46030189789784753 0.060939482525782296 0.4440611535287483 0.076171875 0.46582031250003225
2 0.21048175539044678 0.520778055413544 0.28921181163912024 0.4639231416500188 0.35454354325986515 0.5543842980003795 0.2758139260711232 0.6112386942805821
2 0.5019549370263121 0.41699313752520656 0.3984363945248788 0.5205066538116445 0.33105348511617194 0.4531236594117596 0.4345713780691085 0.3496107916849493
2 0.4468612679204398 0.4701578055788584 0.4384851350887402 0.4270813689292771 0.5291332808691322 0.40945591212729776 0.5375096145185125 0.4525320806790063
2 0.08007524582501446 0.6240251374016871 0.12270509576092081 0.6836984740086584 0.058595407463712945 0.7294906671661472 0.015966096234024008 0.669817814566635
2 0.10175896431178444 0.8802746374551254 0.05331892333458654 0.9044894865797908 -0.0275392048898766 0.7427702777756742 0.020898990002251594 0.7185559845935998
2 0.02806150783362682 0.6862591563626935 0.006892157652487185 0.7017811931351019 -0.009314482938862056 0.679681236975207 0.01185478438469545 0.664159244459624
2 0.0725705075908536 0.619876326251113 0.10792417410141297 0.5891788255061302 0.18419493167164092 0.6770074997786729 0.1488415989177838 0.7077046462437689
2 0.06601732733793142 0.8099001614455676 0.12146550760417085 0.7621103569296548 0.16909486229690174 0.8173616774419971 0.11364708474616236 0.8651510497061675
2 0.1866556403733739 0.6887381778245836 0.2413007588538676 0.7628862041891019 0.1629545424762 0.8206143416736199 0.10831034476734658 0.7464671490799127
2 0.18480657925624655 0.6719522771638605 0.27740096168963646 0.6083030181706192 0.34082671665828457 0.7005600967386236 0.24823294929399253 0.7642086101394651
2 0.2944056838288134 0.6293579695601252 0.3646580675895166 0.5756426020354874 0.4235301416393895 0.6526302953931576 0.3532782005279387 0.7063451567617665
2 0.5612085828089448 0.45824096817117493 0.5912115136343346 0.49824037355731254 0.4205876381182634 0.6262100982791559 0.3905854826701898 0.5862113976873768
2 0.5069652563499858 0.4425257264128924 0.5338617258871636 0.4793810927700736 0.47585613210139854 0.5217094409515233 0.4489598780501183 0.4848542691475403
2 0.4932885682247843 0.06271566960485421 0.5419042436178643 0.02777329054858352 0.6082311212019249 0.12005436890722204 0.5596154927762882 0.1549966917522355
2 0.4240922179038762 0.24939287407751953 0.38542530367089967 0.19525972587458107 0.4722602842991819 0.13323485890195677 0.5109271467889585 0.18736784059976766
2 0.4448615597960952 0.25225326230255574 0.5115688206087725 0.20778271752641858 0.5377104932638304 0.2469954441211757 0.47100329977740785 0.29146590775295533
2 0.5538190158957832 0.3188572754768786 0.5234908414000756 0.27488222174029675 0.5935041621323762 0.22659746803415112 0.6238322919735992 0.27057236062045126
2 0.6258936626560399 0.14760054766550676 0.6425335442511368 0.1704030842824658 0.5831158101241272 0.2137619699587276 0.5664759792408631 0.19095947937952892
2 0.7702215315139256 0.07742668822367685 0.751209331118389 0.053941030039360335 0.797394066570746 0.016553424250440686 0.8164062590764161 0.04003906966346591
2 0.8393675795277886 0.03717756243945917 0.8626768282289277 0.06393998898770296 0.8231243083603204 0.09838895122556565 0.7998150749785964 0.07162653918228824
2 0.6901049883314272 0.06987314733790333 0.6631408613526446 0.0898031505062724 0.5988047298441188 0.002760159030344185 0.6257688272717132 -0.017169827957404876
2 0.6419384359784317 0.10262033936249113 0.613214548973815 0.1257590224778314 0.5388819676692265 0.033484190267161186 0.5676058116207514 0.010345534455387342
2 0.7046030477613385 0.04484268998542884 0.6802153729826159 0.06226245550478574 0.6478832358224054 0.016997465182049337 0.6722709015849659 -0.0004222957557720977
2 0.5659839498222254 0.009369714923354413 0.5927734522767878 -0.00976562748584999 0.6561180311800854 0.0789168237537919 0.6293285401199 0.0980521517947268
2 0.7278690746949223 0.01654768241732063 0.7025660020303803 0.0379579738566265 0.6812297960472051 0.012742455873844495 0.706532865673239 -0.008667833499829289
2 0.87109375 0.0009765618946697557 0.8710937505903757 0.017578124972519617 0.8320312496820179 0.0175781247981668 0.83203125 0.0009765625000059167
2 1.000000000986688 0.030273437500000014 0.97753906083949 0.030273437500000003 0.9775390625 -1.5530052155583578e-18 0.9999999999671445 4.6590156466750734e-18
2 0.966796875 0.041015625 1 0.041015625 1 0.1162109375 0.966796875 0.1162109375
2 0.9403514444826442 0.0444922416733871 1.0093750336781113 0.13652342891532646 0.9715625026962016 0.16488274247099993 0.9025389909814976 0.07285162576795806
2 0.8814417251340956 0.08612098877676608 0.902366336057753 0.07132075716552871 0.9658567483717206 0.16108331385640387 0.9449321622226989 0.17588351456706086
2 0.841796875 0.12207031249998992 0.8838894685087553 0.09283960728864192 0.9428972956047801 0.17781117707237767 0.9008047584843553 0.20704181406800232
2 0.8956942860279469 0.199748706214939 0.855715716897862 0.22853306707364007 0.8007214828744509 0.15215225854213446 0.8406999116667748 0.12336797030428223
2 0.7919685250180919 0.16834701026370122 0.8425263586574374 0.24019132173821583 0.8029996791619851 0.26800627432885693 0.7524419765586572 0.1961620801236015
2 0.8003030015089507 0.28308919563321616 0.7628348314010509 0.3100189991258001 0.7099294195691073 0.23641165885818569 0.7473974047179581 0.20948195088725713
2 0.5711024878170292 0.32982367379936045 0.6496801528004426 0.27220209531530637 0.6773737025941955 0.3099663440134954 0.5987961503785755 0.3675877905480027
2 0.6736695999090898 0.30067674595488453 0.64909854549785 0.2496455044651108 0.6947273043984978 0.2276761713868339 0.7192983816381684 0.2787073099950249
2 0.6467141550766655 0.18755744459839796 0.6460133255510527 0.17844668663257535 0.6616957688698903 0.17724035276403016 0.662396602042918 0.18635110671826516
2 0.7196837076510292 0.20425525695064753 0.6776207576202751 0.23811048624554845 0.6384369406940777 0.18942758991100228 0.6804997878997483 0.1555724252656901
2 0.7007742583482468 0.3605214073432194 0.6373373600091554 0.4039239831377043 0.610509492708843 0.3647138665634818 0.6739461510727551 0.32131140426291765
2 0.7841800721005256 0.5439456709264301 0.7333977767025317 0.569334734574325 0.6876950131669446 0.4779283746775235 0.7384766299851435 0.45253951425905814
2 0.8148776156871236 0.3747327161422794 0.8791881281217684 0.45882651732137 0.8431574011060547 0.48637910932289713 0.7788471583772889 0.4022855547965162
2 0.8405945547245892 0.35561837199198487 0.8757513153112768 0.3321815785995356 0.911508375895437 0.385817461636759 0.8763516840332386 0.4092541698412345
2 0.9380196519223318 0.2861437936505923 0.9698392083330418 0.262658776287471 1.0318192315260148 0.3466324512694058 0.9999997771061544 0.37011735201044943
2 0.9198305321245925 0.28281416694432976 0.9865207216374756 0.373752024977115 0.9362250720397469 0.4106351861938222 0.8695352152143414 0.3196976291131591
2 0.982421875 0.228515625 1 0.228515625 1 0.2822265625 0.982421875 0.2822265625
2 0.9313032519945637 0.5110497102792569 0.9221483101731565 0.49758749750005854 0.960184997102715 0.4717226584924292 0.9693399279012738 0.48518482475962926
2 0.9225957083922367 0.4157222486544825 0.9559597551071874 0.4699353292377782 0.9154217336447346 0.4948816361096981 0.8820578898643134 0.4406687326973789
2 0.7700255623088879 0.42109470775966035 0.8628330318174449 0.5424499470964111 0.8315145759038387 0.5663988846049258 0.738707501514682 0.4450440059642937
2 0.8475330108303751 0.4948768212774811 0.8899529745382324 0.4612361587819578 0.923102959515063 0.5030344008726482 0.8806831192123354 0.5366749262276644
2 0.9945796334390025 0.4464654598272624 1.0032740294382165 0.4618468012207851 0.9781744284103979 0.47603354291712774 0.9694800685053906 0.4606522327032845
2 0.8623998205398493 0.7168432991123798 0.8069735211630586 0.6410642739626242 0.9965231958373124 0.5024410502666113 1.0519487914327783 0.5782182855253983
2 0.8442893591695793 0.7270586838987108 0.7898206876217273 0.7666672412581789 0.6131333310368063 0.523718737732444 0.6675998804649907 0.4841112901687058
2 0.36803070243138336 0.7504514748726716 0.5366791131449418 0.9822920547591025 0.45352657319870104 1.0427620034769005 0.2848817428764505 0.8109246481097363
2 0.474500742373948 0.8013828761057896 0.4468738701211805 0.8205057934823969 0.4050387183096973 0.7600776264297078 0.4326652440105363 0.7409548772291463
2 0.5018122078229226 0.8945524989417576 0.5426177671508867 0.865180232809441 0.5832011240311203 0.9215470971971893 0.5423958018428721 0.9509190820577723
2 0.5859948892805278 0.9208521283441269 0.5460998507222712 0.8715814797918402 0.5909367902273743 0.8352852786539112 0.6308316227493833 0.8845555462336794
2 0.6533154783435293 0.7628180399773273 0.6130540819100361 0.8656963299928676 0.43483913145837505 0.7959615137451335 0.47510147586945095 0.6930854808785376
2 0.685685836145808 0.8687332078457559 0.6599069564771298 0.835227468685308 0.7200333277986601 0.7889768398729088 0.7458120657061045 0.8224822589965547
2 0.6692083821657206 0.8460729606119501 0.6867630248890464 0.8706435567921016 0.6461166427528724 0.8996767103894181 0.6285621813486841 0.875106277177786
2 0.8257628563725348 0.954636153075099 0.7274863407972134 1.0328359935876679 0.6744073604439791 0.9661474542808662 0.7726823001248704 0.8879485914802702
2 1.0000000892911203 0.8798828125 0.9804686794287818 0.8798828125 0.980468811749688 0.8359375 0.9999999979705763 0.8359375
2 0.9845879616178763 0.7224791574669496 1.0456981627718278 0.78900772474843 0.9424444115362576 0.883831964621502 0.8813353815619394 0.8173045367638141
2 0.8767123155462286 0.8042823562444359 0.9342001546586971 0.8755506532295152 0.8665921087663264 0.9300725887036897 0.8091051513305274 0.8588051098222482
2 0.776630153800852 0.8890399367322752 0.8106281500505474 0.8647619542464369 0.8498217130922967 0.919633835916708 0.815823906514197 0.9439115928599761
2 0.9999998781205477 0.921874603140834 1.0000003985136345 1.000000087791448 0.9374998412780542 0.9999998381170407 0.937500034771233 0.9218750659364365
2 0.8867550231927908 1.0000115986098679 0.886402091766854 0.9713934195211252 0.9664436139145209 0.9704064346299245 0.966796885237386 0.9990242668037712
2 0.8146460358418608 0.9410117198695988 0.8506669270133216 0.9180958286673816 0.8805054230905398 0.9649854942083672 0.8444846762840825 0.987901200604237
2 0.83203125 0.9990234375000484 0.8320313766976142 0.9843748401803336 0.8691406695135129 0.9843751045004903 0.8691406249994316 0.9990236195865656
2 0.5693021212971416 0.6453361272457139 0.5983748012798742 0.5882032955326584 0.7494146092466281 0.6650515562890372 0.7203430668984083 0.722183412884394
2 0.6574929351743322 0.4801878299819093 0.6900419569076348 0.5243997241209899 0.48703176834965234 0.6738398385762171 0.45448381963046813 0.629628918565805
2 0.10508524348119863 0.0014940539721584854 0.10318773128790326 0.07170250514800566 0.04468949385591259 0.07012146278413955 0.04658702947040183 -0.00008696243668006976
4 0.11731216006660361 1.0000841119551316 0.11688535169651004 0.9162111442381701 0.32378944458776004 0.9151574116051916 0.32421877236401997 0.9990278058735264
4 0.16120686635861148 0.9132931076578209 0.20459460860286072 0.8211185370502347 0.2535990509664998 0.8441805290222921 0.2102120938840244 0.936354431638565
4 0.25507620438474987 0.8686400713363398 0.3029906118645158 0.8609756993316331 0.31562319224974544 0.9399301075343086 0.26770880513890916 0.947594395127339
4 0.4462389328211884 0.8460702577768933 0.4826013523442043 0.8073709316099864 0.5312069478773083 0.8530316820133035 0.49484487205086225 0.8917306730221983
4 0.6927594000176214 0.9463636968693389 0.6494827790893396 0.8814644372312046 0.7499942606978038 0.8144569984161057 0.7932706528972631 0.8793551866737083
4 0.6349164524275466 1.000113264291279 0.6342963138256437 0.9635105701458481 0.6985982716429362 0.9624214633734868 0.6992187561776291 0.9990238019128888
4 0.9492189092744638 0.9150387021189932 0.9372944859496783 0.9420193198649703 0.8904766118637326 0.9213326591912835 0.9024010922300931 0.8943522340801
4 0.7411105887467784 0.7611377547053736 0.7535828341362958 0.7894782434253286 0.7190890171789306 0.8046554961348609 0.7066169219401672 0.7763151348935797
4 0.9902661468370297 0.871248462662078 1.0118520843333272 0.9302342186727196 0.963115896612976 0.9480643510085541 0.9415304575344408 0.8890790166273228
4 0.9677745513605487 0.755858321743383 0.9394519160898653 0.7275401294518229 0.9804672784368904 0.6865250111586553 1.0087897326465054 0.7148430226216207
4 0.8936884383790584 0.7990116648847103 0.8700633369671777 0.7659424067529729 0.9201314317684819 0.7301795887200452 0.9437564574656108 0.7632486088311501
4 0.8129510288831625 0.8366133507810207 0.7938678995910777 0.8079940659992799 0.8393909163670514 0.7776457189964041 0.8584740072770956 0.8062648120511806
4 0.7959919217216793 0.6444632393553629 0.7546247540373088 0.5697608755354793 0.9116418466753657 0.4828199150662413 0.9530090335582599 0.5575210611999953
4 0.7455445168465076 0.5889233235252558 0.7470393071077979 0.5515611358403326 0.7944633791199749 0.5534582999471762 0.7929687492122639 0.5908203321919996
4 0.5184587304028128 0.7118340142901299 0.5158009020327654 0.6826011166759182 0.5710967579085491 0.6775743582073648 0.5737547402957262 0.7068070829835327
4 0.6280099205947636 0.7386191810236253 0.638982504315095 0.7088417189011023 0.6720187589725128 0.7210131826989489 0.6610463129255777 0.7507905279785788
4 0.7092108989612598 0.7819723487356254 0.655415784846241 0.8846539959210465 0.6074666026194109 0.8595379885270354 0.6612618008417712 0.756857030743111
4 1.0000001025622396 0.439453125 0.9531249581148131 0.439453125 0.9531251063234549 0.39453125 0.9999999815914862 0.39453125
4 0.8398624969864841 0.4118050649813818 0.8662835827004756 0.3884936631129264 0.8986583919257782 0.42518532113188834 0.8722373751527357 0.4484966501571682
4 0.6952679964704203 0.3852404479851304 0.6825811794802803 0.42752823461047407 0.6440562168754695 0.4159707810199889 0.656743093472187 0.3736830973974384
4 0.664534244670449 0.3201746822387437 0.7225401615851297 0.2591181210315893 0.782134911488015 0.31573376629617306 0.7241292447047272 0.37679008342724596
4 0.8896484336402182 -0.01171874944129845 0.9384766003408913 0.037109393162887 0.8486327945422545 0.12695309430186313 0.7998046821571734 0.07812500699204501
4 0.6752332507163601 0.23978012663361128 0.6194965676600077 0.2714140054214933 0.5902191929334322 0.21982999397433856 0.6459556918434828 0.18819618105298558
4 0.734375 0.134765625 0.78515625 0.134765625 0.78515625 0.1923828125 0.734375 0.1923828125
4 0.6004985650092749 0.18012384263237582 0.5532890069479208 0.24560776342628057 0.46225101725417517 0.17997585424756873 0.509460520465268 0.11449212047058867
4 0.6275853100546556 0.10233576171263027 0.6678897672226185 0.0727793231082532 0.7066982180782588 0.12570006663805744 0.6663937909771676 0.15525647060156447
4 0.7300264470542288 0.11176434244775928 0.6779136897065428 0.08150533539648191 0.7294580181505808 -0.00726530540963701 0.7815707055741541 0.02299367517155486
4 0.3101489964345774 0.23541309319943338 0.3337898432163229 0.26872422532872964 0.24856355817871645 0.3292074815328086 0.22492287829834368 0.2958964991702594
4 0.4044425520377217 0.30484925732058743 0.4024031438743805 0.3435989044711678 0.35945050279622137 0.3413382731068105 0.36148998814314837 0.30258870728165244
4 0.2794113361178461 0.3852827805517732 0.3018157998328661 0.42262149202843685 0.26304055749324107 0.4458865748796989 0.24063621664049606 0.4085479704055323
4 0.12882998929671885 0.585619112132699 0.06831244129341485 0.48879866620219287 0.14555955930438813 0.4405196868839262 0.20607703057373783 0.5373394299523852
4 0.173055209750828 0.6424370682121615 0.1521708071059038 0.612273747486017 0.22407777511023141 0.5624924924495698 0.24496211283212688 0.592655570570936
4 0.000976555965849002 0.5410156249172975 0.037635043354725894 0.541479606884803 0.036658487352838165 0.6186280412865044 0 0.6181640624999999
4 0.08814512942399233 0.26543201084264967 0.12457692962675537 0.2976991953616173 0.06840594463767502 0.36111794833845473 0.031974267192708794 0.3288508942966927
4 0.1812905097131079 0.2350297661069818 0.1888661650581298 0.2842700020065798 0.14542319595807385 0.29095351104733974 0.137847637344521 0.24171336125472612
4 0.3195429809172765 0.5840302565474773 0.28318952722463564 0.5269084222115965 0.331214241908242 0.4963473414965873 0.3675676618944408 0.55346891084331
4 0.3771598804851237 0.591760704625706 0.34109631608646396 0.5247911010259996 0.4049231833585054 0.49042306124207896 0.44098678500324695 0.5573922666291066
4 0.5485563200821844 0.47546510145163584 0.5270469815528713 0.4493481180379467 0.5647345731554196 0.4183114472028651 0.5862438615332621 0.4444283434382591
4 0.6009792746324365 0.491247387386375 0.624174749724375 0.5191462365725967 0.504938197501815 0.6182713223075968 0.48174311116315494 0.5903728363971329
4 0.05899085115459002 0.7227255035302558 0.036583082717697835 0.754871046061142 -0.010023835084552957 0.7223876367026644 0.012383877150341505 0.6902422958766261
4 0.09979686437759483 0.6953237558472204 0.14259064390500953 0.7244187223392881 0.09972364092050157 0.7874581202808096 0.05693006387866717 0.7583634031787306
4 0.23839404364400707 0.7659173760520471 0.2594073816904938 0.806319055212263 0.1859177578701292 0.844533662272059 0.16490489924240137 0.8041323938925035
4 0.8352223135767645 0.7209242476383568 0.8588574911738078 0.6929963964487494 0.8967683152985728 0.7250751253683466 0.8731333003420332 0.7530028236224227
4 0.8222655548455577 0.7363280027484101 0.8222656861682935 0.7636718558315577 0.7675781006790885 0.7636719057109453 0.7675781402333541 0.7363282245608457
4 0.9565705026151363 0.6853994602181661 0.9576873543588817 0.6597176834384654 0.9870984363418529 0.6609965466303963 0.9859816653878397 0.686678245510468
4 0.940347213467021 0.689214585223689 0.9336686098241671 0.714971633058189 0.8965240100997107 0.7053416449176354 0.9032026812810727 0.6795847022226795
5 0.11718767182378542 1 -0.0000012323406508585322 1 4.107736231162562e-7 0.88671875 0.1171854572404527 0.88671875
5 0.2891662874179701 0.8797830080352356 0.3063067812643112 0.874465029896343 0.34434101552926677 0.997022181877898 0.32720056475079673 1.0023400624615788
5 0.07309889239127187 0.4876428433863552 0.14391334743334028 0.5255952597855308 0.056175408876015354 0.6892860916335681 -0.014638614615705592 0.6513343035044737
5 0.1396483903566832 0.4257811804119564 0.15149726026527333 0.4432712358283952 0.11621393594953133 0.4671728664275085 0.10436512297110312 0.44968286163159243
5 0.18741462999969372 0.4919034886907475 0.15168009549688577 0.5171262017677497 0.11227486973950818 0.461302060539643 0.14800915537500714 0.4360794716332445
5 0.1799142321913223 0.6784504900907943 0.14799440718354617 0.6352087268455922 0.2410139383666774 0.5665527491666515 0.2729335813456828 0.6097940308125562
5 0.21418046479527675 0.5287482390392872 0.234927569421302 0.5596598188848521 0.13652481809492656 0.6256981579628371 0.11577807728917833 0.5947869008448368
5 0.41981226645054903 0.3025860359862072 0.45111792060924927 0.3423314380075338 0.30170401026350646 0.46001208441768365 0.27039883504573936 0.4202671255808879
5 0.21914549423763674 0.44573505289446474 0.24741383477112322 0.4659252086389029 0.20333657714195397 0.5276334488853002 0.17506833129607458 0.5074434066937242
5 0.0009765625 0.29492187499999983 0.028840328236697133 0.2944796079305412 0.029816887808351566 0.35600304682357675 0.0019531220959834172 0.35644531254609296
5 0.342630472797282 0.02560605680116485 0.3740294874189658 -0.003062581145207599 0.4139034310412626 0.04060891626366168 0.3825044241253863 0.06927754566288365
5 0.5119881459712587 -0.012998384464129936 0.5222925655579047 0.012762661753650954 0.4630253221480416 0.03646955715790568 0.45272090549963195 0.010708513244519116
5 0.1918836718749617 0.2570303312500289 0.14754691824066413 0.19777745772267105 0.4112891913097201 0.00042891833103091874 0.45562601548328985 0.05968164138401077
5 0.02068185135715339 -0.004920305367473862 0.060606190835414964 0.0028698030594833763 0.043154548755637734 0.09230949367090707 0.0032302102232506513 0.08451939033264651
5 0.14416571427284453 0.24374760808544713 0.12201734923371532 0.25990980922950624 0.008982617482843125 0.10501072308093622 0.031130813262507218 0.08884861218993376
5 0.12973533349600075 0.24557789240402692 0.15494186529872422 0.2595811897203579 0.12969859506188186 0.30501907691478786 0.10449208472527971 0.2910158103151157
5 0.2636718607327566 0.2060546701580396 0.287109593052719 0.18261730082006847 0.33691410506685315 0.23242191954227165 0.3134764288307679 0.2558592332660134
5 0.6887528847121303 0.4287451066286377 0.6400995470927455 0.5086763803187674 0.3016021212011992 0.30264068235452 0.35025544640632233 0.22271097866851872
5 0.9975209733003112 0.16571508676921343 1.022310951336408 0.202899466014688 0.9292368949177217 0.2649487412575904 0.9044470689392483 0.22776449674297922
5 0.8840362296881494 0.23056477286136676 0.9233605227486805 0.2671761237286356 0.850305011666137 0.3456430078609976 0.8109808864803654 0.30903182911709237
5 0.6906516697738425 0.4335795425006626 0.6673860621099266 0.4008415729974654 0.8231984734883326 0.29011589883694044 0.8464639803805767 0.322853530091156
5 0.5470043830642908 0.6445146184287283 0.5951684454576025 0.5283017339674088 0.7869622401610741 0.6077812817389854 0.738800948600101 0.7239917932771633
5 0.2174517460316565 -0.0016773893314316712 0.251953125 0.0009765624999972651 0.2487247245171602 0.04294577152376033 0.21422334554370082 0.040291820047275925
5 0.2814453089397375 0.08164061451520849 0.2971495117451468 0.07332665352270257 0.3173405902864488 0.11146539332276242 0.3016363911810913 0.11977934898906652
5 0.47323676439407336 0.8980748377787862 0.49135896144207436 0.8847888821925249 0.5458150853544339 0.9590484859299205 0.5276930361005725 0.9723342684627215
5 0.3549988506695172 0.7477472590367653 0.3809452859866269 0.725841475465293 0.4671551281504662 0.8279345099835766 0.4412090187973945 0.8498399418282112
5 0.6647201193394494 0.8978308213697013 0.6958303837263884 0.9471767558592464 0.5619048208868662 1.0315851909109965 0.5307958729933944 0.9822404082700454
5 0.8024336916888615 0.8588044747299256 0.7272232559364511 0.8455346129206759 0.7442914288403699 0.7488204835964035 0.8195001021498456 0.7620901865901121
5 0.2911463224927502 0.7749234875251406 0.29157117166619173 0.6574364848320173 0.7464338876727652 0.6590715560185962 0.7460148807963378 0.7765528595531095
5 0.2930346414854057 0.7815231051515903 0.2723031541132741 0.8150064331482688 0.2403644680512116 0.7952349745679241 0.26109594061824737 0.7617517984249615
5 0.17378187924236954 0.8744332221043262 0.15154109087905 0.8556181990773273 0.17709969091640687 0.8254128123513226 0.19934034104676357 0.8442277391662035
5 0.16463648661101615 0.8656457461065075 0.16287849888442452 0.8972865618703602 0.11474147940452895 0.8946124186213292 0.11649965928700112 0.8629718074970479
5 0.07292133452813232 0.9491759929550023 0.05613056402489747 0.9108064300436883 0.11340452177375937 0.8857494195077076 0.1301953932215838 0.9241186452616114
5 1.0000000897440486 0.7021484359791196 0.9825923746944909 0.7024434420945979 0.9816159283964225 0.644826254369019 0.9990234375 0.6445312499999998
5 0.8173828125 0.7851562500000322 0.8166155945793889 0.7506244960701106 0.8745295106286903 0.7493379171445196 0.8752969567279933 0.7838694378750055
5 0.9714026466799623 0.6877959350712451 0.9905253643449896 0.727212971880528 0.8955792377192893 0.7732666386992544 0.8764570598000319 0.7338500613858752
4 0.47031234448866144 0.2966795026609894 0.49860331526440405 0.26030668092783416 0.5643179604496709 0.3114185236549234 0.5360271418371667 0.34779120566428673
4 0.5432518769067656 0.38039445218300716 0.5256935509678442 0.3596444591825377 0.5637795196370234 0.32741793819182674 0.5813378115240084 0.348167876470352
4 0.5908201668592028 0.3046873509802464 0.6035156724203716 0.2919922267606847 0.6201172459867621 0.3085938363912489 0.6074217543298346 0.3212889466917973
4 0.6025393847248779 0.3945309451802405 0.5839842773433475 0.3759766278915166 0.6044920458458591 0.35546889488084543 0.6230471223316272 0.3740231813300459
4 0.39929356681318495 0.19256857377907555 0.3891262044157884 0.17528416827003848 0.43269999805306725 0.1496525830112175 0.4428673602097888 0.1669369660574108
4 0.4770118830604133 0.140529928109529 0.4745834800546618 0.10410324135254526 0.5391402819608402 0.09979953671730789 0.541568725214006 0.1362261789917032
4 0.6113286505016049 0.9667965089917611 0.5931613979583972 0.9425800478890255 0.6183181456243574 0.9237125818476368 0.6364853542396531 0.9479289332493718
4 0.33796028588392346 0.6934663576439014 0.35594615370484917 0.707663509429033 0.3356980354845973 0.7333111159104821 0.3177122125725873 0.7191140144887784
4 0.25980487704896404 0.7573907592455189 0.2819113466929366 0.7318880852062468 0.33106007950163985 0.7744842061866812 0.3089538139427077 0.7999866868547629
4 0.3473242393919236 0.9504234914356928 0.3702364822557911 0.9302944314592468 0.4163713437757224 0.9827935529316388 0.3934592961549015 1.002922406005982
4 0.3906257325709248 0.99902313593325 0.343863790311957 1.018272884368215 0.28234236771857013 0.8688617497256661 0.32910246553399247 0.8496124248362905
4 0.08789067879274626 1 0.0634765625 1 0.06347664139548215 0.978515625 0.08789059989692305 0.978515625
4 0.03376868962345725 0.9172303160894985 0.0137839964882005 0.9318821949383659 -0.01689094956691406 0.8900528142507634 0.0030935458851217845 0.8754010409860853