5 0.17031370069059903 0.34983021611458054 0.16417167274482836 0.3922924453131622 -0.0061423566319263045 0.36765713410250533 0 0.3251953124999716
2 0.0009765625 8.386228164015133e-16 0.06246191860066119 -0.0011179152254766754 0.06343848088431514 0.052593022485057636 0.001953124733745426 0.05371093750484156
2 0.11447792300691617 0.14168478642695662 0.07610188397018192 0.1719816113188202 -0.0021398232402134454 0.07287557543184567 0.036236113198810926 0.042578812840172044
2 0.10571855577279621 0.1333981317573207 0.0648236066691652 0.06814012369367588 0.2036229280229236 -0.01884059755610571 0.24451788062265223 0.046417333293521566
2 0.5703124997061195 -2.3258499692755275e-8 0.5703125905730531 0.09960939818951094 0.36132807365083863 0.09960933879690019 0.3613281383479716 3.106648456597838e-8
2 0.2118534478802303 0.062250809697529684 0.16606950416530708 0.008142509854852584 0.2104593304628679 -0.02941809438639544 0.25624326521835883 0.024690192552235327
2 0.1776433595407525 0.27244727239025834 0.14543581309715137 0.22890255355174133 0.34138734494990786 0.08396976445783533 0.37359477650011286 0.12751418286543872
2 0.3073690970181815 0.11550358239278123 0.28638088806462747 0.08664485013261208 0.32133656165831326 0.06122256184121543 0.34232476472141116 0.09008127713159741
2 0.2749259709768239 0.05547622827546033 0.3126120758183788 0.10283788145409718 0.11249892609100698 0.2620682108389894 0.07481314155916152 0.2147068480044221
2 0.07975762063858838 0.32511235402463845 0.04061745566036734 0.31840276893390895 0.05316343684853564 0.24521873987468562 0.09230335664562972 0.25192830359522794
2 0.1675943431093856 0.34019152563440136 0.1135014850041216 0.33400964474916445 0.12415341236135191 0.24080733726832246 0.1782458197824326 0.24698919193081742
2 0.16546618670315638 0.35556592384202607 0.18540784312858705 0.43817305248917543 0.010584844248228364 0.4803723587814726 -0.009355714220532718 0.3977661865797455
2 0.10251487573248141 0.2595059652566423 0.12330382859965994 0.24267720048904978 0.14390797992712123 0.26812946153655376 0.12311904715204491 0.2849582041105116
2 0.10093058152403955 0.2828010711952564 0.1160960510434279 0.28659233138107437 0.10569854775462773 0.3281823594272762 0.09053308094507884 0.3243911068217416
2 -0.029179412917414993 0.584980446007695 0.008900831127903075 0.47790080462588486 0.2403213812846161 0.5601904450341522 0.20224381366779198 0.6672678307197608
2 0.2900627042143924 0.43073428892968274 0.33417341632844 0.39731944782957185 0.3967892818676546 0.47997337847604665 0.35267878188756185 0.5133879776481591
2 0.011149613545171633 0.7827780058828688 -0.027246610877909916 0.7337965943219529 0.07634655403523993 0.6526034684218781 0.11474245077761225 0.7015841851755255
2 0.4013671827572125 0.46289061456662156 0.4052469043900828 0.4714254116547792 0.3945047131503543 0.47630822737895073 0.390625 0.4677734375000176
2 0.40238613561894 0.40435495259856263 0.3746882017456983 0.4244980057450547 0.3451696334080907 0.3839099909017402 0.372867452164769 0.3637669983335387
2 0.44000205512486446 0.44931768363246116 0.41355299139456747 0.47116567812033344 0.38232264305167973 0.4333605565524458 0.4087715981089559 0.4115126342470885
2 0.07882777314705436 0.6230071284463208 0.11257957829127463 0.5976967599500769 0.16671996313812087 0.6698850640222829 0.13296835290771014 0.6951952079019851
2 0.07156832133239277 0.6583274177744196 0.0908203125 0.6425781249999933 0.13328685969997878 0.6944822280033809 0.11403496718855877 0.7102314116295111
2 0.393960710466672 0.34890981020044426 0.43734246013434586 0.3159413135855147 0.5056889285383477 0.4058717942674968 0.4623073683748089 0.438840076304901
2 0.6018179191263471 0.288152826898773 0.5499768520297721 0.22278888341777184 0.6271240282701456 0.16160341640932688 0.6789649892998568 0.22696714353064817
2 0.553497661263691 0.36011189025766643 0.5002019782697289 0.39958896618076367 0.4364013952829282 0.31345819326422325 0.48969668213806017 0.2739813320797136
2 0.7338271017669058 0.07231318399520775 0.7991856900395078 0.15401086689786705 0.7221323948224381 0.21565333528966577 0.6567739966482122 0.13395582922498775
2 0.8075081321005655 0.1362924218801758 0.7531180032852944 0.07353461273925532 0.8340190781282217 0.003420472581081551 0.8884091561487821 0.06617820711617249
2 0.8883008656154061 0.0647942812014934 0.8493279234334068 0.013829653924822926 0.9225488048223269 -0.042162748612436 0.9615217313313451 0.008801855414110223
2 0.9062497757037136 0.19531214935455646 0.9956838463981512 0.12651786317830863 1.053914350940886 0.20221817030641473 0.9644804791118986 0.2710122444333934
2 0.8253410046038425 0.34931797069417536 0.7627874057226336 0.2581703444518519 0.8545084486872838 0.19522485219710387 0.9170619365445418 0.2863720471418245
2 0.7496526893972941 0.27053461802167145 0.7815899486013222 0.30865202097806765 0.7192801367152697 0.3608575150704032 0.687343036426455 0.32274026110166043
2 0.6397475517039766 0.4108099656873726 0.6148847948943512 0.3640696145021785 0.6844933493936196 0.32704404201766873 0.709356127474166 0.37378418563303284
2 0.7985872284576772 0.33551691279231893 0.8156552203058709 0.3653844820315209 0.7456133410852317 0.40540843200569027 0.7285455058233765 0.37554099806610225
2 0.669975057510328 0.4557376406965662 0.6528186245542429 0.43171972391812236 0.7202542093410784 0.38355182144565125 0.7374106036530748 0.4075696128010619
2 0.8294951744521768 0.3801492727878576 0.8469177969088832 0.4111207999165639 0.7434312314027238 0.4693321433917458 0.726008883686518 0.43836085357293864
2 0.7177733964788331 0.443359340544495 0.7408139912403158 0.46271213390231064 0.7183823143487871 0.48941649738221177 0.6953417638067094 0.4700637520209109
2 0.8784667676242179 0.44951383824403857 0.8141863922182893 0.4983640936310366 0.7866367350353585 0.4621144946359153 0.8509168383592396 0.4132643939027118
2 0.7785537129921067 0.45865184532200176 0.8087307093855998 0.5020276747749653 0.7413196090274141 0.5489222613948141 0.7111429184689086 0.5055467057057333
2 0.842146336032215 0.36407129011945466 0.9365342877804324 0.3036660038598279 0.986299532908788 0.3814251981455294 0.8919118295199269 0.4418301662727987
2 1.0000000907277808 0.4619140625 0.9687499181120529 0.4619140625 0.9687500602121872 0.4042968749999999 0.9999999984356691 0.4042968749999999
2 0.962710116981043 0.3498069381208081 0.9390013230896557 0.3671928236472423 0.9055949410501398 0.3216386996892263 0.9293036387932716 0.3042528656276819
2 0.9158818022280002 0.46884734061707095 0.9565236415978688 0.43890343976348184 1.0406408949326078 0.5530647233816168 0.999999340201839 0.5830082986198559
2 0.5875606288836934 0.4535620344521847 0.6215439855167233 0.4963117302672363 0.5448811969489498 0.5572487871733376 0.5108981907421821 0.5144994145299682
2 0.8161071423448902 0.7378313698168381 0.7696802741301099 0.768778083819921 0.7092833729237782 0.6781826997688468 0.7557094419914847 0.6472363498628404
2 0.7032671337294687 0.6797195903766898 0.7245987646604135 0.6663892614945097 0.7401253169639403 0.6912318741851521 0.7187937176415744 0.7045621622733854
2 0.599909369234183 0.514121852557647 0.6224460426146834 0.49909871874260064 0.6448321916699342 0.5326781514545504 0.622295557162829 0.5477012369461379
2 0.6339526487678313 0.5951700323370351 0.6723352481982374 0.5528560387309139 0.7435338083911347 0.6174326151511443 0.705151600529689 0.6597462315246058
2 0.6040671350120874 0.5574320219073463 0.6358418945783342 0.5929412516165107 0.6091230088221664 0.6168475126425835 0.57734836800023 0.5813383967297007
2 0.5695664809480832 0.6065037414870902 0.5385452668904236 0.62511448916866 0.5204497753641135 0.5949553379696529 0.551470834273573 0.5763446504923856
2 0.5835172971085285 0.775348353099519 0.5395613810752593 0.8037025398661334 0.4758004536872704 0.7048734922232791 0.5197554964942128 0.6765196836646614
2 0.6142575996477717 0.5468747297958775 0.636719700370918 0.524414818099438 0.6669930759403542 0.554688413847786 0.6445310557489847 0.5771482448375512
2 0.5366030060915818 0.6685533666873914 0.5640564871130209 0.6491775399383415 0.6224603036175722 0.7319175259992609 0.5950069978597412 0.7512931429256933
2 0.47291267546791005 0.6758930561225325 0.45225933417248143 0.6511119352515014 0.5075874570810583 0.6050056300515031 0.5282406948863354 0.629786577464045
2 0.6054455107084777 0.6292046084060785 0.6315040888950989 0.6068717193585179 0.6822384866387665 0.6660625314600787 0.6561800690247992 0.6883952481356465
2 0.4996408912682 0.5280752214124965 0.5272075730249526 0.5628925760459819 0.4396114274095453 0.63223940899178 0.4120451180084501 0.5974223972679877
2 0.13787933698313282 0.7623064304338905 0.17167606119517131 0.8029676651919228 0.04148104545049591 0.9111585590593316 0.007685254557600274 0.8704981988765874
2 0.0009791015423843419 0.9177570562391163 0.029354135579524154 0.9180988267823252 0.028375033967563468 0.9993652039977351 0 0.9990234374999994
2 0.09735802624516054 1.002905645864258 0.04597857025066787 0.998954500881141 0.05105717583853675 0.9329390724170153 0.10243563829340019 0.93689017916099
2 0.24985724428279354 0.9110464942610579 0.21081654345402967 0.9444011349212098 0.14090768593712255 0.8625939865401948 0.17994769403537703 0.8292398372295166
2 0.18467175712441986 0.9302628948557412 0.15092351794282877 0.9594281743940617 0.0980881511594589 0.8983055761971519 0.1318359375 0.8691406249999742
2 0.17408233314370136 1.0000267516876116 0.17358194389908022 0.986518062249581 0.20283865212854835 0.9854346258916066 0.2033390988441397 0.9989432555113119
2 0.38289145595217633 0.9156806965976626 0.34660164414663086 0.9414290280671124 0.2681112850808631 0.8308298649115327 0.304400166800292 0.8050820043340692
2 0.22238287059337836 0.7485058271545056 0.1911382994341011 0.7025636868974241 0.33506120990000454 0.6046974529679205 0.36630558108845435 0.6506387625481649
2 0.37739425510039837 0.6659844290763679 0.3986266576755497 0.6947051767280495 0.2594683690257398 0.7975629093488933 0.23823657668992837 0.7688427155798238
2 0.49596332187752523 0.8347757945514054 0.45900918787015144 0.8611669388511609 0.3790364574539353 0.7492062449163349 0.41598973309942266 0.7228155387891844
2 0.36990767330030394 0.7569381188529746 0.3906998147286913 0.7841223743978791 0.33393421673758894 0.8275315428757474 0.313142332941311 0.8003475223757182
2 0.6163439530379264 0.7797078891602197 0.6599848175460465 0.8387393351475854 0.6219820759589538 0.8668279290037862 0.5783415985864622 0.807796833344386
2 0.6306650969494285 0.8763677959537738 0.6037877074354583 0.8965214724391004 0.5630059516851134 0.8421460008221606 0.58988301656575 0.8219925045744465
2 0.34699144849446384 0.8112877281858013 0.37043090792110434 0.7937119944915753 0.4160167889708646 0.8544939192047056 0.3925774766480572 0.8720694830726207
2 0.4308642552019819 0.812997946684071 0.4038623390314342 0.8376471550847637 0.3703734088120427 0.800968871302831 0.3973751406950896 0.7763198126929076
2 0.32283627196989073 0.8305500516400823 0.3548299057177928 0.8125576145014293 0.38004912724488804 0.8573922155497877 0.3480555792873474 0.8753845336607025
2 0.5156701153042604 0.8524108027324352 0.5636185264094138 0.9192663706821061 0.40532922425541074 1.0327575757736438 0.35738289467678896 0.9659038749936802
2 0.962890625 0.716796875 1 0.716796875 1 0.7919921875 0.962890625 0.7919921875
2 0.9373517448436814 0.8098883878516974 0.9736555236730737 0.7833307131671243 1.036302907092363 0.8689509070714396 0.9999994392828739 0.8955082226836629
2 0.8629292518636476 0.8109504393311185 0.9009534325549566 0.7827906536415373 0.9537163017135981 0.8540218657512263 0.9156923949774409 0.8821813341750032
2 0.8919609080385271 0.9478808872626271 0.9103702683574966 0.9717377294048721 0.8695436125735796 1.0032326416510415 0.8511344521962201 0.9793759826882907
2 0.9431582754447163 0.9622390446020103 0.9609375 0.9833984375000336 0.9338676514923918 1.0061370981242475 0.916088546493711 0.9849778174470648
2 0.7938428512975406 0.8435120908975263 0.8405956821335394 0.8079885104518025 0.9113125703239575 0.9010389082450221 0.864560223211015 0.9365619376954865
2 0.9609375 0.953125 1 0.953125 1 1 0.9609375 1
2 0.8296811133683377 0.9346735935483367 0.809412335462639 0.9115151460932795 0.8293236505707 0.8940928387343617 0.8495923685829894 0.91725120061722
2 0.7448506401633495 0.8774358917644818 0.7703458167887902 0.8597901418682469 0.8342595221918145 0.9521119706697794 0.8087645739964273 0.9697574447497738
2 0.6478291880398501 0.9489529078836915 0.6701868410535781 0.9329878564842404 0.7165064227215225 0.9978361666111816 0.694148929180983 1.0138010298402893
2 0.8600801326359715 0.931602519341783 0.8378901348615955 0.9482412032758387 0.7716780537379009 0.8599593996863488 0.7938676058893179 0.8433209627982869
2 0.7417717361273617 0.8849494761259878 0.7654374553029584 0.9185710116250213 0.7309891469948298 0.9428123067466965 0.7073236482566472 0.9091909686301711
2 0.6718753022609008 0.999023228301713 0.6497324322069744 1.0143485331673823 0.6190061028694345 0.9699662813746467 0.6411487201141881 0.9546410988052909
2 0.5959302593415714 1.0000692849440944 0.5953412464630219 0.9770974631244089 0.6361296038450064 0.9760519153927123 0.6367187540527084 0.9990235955178935
2 0.7158328440125388 0.8016649880055847 0.689627559624455 0.8218767860189702 0.6568914487662596 0.7794412683508175 0.6830965076561597 0.7592296021724556
2 0.6622696065473974 0.9325498783311318 0.6837350853004409 0.9142698508148992 0.7452259963292818 0.9864561745871129 0.7237607529458501 1.0047359485888712
2 0.7618048248704099 0.7694735607949449 0.7182668130230923 0.8003666005748574 0.6584365589444587 0.7160606593260896 0.7019738549478234 0.6851679812049356
4 0.04524275890287299 0.08476728165218439 0.022336451809110258 0.02113853988718862 0.1309894151811477 -0.017976471659701933 0.15389574218966118 0.045652241009483216
4 0.2152891724942947 0.3607176153969296 0.1543931421219895 0.310569275324756 0.2156205041172825 0.23622218655118868 0.2765162048441425 0.2863703083447787
4 0.33906708372740013 0.15758292550918027 0.3892895925935136 0.21508291345686922 0.28315261345289855 0.3077848834344905 0.2329304044399123 0.2502851774483553
4 0.42293851341719346 0.20612835099985866 0.4546145291552648 0.29917298346488513 0.30963849845841196 0.34852643439995096 0.2779631801004143 0.2554823872620026
4 0.522431527499748 0.11721370130671745 0.48524903128043206 0.07552424689226607 0.5686279631579509 0.0011593512653948392 0.605810427072015 0.042848761124403986
4 0.49902352234755654 0.13281250915067622 0.45507809592822923 0.17675776908053195 0.4033202614430138 0.1249999357398637 0.4472656257123617 0.08105473810982167
4 0.6503906250244427 0.0009765610094248625 0.6498023837464189 0.03685959320712831 0.5836060278833202 0.03577440603977061 0.5841942758758023 -0.00010862296892608688
4 0.8222656250276259 0.0009765578947885807 0.8219558380252465 0.05271497562591947 0.6386025411184164 0.051617047110568276 0.6389123651258615 -0.00012135613609335135
4 0.976562366568146 -0.02246100936660631 1.0537110053920742 0.0546873660702028 0.8652342324744495 0.24316372458600313 0.7880858872836143 0.16601567095303532
4 0.5816021901091517 0.28252511139359404 0.5205749190731694 0.2803456045957009 0.5233990767196701 0.20127516173216162 0.5844259801561975 0.2034546618136816
4 0.7782654692016422 0.1665694268408312 0.8190610242044158 0.22193352425700075 0.670023810594671 0.33175039857471644 0.6292286850748496 0.27638668979326536
4 0.6278519454563138 0.3184656692299765 0.5885731657443785 0.3510578900474672 0.5473626683988186 0.3013940283927031 0.5866412986424621 0.26880190715342744
4 1.0000002695002195 0.3818359375 0.9414059663201897 0.3818359375 0.9414063324646804 0.2734375 0.999999997549935 0.2734375
4 0.7506967910818503 0.6178721883454229 0.7182072686438232 0.506192988708445 0.9126214535639292 0.4496386089400997 0.9451120669766624 0.5613159691274344
4 0.8756057685052383 0.7243232553633147 0.7964731568936259 0.6338956511754653 0.9199527916447323 0.525853502960637 0.9990843876398685 0.6162796654966871
4 0.9981137020579354 0.6800313661448866 1.0150310368692317 0.7099568629033831 0.9373503272356629 0.7538634539183092 0.9204333279377579 0.7239382473481607
4 0.6298094399327283 0.5046672519383627 0.6610682089745978 0.48657158352890484 0.6845139964220834 0.5270690729041732 0.653255276210075 0.5451646747426729
4 0.6338430706204008 0.4932246173646627 0.590793194280991 0.4906924348497639 0.5944167905536233 0.4290948651479984 0.6374662966143205 0.431627036781073
4 0.5782176051652641 0.7813659011215771 0.5774458775695166 0.7234328158217418 0.6793021808235835 0.7220759941980766 0.6800745761526059 0.7800084008860919
4 0.25592605178678696 0.47319303315895833 0.34689896631937245 0.5972357360677737 0.25003127589241103 0.6682701641946309 0.15905981186426743 0.5442287695119395
4 0.26347625584332945 0.3392573711359103 0.30722692005838326 0.3064456429878787 0.34062523846466775 0.35097697428821995 0.29687465846268424 0.38378860595474845
4 0.5976554256756117 0.5146489812567175 0.6210041881573716 0.5446660491497126 0.5689459426889698 0.5851556169389887 0.5455973611934724 0.5551387149863827
4 0.07282346710292131 0.818564303352277 0.10492701219504852 0.8605361332316739 0.03953463470702445 0.9105417261374612 0.007431587258452055 0.8685703510128228
4 0.21562415403923296 0.9154277425399314 0.2205628549523908 0.9960422261977366 0.09797459256628827 1.003548417534062 0.09303741920723496 0.922935381234821
4 0.324940816402318 0.9963794091864832 0.28223902872935014 1.0207736724796688 0.22689167183625614 0.9239153426899684 0.2695923681029626 0.8995214714354666
4 0.6786419288700927 0.9193315794244632 0.704420492040299 0.8960143721815548 0.7359771665825292 0.9308932447967126 0.7101987513605081 0.9542102974718439
4 0.556814613315396 1.0001623632469312 0.5556918051396451 0.9676039486017921 0.5951787566144731 0.9662425989533856 0.5963017505702055 0.9988008204429597
4 0.9430018025555 0.939781682663734 0.9173667610211851 0.9188128328777803 0.9525242649294796 0.8758428652973127 0.9781590588710287 0.8968115536713529
4 0.8354378784543997 0.9603934059127045 0.8418893126065541 0.9969390946047554 0.7911943430857491 1.0058853219749497 0.7847432277558255 0.9693399154264536
4 0.9811635041864974 0.8617742146851474 0.9629399550410653 0.8838296455242636 0.922206226098524 0.8501802795555911 0.9404296875 0.8281249999999946
4 0.09016390237798078 0.7155423245110386 0.13375498463221902 0.7729917528618172 0.012544011418640366 0.86494465915467 -0.031045901500533546 0.8074962958482111
4 0.11445550684061345 0.45721116787118554 0.10492681733001064 0.5191472386499979 -0.00852429880615091 0.5016936892884181 0.001004811210805201 0.43975814354830045
4 0.3572275277863355 0.5257808368919838 0.3060065429322094 0.5691188300561744 0.22999610687747918 0.47928885183917835 0.2812165276915266 0.4359512500612181
5 0.0009765576359086481 0.0839843749773768 0.06283023604134996 0.08427206220201554 0.06175459803148442 0.3155352297821505 -0.00009908046240525437 0.315247544684432
5 0.3209447470946998 0.05546083147990731 0.2896157017935366 0.07843546231062845 0.24416320554291815 0.016454795755782473 0.2754922300595126 -0.006519823608029425
5 0.06203909531245699 0.2206599625000055 0.030733808951708852 0.1768936657048363 0.24828798558314702 0.02128136362448623 0.2795932285928302 0.06504746321893318
5 0.23859058525101773 0.4166792255502562 0.21789018146637318 0.4324108659429001 0.16339280757188135 0.3607039837584529 0.18409306209525766 0.3449724282472203
5 0.09258714623479136 0.5076793649261807 0.14009898937047183 0.44116928478459233 0.22804152983167114 0.5039869521564592 0.18053030637213396 0.5704964741576463
5 0.20619116011073402 0.4929574538572247 0.17801733590306412 0.4622238371632368 0.28384042330810644 0.3652203242092856 0.31201402230362874 0.39595365659691
5 1.0000000061140781 0.10449218731472634 0.9867545847843076 0.10489356283899523 0.9857780279012331 0.07266700034423264 0.9990234375 0.07226562500000114
5 0.9521406280567817 0.11581969677953109 0.9676026842885221 0.1339706841638304 0.9299592139099104 0.16603734573050474 0.9144971785267444 0.14788637789736142
5 0.9514361609955131 0.2935757755962747 0.8814398246219071 0.30524166841604217 0.8571316630612955 0.15939071697362406 0.9271272940924291 0.14772488432295805
5 0.7757060239146085 0.4195197074518155 0.7600786518111136 0.3984834015931067 0.9143820936554903 0.28385901300819716 0.9300093924160819 0.3048951128522992
5 0.891529811374312 0.3049433948162333 0.9083528663743436 0.3308772210971529 0.6868563714230049 0.4745521251538378 0.6700337709592077 0.44861870193022574
5 0.996851817641982 0.6221970707686513 1.0225848941066715 0.6554108785437422 0.8984225626858233 0.7515934024183586 0.8726900787227123 0.7183801393503236
5 0.03477938883179377 1.0074324403755797 -0.012969490187174415 0.9720307521483323 0.12347446935791595 0.7880474834360881 0.1712213460490375 0.8234480790052692
5 0.25540696314556044 0.839470923733537 0.23637339884294306 0.8126551736002344 0.4005847783449781 0.6961201114017179 0.4196181477929031 0.7229352269473318
5 0.36518493005348773 0.96647515441187 0.3492758190635641 0.9457286130444033 0.5046996603649632 0.8265730927811267 0.5206085367544802 0.8473190893676685
5 0.26045782865094225 0.8424796498187109 0.2286646599695814 0.8653013965853793 0.1538685086730993 0.7611222193344365 0.18566099045096962 0.7383008258325067
5 0.383743815836624 0.9809329736699351 0.3387160818189159 1.0172722676431751 0.260472664704821 0.9203480593797482 0.30549934375005705 0.88400943749998
5 0.9090118280231536 0.47275870117267454 0.8890743939432468 0.4470224586172046 0.9861759212903962 0.3718036693197727 1.0061132591960131 0.3975397056852762
5 0.37783245227785756 0.5126854753981102 0.39314912578913663 0.5314039233874055 0.3201874529059978 0.5911001919885478 0.3048709382752577 0.5723818923726399
5 0.3382966586134444 0.541590422380594 0.33562395017315794 0.5570914263118514 0.26825688089854793 0.5454767048243423 0.27092965805081803 0.5299757884898226
5 0.655798971861941 0.29912862702035564 0.6690205469335524 0.31896021108318834 0.5908204029193485 0.3710936703911616 0.5775989338425234 0.3512621808090698
5 0.4404150506792348 0.4882615483012399 0.41966475849199014 0.45952027014922064 0.5649338795531094 0.354646090015648 0.5856840682113216 0.38338704308485977
5 0.539456303004954 0.21887666906980627 0.5109245690480293 0.09492216108044635 0.7903475040750436 0.030604533482061696 0.8188797295911172 0.15455842166562167
5 0.2430230391604482 0.02587609804714799 0.2942965564881206 -0.027928802105692752 0.5247134064542252 0.1916470409618747 0.4734401996906854 0.24545164618713777
5 0.4146358160566024 0.3034108741089463 0.441184400332304 0.1812949015906085 0.5972759757960375 0.21522942570568826 0.5707282894713899 0.3373445954491796
5 0.5478515957427135 0.21484375207998457 0.5371093278231456 0.22558588774716662 0.5195311782460976 0.2080077520260503 0.5302734375 0.19726562500001568
5 0.4577348181708203 0.4335548337489652 0.43304679268078416 0.452070021773653 0.3633201524553442 0.3591012748292145 0.3880079471364297 0.34058621461223354
5 0.3791477044703697 0.30617654275857553 0.40038125836701965 0.33212764521427945 0.339012549242625 0.38233842849328104 0.3177791104443486 0.35638743331724426
5 0.5622868215612016 0.5822586153788243 0.6060291146486634 0.5808477314919558 0.6074401490261607 0.6245899317858415 0.5636978562288277 0.6260008099958346
5 0.5123601599570975 0.791232506983201 0.5607839695098846 0.8301215941063089 0.4978023354083234 0.9085273281170724 0.4493789781662372 0.8696387437983555
5 0.31602431400108344 0.7037376919507019 0.46251117656879615 0.3353673576851464 0.6387973063253867 0.4054655996991098 0.49231725906952306 0.7738302227309349
5 0.8990525168843533 0.7251818082557699 0.7298087561248394 0.8621758292622861 0.49006453591846366 0.5660219189626204 0.6593000101453299 0.42903309115833654
5 0.5164674518201764 1.0246219394050722 0.47437876226081244 0.9577238525128272 0.8439277894947281 0.7252738029633862 0.8860160444163512 0.7921680148779948
5 0.018770315483379818 0.6972499295930547 -0.035979619391127926 0.626083566505342 0.03717096485900129 0.5698147764069831 0.09192061352416658 0.6409804889470518
6 0.23867296446769615 0.368808633514969 0.22479066013545435 0.35002731600322756 0.2916792938648314 0.3005879465075171 0.3055615673581542 0.31936918334422104
6 0.4805316971579714 0.1658145296768856 0.4671841080935337 0.14928899250521538 0.5266259574837022 0.10127838799834228 0.5399735335172409 0.11780390012358526
6 0.41948012621503494 0.18763822540400174 0.4331190684436024 0.2028815363271253 0.4064003081169858 0.2267877970128677 0.392761383765901 0.21154450325069146
6 0.36425780319621026 0.24218748783371147 0.37262906637215565 0.25313429555354205 0.3558099501653942 0.26599597564753424 0.34743869678300143 0.2550491768973398
5 0.9978616855332803 0.9062198182134308 1.008937201862409 0.9215505950568834 0.897193022063334 1.0022556361274313 0.8861178465089097 0.9869251661207494
4 0.6600422331322306 0.9467497845623332 0.6336156172953906 0.9626015378438489 0.615520619668132 0.9324431642578445 0.6419470289368974 0.9165914910625209
4 0.6705064378135148 0.9326302226927641 0.6563683312911053 0.9434389445971956 0.6372425022641437 0.9184282915183053 0.6513805251148597 0.9076196176999849
4 0.2772329601054935 0.833367757087503 0.29736821423568927 0.8707530567218994 0.2547412890664873 0.8937058815711606 0.2346063120440931 0.8563208201390976