5 0.38674973583022165 0.7398522687823681 0.4059826029222222 0.7659818946822171 0.10473841044756682 0.9876594621012049 0.08550695430801625 0.9615311187178175
2 -0.049091647702539376 0.05334058452555826 0.004857309522321884 0.014806203630045226 0.17126808822490602 0.2477834688830261 0.1173193269685271 0.2863175879009964
2 0.01944023203930101 0.3547732552983816 -0.019304045759326982 0.2997170736925442 0.0645386277057014 0.24071686906471584 0.10328282845739523 0.295772786162767
2 0.0038607153546763584 0.2707253606370453 -0.025340293820704574 0.23749709571530284 0.023951455642759356 0.19418025094179503 0.05315241365155998 0.22740844134480676
2 0.4831832313323048 0.09437358146120439 0.5187843276472677 0.1438190375775047 0.33098352770969086 0.2790351288699142 0.2953827935627942 0.22958999671057573
2 0.4942758411102659 0.0010817285766142359 0.4936508436088616 0.036706731310629494 0.4319921845853969 0.03562499738192759 0.4326171875 -4.732162192327872e-14
2 0.5217003407736911 0.1397958948888396 0.4851907742626054 0.08896886166447669 0.5666301622437686 0.030470308836442705 0.6031396967156297 0.08129726423825903
2 0.601636404438409 0.0799356004772149 0.571188751882687 0.03807010177820296 0.6002216951909531 0.01695524584320617 0.6306693431419035 0.058820732282961384
2 0.613341067825445 0.09109471014102326 0.6316548758246654 0.1181291735155577 0.5468806123536751 0.17555692579267446 0.5285668667356731 0.14852251844682862
2 0.49970960504663253 0.16971063026083946 0.5224345676356279 0.1534786853211925 0.5418338725821741 0.1806377622965751 0.5191089219491687 0.196869692826763
2 0.5017406689312338 0.17091709725673146 0.520637088910803 0.1974735084361541 0.35725984476789563 0.3137234286794522 0.3383636460391699 0.2871672153751671
2 0.4329908252871064 0.29090695697944224 0.525102999707201 0.42395241419552115 0.46538382960352465 0.46529577802174743 0.37327226838795013 0.3322508686899417
2 0.6072504802009462 0.3664747565864647 0.5438592303611358 0.40345176694193574 0.4613676616777411 0.262036685841342 0.5247581285207161 0.22505996589510985
2 0.5284206450465945 0.3820410701231611 0.5442599450574335 0.4053329328691885 0.5117255030885417 0.4274563404494068 0.49588626644583655 0.40416453409398434
2 0.4736327188802534 0.26171862277691044 0.4909609111703048 0.28526647020407825 0.43920311790282085 0.3233524673964949 0.4218750000001137 0.29980468750000805
2 0.7270593210258767 0.2469610687630812 0.6604559114086896 0.30427025831464566 0.5662502718261067 0.1947879681861667 0.6328532922589147 0.13747905819153788
2 0.5978443132777329 0.3642319116932591 0.5736509388193554 0.328873177639959 0.6845591208366386 0.2529890178312085 0.7087524463437376 0.2883475344962981
2 0.6747783768203135 0.17691616563331825 0.6418918459366978 0.2004063786717027 0.6119351166726119 0.1584669729444086 0.6448215859315951 0.13497679141436708
2 0.788472906902598 0.18363236001119912 0.7231685983291527 0.23706281145589203 0.6511157749170025 0.14899820861207944 0.7164198388359182 0.0955679153248501
2 1.0000788972376995 0.0009765341485039392 0.9995571542364132 0.15600862848995672 0.7094386644891983 0.1550315160571266 0.7099609375 1.9108176172230036e-14
2 -0.06454392828629807 0.48815011648153306 0.011049375145603335 0.43451019293543 0.17956162556629351 0.6719672647319203 0.10396942761485661 0.7256058109898338
2 0.001953125 0.7470703125000173 -0.022078877734657 0.7145611422684937 0.02383277236322101 0.6806268309834733 0.04786470255260156 0.7131358023178259
2 0 0.693359375 0.068359375 0.693359375 0.068359375 0.7841796875 0 0.7841796875
2 0.0009765461885535842 0.8808593748652325 0.069121429094821 0.8814223986423457 0.06814488278598674 0.9995864517183596 0 0.9990234374999997
2 0.3196021681693537 0.6368439370406812 0.3653585247037654 0.6952978258682151 0.0952201448778851 0.9067124582821204 0.04946630283802733 0.8482609060811089
2 0.22959717734715923 0.8216319756165017 0.24820785273982438 0.8476806489515345 0.14400470568307355 0.9221113866867499 0.12539452327928302 0.8960631564710265
2 0.30639417943700664 0.800513525415832 0.28980508362269575 0.7746389081515828 0.3750638960204924 0.7199862571819914 0.39165294460019595 0.745860566730899
2 0.3737497263264231 0.7836025415872667 0.39432568364736653 0.8115188623849552 0.15368504708192177 0.9888396918440562 0.133110331385069 0.9609244963229807
2 0.2422268165719288 1.0339548687426416 0.20035800660980385 0.9758175136082098 0.405881707062008 0.8278438001043986 0.4477498622162557 0.885979102662909
2 0.4033287905040197 0.8270901425074085 0.43890893050627255 0.8008790533591782 0.4751359157337447 0.8500449788232538 0.43955595176373663 0.8762558630076541
2 0.08207795880787216 1.0000147524054999 0.08162413700802063 0.9714066039796166 0.14407717160190714 0.9704160301000035 0.1445312574990112 0.9990239099373835
2 0.7468739674695826 0.6849136738608017 0.6822581005523034 0.730898026324265 0.5147994940757599 0.4956150372410689 0.5794130401434359 0.4496318685412993
2 0.5977208791946396 0.4355736647154348 0.6412700275828911 0.4040871088340118 0.7505862873996421 0.5552721547570876 0.7070375132094568 0.5867582655322532
2 0.7605761392784416 0.6595026231409861 0.7268343515693232 0.6123834567733296 0.9298941424949589 0.46698725264536095 0.9636355916202319 0.5141053944067816
2 0.899131604399031 0.4384312416811828 0.9226333465011294 0.4708225178876493 0.7670719109967195 0.5836815325496713 0.7435707049239682 0.551290739082856
2 0.8223479845742077 0.2882348886813618 0.8552215226443423 0.34693533592927694 0.7879568576183829 0.3846034497208717 0.7550835911002878 0.3259032377403345
2 0.8631574674193416 0.42068878812498584 0.7813224327994703 0.5315583197963801 0.6295728945111705 0.4195536441664927 0.7114074565965893 0.3086854198957519
2 0.7906321546166737 0.48713857917626463 0.749994413569425 0.42863972266028344 0.9835699241275506 0.2663878200821287 1.02420735311091 0.3248856454779646
2 0.952090273348972 0.18363582117882782 0.9792652885959114 0.16387246161517788 1.0241554938298805 0.22559670058500408 0.9969805193569528 0.24536001322757886
2 1.0000000118812977 0.17871093716053837 0.9829937840381717 0.17919682576760662 0.9820172375823404 0.14501713821488688 0.9990234375 0.14453125000000067
2 0.8935957042848486 0.3275830639891651 0.8460234672081697 0.25805587712056816 0.9101592724481407 0.21417363345105547 0.9577314555942849 0.28370059719995555
2 0.9150706563854101 0.20977574466385943 0.9523541593214304 0.18336708999801754 0.9989343548742227 0.24912764773648963 0.9616509145620284 0.27553622752684753
2 0.8123671713582326 0.28910393240369814 0.8406066217208945 0.26870940096762663 0.8774049772219996 0.3196611888454239 0.84916557779502 0.3400556604594601
2 0.9095513633523069 0.43224683572340183 0.9566502471687954 0.3981431202398078 1.013917428931677 0.47722725900452717 0.9668187463680624 0.5113307408748384
2 0.9568882932879887 0.3870284806215363 1.0040491607635431 0.3922682765628361 0.994974293970813 0.4739423140858902 0.9478134311743815 0.4687025464099966
4 0.5800934554262085 1.000002189964306 0.579731251195085 0.8385374635643962 0.9998982176770141 0.8375889734304001 1.0002698567209336 0.9990440873960149
4 0.8899976980452493 0.850332011356178 0.8597993861518489 0.808817613031826 0.903523266005891 0.7770186287326026 0.9337214815396919 0.8185327487426848
4 0.978515625 0.8125 1 0.8125 1 0.8642578125 0.978515625 0.8642578125
4 0.987964064200014 0.4859399190021699 1.0377164715717981 0.5561694132700278 0.7907682758756209 0.7310906466268167 0.7410180278185408 0.6608630994660143
4 0.7314452872650463 0.6787110778716441 0.763176131913383 0.6826768492789395 0.7592999296621201 0.7136864910748384 0.7275690874580505 0.7097207328081924
4 1.000010086679481 0.8104540470702195 0.7735691970683547 0.8114785202129273 0.7725935804346591 0.594774447385315 0.9990234375 0.5937499999999997
6 0.5636244654045868 1.0067321226023649 0.5331836292890557 0.9726181296884935 0.7410488530715611 0.7871812424975853 0.7714886970882162 0.8212939060616478
6 0.9243878921922715 0.817765991471604 0.926338601864586 0.8035575945012047 0.9810673025619963 0.8110697898525092 0.9791167008432922 0.8252780896357403
6 0.76077058596195 0.8246417397365207 0.7584964548813105 0.8037957184883705 0.8738495480102983 0.7912134344978126 0.8761239392717926 0.81205915851975
2 0.3434535663839142 0.6225970104756294 0.4128740591281712 0.5684438218812642 0.5903060848658015 0.795866648243606 0.5208870737734514 0.850018153594259
4 0.5036333729067337 0.8930446026160014 0.482785984567613 0.8598500796161275 0.5641313866843802 0.8087733714380512 0.5849787284853392 0.8419674822364177
4 0.32549830772052246 1.0238859338180968 0.2990511321017948 0.9842251416048245 0.47641030334773404 0.8659874411292929 0.5028572336153729 0.9056470207418255
4 0.622102698211279 0.8425273571532614 0.6690277798473971 0.8932291373808114 0.5010669182122456 1.0486351499473305 0.4541435517597847 0.997935026701935
4 0.06981026848382044 0.5098195727339336 0.006477213362813927 0.4685175764399757 0.08372229102394613 0.35007670356069825 0.14705447808341887 0.3913783177917516
4 0.06542936736082083 0.5156237225535207 0.12109715702263202 0.4599622481615123 0.2451179066554232 0.5839865774532159 0.18945094973730647 0.6396472252160618
4 0.087890625 0.521484375 0.115234375 0.521484375 0.115234375 0.5458984375 0.087890625 0.5458984375
4 0.17768446058028076 0.6189832299582222 0.15405965795275733 0.6363063075933716 0.1030806014373411 0.5667895476210909 0.12670515274248828 0.5494666040740814
4 0.24830049666684317 0.6136444928845267 0.18416833833384771 0.5115168317679707 0.2849290257654502 0.4482491477330854 0.3490610485171146 0.5503757836869039
4 0.3546382353355284 0.4894696688934589 0.24518332685249788 0.5640942619401994 0.11409198274259325 0.3718257122651579 0.22354455796357797 0.29720220334531466
4 0.23139435177677115 0.3184460456527991 0.2879689146892588 0.2742925964026387 0.4013105798841252 0.41951378425019775 0.3447364279586509 0.4636667695175334
4 0.4460455264365919 0.47613291428071647 0.4193592653008409 0.49545625945656707 0.37763996026228597 0.4378438919008507 0.40432603747001394 0.4185206429046588
4 0.47997165272920483 0.589668915164082 0.5085340500526172 0.5671228119085251 0.6135720797436761 0.7001735587585012 0.5850100191426009 0.7227192864276756
4 0.6015180969388894 0.6955934891664995 0.6285110216660996 0.7095531190953187 0.607624047144327 0.7499346148249645 0.5806311697452884 0.7359750547603678
4 0.45106243149143666 0.5369542334014693 0.4720778047483236 0.5183424647543051 0.5127933002289637 0.5643120079497086 0.49177801790597186 0.5829236806213102
4 0.3190489054978798 0.20994543478983713 0.22451872068427292 0.09131901486141525 0.37958862939581195 -0.03225121174572307 0.47411859095836917 0.08637476489735793
4 0.32617187601613296 0.0009763684007176751 0.32534254611323377 0.1594105568666856 0.1359147039340769 0.15841859862236474 0.13674439612259448 -0.000015199168596904368
4 0.0009765606721430231 0.11132812497898999 0.04773313481996411 0.11186555226177385 0.046692587920574624 0.20239328500454132 -0.00006398619564151886 0.2018558589169258
4 0.05237557393786574 -0.00018096113072772394 0.05321797656779381 0.020879093644623252 0.02427990154899362 0.022036616042898784 0.0234375 0.0009765624999641394
4 0.08203125000011369 0.12597656249996667 0.11425795635864233 0.09375006562572907 0.15429688774486294 0.1337890847614639 0.12207021662607076 0.16601554604858643
4 0.018913947462351643 0.02754101962732245 0.09614846715828662 -0.017512346938113717 0.15625503725584622 0.08552767621277571 0.07902053336295012 0.13058100233612507
4 0.32168125458485974 0.305215742034516 0.29425198429089505 0.3255660589243157 0.24547096063986373 0.25981785254216233 0.2729000985369794 0.23946760789861365
4 0.4672662395133784 0.05718424682646676 0.46064608848132593 0.008194980065677832 0.5307862422413336 -0.0012833916198821257 0.5374064064073991 0.04770585916933643
4 0.633329485483273 0.084099285184401 0.6611902685427822 0.10081569883797559 0.6418887913478102 0.13298481382964752 0.614028016179077 0.11626841058547742
5 0.6617142720788252 0.7326195622381773 0.7064176131589193 0.7900824731899586 0.38419521311902827 1.040692542469524 0.3394953966359253 0.9832328319967386
5 0.7170872319376258 0.7901682185910585 0.6890055866056173 0.7497641148379757 0.7887024377599801 0.6804843388124362 0.8167839410835995 0.7208878976082704
5 0.0013515165702528975 0.8524439068050684 -0.017020897136944768 0.8271867390275404 0.03314861941316849 0.7907002630486161 0.05152096682104457 0.8159572363317538
5 0.36138774845380794 0.5352585395504572 0.3887023675754335 0.5710667524557912 0.2816520759446348 0.6527157049249499 0.2543379336581211 0.6169079268675591
5 0.25318248308747116 0.6159366751414385 0.26801649717685905 0.6341588292628243 0.20077949220683422 0.6888867649743737 0.1859456468340568 0.6706647678641174
5 0.48221528977148864 0.8147417943300803 0.45228139363211994 0.8361203698443496 0.3065855526788255 0.6321520435213805 0.33651829265772903 0.6107740575321194
5 0.04305318475144304 1.0000254859089204 0.042404784882364766 0.9773317683108851 0.08154684877752061 0.9762137046975898 0.0821953785250571 0.9989072882656401
5 0.01776747760766284 0.8927935461060682 0.06517509659954612 0.8619870235297833 0.12271719720138208 0.9505153893488401 0.07530994242051747 0.9813214535144495
5 0.036800309702584855 0.8754069095071946 0.023871073344707838 0.8841968287727372 0.0036724150530744737 0.8544930024024934 0.0166015625 0.8457031250000098
5 0.05041323735667902 0.8228876959927265 0.026001670438176916 0.7893270207488348 0.16531670421090894 0.6880084379221869 0.18972805969633555 0.7215684666823603
5 0.2106622132089342 0.6849256195970921 0.21147830241329757 0.7012424339380159 0.14884183946787743 0.7043744529257706 0.14802586351959235 0.6880577463705974
5 0.9951615103202585 0.08979663460957092 1.0143353303652702 0.11573448804377054 0.4836906170170323 0.5079859750749575 0.4645176770150101 0.4820489072876953
5 0.8348046706886407 0.1309765274312755 0.8519922248690364 0.11808596276371429 0.8882031303141957 0.16636725270178487 0.8710155915618998 0.1792577996545126
5 0.9150134620203971 0.09687156035855086 0.9298751504946949 0.08550678811372367 0.954157008433981 0.11726001960923932 0.9392953263693471 0.1286247844115416
5 0.7615395900643307 0.20882837938634624 0.7733277180083178 0.21374001840497334 0.7580436617731721 0.25042177925127207 0.7462555376961291 0.24551014705242954
5 0.7505819130774398 0.2688127707012654 0.7368341061080628 0.2724305417658159 0.7313694030511897 0.2516646429233688 0.7451171875 0.2480468750000034
5 0.7740181902851191 0.20647696106696475 0.764120524199825 0.19262037509979887 0.7838893445216399 0.1784998033254299 0.7937870075068076 0.19235637941502384
5 0.9107121323976344 0.07378304830449213 0.9126802911360983 0.08952824419164508 0.8838341365830047 0.09313401507471773 0.8818659843059322 0.07738882513782233
5 0.919771647311336 0.10914963396895577 0.9024939695801777 0.08323318523269094 0.9196213759304328 0.07181491663221277 0.936899052116928 0.09773135792689222
5 0.7445131328438492 0.5497333113901057 0.6664490606123081 0.43804724671206696 0.8497677825887422 0.30992317565375893 0.9278313096674538 0.42160747805931537
5 0.9387768910339673 0.40639068701386327 0.9291266602372161 0.37971149219296163 0.9998670886766376 0.35412474157919566 1.0095173724663482 0.3808038208467111
5 0.4985444601192057 0.5216123570788552 0.44971858068606707 0.5645167227516061 0.40097224034627743 0.5090467385795542 0.44979778511367385 0.4661426231434626
5 0.10762875897808044 0.30037556210399385 0.1366321715987624 0.3469546375783428 0.008499143005110454 0.4267355138127289 -0.020503822897921964 0.3801568288950806
5 0.18554710033515676 0.48730469008994426 0.16116956586847664 0.4870245009237731 0.16322283776685254 0.3084157317934782 0.18759983683435166 0.30869591785285105
5 0.224013813637157 0.5053829608295497 0.22577950084689746 0.49231910530414547 0.33832488827749785 0.5075289833199685 0.3365593279429504 0.5205927239051861
5 0.25000064405958256 0.6103512033438292 0.23366971819018545 0.6194580445955714 0.17545497392165998 0.5150739528779943 0.19178563575985663 0.5059672030871616
5 0.3785582440673352 0.3652218907118779 0.33309205947000464 0.3968495266635425 0.2863763967404793 0.32969581673538456 0.331842311224932 0.29806831176078763
5 0.38867269434388163 0.5673819669710719 0.36914050161885825 0.5478514391292109 0.4091796875 0.5078124999999748 0.4287117880862752 0.5273429359100547
5 0.5507809999222673 0.17578130901433647 0.5697116090284453 0.20417661237705279 0.3668868840451296 0.33939260657442105 0.3479565814182024 0.3109975759004213
5 0.6181640604698941 0.119140624052615 0.6269317475972684 0.12323219016149432 0.6200958113219031 0.13788062731434964 0.611328125 0.133789062499992
5 0.5988642878104429 0.1388832496173229 0.6123491487147703 0.15808875493034086 0.5584066995904777 0.19596328551051365 0.544921875 0.1767578124999907
3 0.6026663425399192 0.0023728384639568573 0.6784412955620382 -0.04520672571683875 0.7476423174077809 0.06500245274298437 0.6718673969511428 0.11258197788355817
5 0.1877550760923441 0.09340850387570993 0.23468979831045544 0.16795141010386191 0.184959886230331 0.19926273444236792 0.13802527069924508 0.12471992078383781
5 0.24736865611066605 0.18540655278555665 0.2581510700729268 0.20181431983873793 0.21765767260581015 0.22842429457550734 0.2068752870429762 0.2120165526389671
5 0.24056784851018165 0.19343083822658796 0.2217035012369024 0.19552685614295146 0.2184880045230102 0.16658726511880492 0.237352321982371 0.16449124887314823
5 0.2597656273165967 0.2177734375 0.25 0.2177734375 0.2500000042471129 0.20703125 0.2597656247683062 0.20703125