2 0.19531282443836062 0.333984375 -0.000001689087184786331 0.333984375 5.241965936875204e-7 4.969616689786745e-17 0.19531116836355977 2.4848083448933725e-17
2 0.13218240021615202 0.05433954909285839 0.22884733531077472 0.01782219251554795 0.3180960592235351 0.2540709647657791 0.22143126492801457 0.29058809103187394
2 0.5157218064397284 0.20595548754407 0.40373329447834294 0.19155700602365308 0.43014675221456855 -0.013877899104757256 0.5421344727966471 0.0005205260698473535
2 0.5229372986664202 0.14024389951924493 0.5394915084395961 -0.008741540479650362 0.655249669523073 0.0041207088201923436 0.6386956723733874 0.15310594806679076
2 0.42356221654722503 0.12995061696830174 0.4058790278596689 0.12762388578190234 0.41657869912148726 0.04630661379422075 0.4342618536890086 0.04863334289089116
2 0.3984375036027359 0.09667968804040776 0.38458892957862645 0.09460240508543455 0.39064171594975505 0.05425055472597986 0.40449027740953625 0.05632783673316107
2 0.7434171776939138 0.09251881665919565 0.6468476139168615 0.10024437515381751 0.6401250796939166 0.016211868505032877 0.7366945164122853 0.008486314916592342
2 0.1721023304002074 0.8349946791681859 0.020766979385712148 0.8872652594432603 -0.10760756945171579 0.5156297759950536 0.04371544699108654 0.46336162221738175
2 0.0006905592540533689 0.47747517287079433 -0.013238708613585004 0.4393673350223608 0.1380236253081648 0.3840800764077308 0.15195307853491613 0.4221875207931016
2 0.1720552612064239 0.4255535802117871 0.15776942801323912 0.3852025202799153 0.3262614261601584 0.32555193720613984 0.3405474480711064 0.36590257427445233
2 0.16405531428301856 0.6069843300258032 0.23422121827979936 0.8074271419201831 0.18115067705662113 0.8260007946354027 0.11098622178496953 0.6255592119425774
2 0.24629712903833934 0.6060166745304759 0.17868907488445984 0.42010730115149963 0.31606332696742356 0.3701533790838161 0.383672269130102 0.5560607402995725
2 0.18563715946345383 0.5852097535672348 0.08702413568380507 0.620425798279663 0.031987974457706514 0.4663225284894895 0.13059862846807846 0.43110695046156294
2 0.2397007253063066 0.5802793192739356 0.19218209952930465 0.5980974721407569 0.13924665959825688 0.45693676236537634 0.18676424759632937 0.4391188269445544
2 0.13922438785039049 0.5069404762140468 0.15814136736742057 0.49997173134126033 0.19342123142973833 0.5957320313228524 0.1745042823725953 0.6027007163755564
2 0.1605755683224288 0.41709542041946285 0.17803545367758034 0.4561694678111699 0.112842173170975 0.4852984082963894 0.09538251364131156 0.44622455284595497
2 0.2214842891828539 0.524804415766828 0.2712894731077995 0.5082041717811565 0.2896484440996119 0.5632812657769117 0.23984329821280426 0.5798814299182268
2 0.4690723078481369 0.7217603354578724 0.24992849710952214 0.8001821693970466 0.16466917635216305 0.5619471567203799 0.38380342969060166 0.4835271628014482
2 0.2900389738016429 0.5585934839365633 0.2998057288153859 0.5878901816987121 0.24941420353673038 0.6046874635728512 0.2396476108257275 0.5753909037834956
2 0.2769240442627279 0.6773993283776197 0.353888485362404 0.6527748069105663 0.3873944498009223 0.7574827635394003 0.31043014120996304 0.7821069887499291
2 0.2328661449136007 0.8072749408036624 0.20847813875650445 0.7435005201623524 0.28731395176453134 0.7133582126351681 0.3117022147032458 0.7771320048920949
2 0.5958126603838991 0.226731862913602 0.6787681060436626 0.1969432330430654 0.8205498732838805 0.5917605319279807 0.7375948123283251 0.6215483678704666
2 0.5995084582044683 0.2220742629243463 0.7416047851377243 0.6210081024536439 0.5690582157596964 0.6824590376885088 0.42696766597362057 0.28353001198195643
2 0.6844489456746032 0.21719544796615678 0.8351536631860199 0.16239473839532734 0.8719919356528862 0.26370052871068256 0.7212873331793617 0.3185010209219278
2 0.8270963693432805 0.1369245235542718 0.9063978720829482 0.10796306237283998 1.0052347198253528 0.37859098998837004 0.9259333962988876 0.40755210769043987
2 0.8380307376885412 0.17292005207857816 0.8242981375733507 0.13291634169491365 0.9072261642593276 0.10444866392250886 0.920958801933125 0.14445230320684002
2 1.0000002009902573 0.27246093749999994 0.9472655108785375 0.27246093749999994 0.947265740705916 0.13085937500000003 0.999999998604153 0.13085937500000003
2 0.8459556520526803 0.49772559645767533 0.7913780203721217 0.5187156467925976 0.7651014211834308 0.4503963785758889 0.819678533795809 0.4294064398080517
2 0.9226243268589087 0.3960121853933886 0.9471002613248629 0.46025636318773167 0.8459005008509166 0.4988087404801396 0.8214251247816264 0.4345650355080031
2 0.9501953476697054 0.4296874822439443 0.9425778481481757 0.40683591768564425 0.9871092479140771 0.39199225095042595 0.9947267816813792 0.4148437482298731
2 0.8183573762478318 0.5876579062082835 0.8005262532994948 0.5359956887100913 0.9532111208314973 0.4833008316639567 0.9710425755637289 0.5349623665880943
2 0.43359375 0.9990234375000377 0.43359572973349714 0.9374973653344523 0.5683601336316997 0.9375006456510628 0.5683593749748752 0.9990255106242124
2 0.13478590644922406 1.0000283087409207 0.13448958536616828 0.9282818126381971 0.374912713998242 0.927285608046408 0.37521155594606626 0.9990295990651631
2 0.48259083869766073 0.9122815322570939 0.49554158372711754 0.9297983836257848 0.46022958143339565 0.9558985591447697 0.44727895725372946 0.938381817203105
2 0.46738522052078224 0.9847954246108084 0.4453768690416382 0.9325376927141442 0.5292480032569529 0.8972245546937205 0.5512565885284175 0.9494816145557121
2 0.4059040749820042 0.8747417739958643 0.4407142572998737 0.9769642953903452 0.30613412129389417 1.022778501271798 0.27132642374374427 0.9205580976034651
2 0.5174908198340518 0.8289939826611226 0.5595264074344186 0.9494612907304326 0.4538762461204442 0.9863153678181805 0.41184285550559707 0.8658499250830869
2 0.7788705806175358 0.7385789146709422 0.8150193547311346 0.8351959147115032 0.6627762952551848 0.8921424858353079 0.6266298286570873 0.7955274460466524
2 0.8074507352582714 0.8405063654255172 0.8617576782596643 0.9982031839471093 0.7170250478328626 1.0480279111547537 0.662722149791648 0.8903345006294975
2 0.7839748538802951 0.8444499610028047 0.7599756689675132 0.7436720143878596 0.793157554143022 0.7357717318206375 0.8171570196592484 0.8365492634923993
2 0.7793760923231048 0.7268695243754117 0.9447907366724166 0.6757779090836948 1.0376992252761283 0.9765212612996657 0.8722855479354621 1.027610798574158
2 1.0000321320017065 0.7157535696744965 0.9675993545655501 0.7163032002312282 0.9665910675898886 0.6567996270798723 0.9990234375 0.6562500000000004
3 0.9330779302752035 0.9057435408628411 0.9990234375 0.8828125000000092 1.0347665225195897 0.9855760225826558 0.9688211958996362 1.008506700966679
3 0.032400050679370906 0.46575785603223546 0.13210189383562465 0.4308651363492413 0.1864087715473488 0.5860289307690443 0.08670715968287368 0.6209211890600693
4 0.5312498390319433 0.8876940285437743 0.5792982527723325 0.8716822535905624 0.6183602093880154 0.9888698183463698 0.5703119306087956 1.004881310089371
4 0.6779195396795785 0.9543995075697982 0.6216461776995175 0.9723004789393395 0.5747189714729757 0.824813224904484 0.6309901486238232 0.8069126271144285
4 0.8396199964931839 0.7309086483950824 0.8168719809613094 0.7049146956730258 0.8622945589689834 0.6651702621905434 0.8850424545643136 0.6911640448073347
4 0.8762217497408074 0.6844351453797977 0.8957903824003779 0.6437989364445612 0.9493464601283677 0.6695856908702918 0.9297781201992166 0.7102216501766632
4 0.5075229051625456 0.6884415687867148 0.45963857697677213 0.7055415220996198 0.3408386921754527 0.37290026399554194 0.38872050142492753 0.3558008071361893
4 0.5360539955631793 0.5601867160333761 0.48195346896307 0.5765796163105592 0.43499834995066067 0.42162644260768956 0.4890976479091478 0.40523374182914396
4 0.007907159589649382 0.4117377453615314 -0.02265667314179609 0.3490034423989256 0.06448362621540582 0.30655071712639603 0.09504753283079026 0.36928469978429274
4 0.19223541238329744 0.059109596364865076 0.24264821600581854 0.03110261749074532 0.33210496141487056 0.19212499349710677 0.2816922341241934 0.2201318719614805
4 0.3339357638367346 0.06412166935140384 0.3797149263546089 0.04777204424018564 0.42025766912536255 0.16129193830570576 0.37447852355398936 0.17764153061925966
4 0.4316406251019771 0.0009765564842885401 0.43075213443125904 0.05339794635308177 0.3723075771534923 0.05240735567729152 0.37319608018663075 -0.000014022853118676842
4 0.423235744051226 0.24782085667153075 0.3956708577441077 0.20096098129251874 0.4823915909595371 0.14994894956014848 0.5099564726219796 0.19680867882668693
4 0.6778207863391117 0.15073076199626717 0.6947357707525725 0.18356533257435498 0.6343050016632787 0.21469631195350866 0.6173900899317459 0.18186180361196172
4 0.738069053124832 0.08440556935201536 0.7415416759523623 -0.002408681377264146 0.8156418544929238 0.0005553721437527872 0.8121692742944333 0.0873695824766437
4 0.7102201740979126 0.09763888644798373 0.7136685112704981 0.14936218984733785 0.6062033353859988 0.1565265734635154 0.6027551138232639 0.10480337963587882
5 0.6799524422441436 0.9883692277905242 0.5905951013155573 1.0205739263858595 0.22755622826525723 0.013368980780895974 0.3169029970106294 -0.018833893802973175
5 0.0007191615397914575 0.4325866936902835 -0.018576600915480412 0.3810006096505293 0.12145166503023574 0.32862499750651536 0.14074762824998288 0.38021064463344395
5 0.24373774784817215 0.3643758658861005 0.21904160077644974 0.31722993236389946 0.3007807247738583 0.2744143654833649 0.3254768968764665 0.3215600874445618
5 0.11551692029149763 0.341862344948001 0.11284992549997241 0.31359051634934515 0.23349632577958346 0.30220950333529273 0.23616347121890158 0.33048116581208536
5 0.1077832412972839 0.35007023186639996 0.10715592415226638 0.33062220324079744 0.16367470911768578 0.328799135277627 0.16430208123597367 0.3482471071148812
5 1.0005189358821553 0.0009801496917186702 0.9997703454421298 0.10804172778632078 0.8216894664727761 0.10679634479879184 0.8224382137702833 -0.00026509823645726394
5 0.44201849023534123 0.27340140759599935 0.42298724888621564 0.21319965958388398 0.6340400535126491 0.14648117045026848 0.6530715226124357 0.2066824748927959
5 0.7472956774937529 0.11050179867386248 0.7358323165148022 0.09576322531246043 0.757331724069104 0.07904147377193516 0.7687950823639085 0.09378004136418193
5 0.8090936817651482 0.09154801992675198 0.8249100053516258 0.132218099869456 0.6965378119532488 0.18214067725297217 0.6807216260402811 0.14147071412472617
5 0.7981849395997642 0.12018862301413877 0.7857518888058621 0.008288717834372458 0.998189844761896 -0.015315008001876879 1.0106230722774399 0.09658463585055894
5 0.3056640625 1.6809728453203665e-14 0.3603679925162169 -0.018832492027459072 0.38394063569558057 0.0496404514609304 0.32923670836441943 0.06847293742659932
5 0.2656250053173608 0.0458984375 0.20312498773296284 0.04589843749999998 0.20312500026670932 9.318031293350147e-18 0.26562499395697614 -9.318031293350147e-18
5 0.3140594294065977 0.1539900056763163 0.29772322356677705 0.15995899637173727 0.2401945474138074 0.002512299591939004 0.2565306959714917 -0.003456679781127303
5 0.49128522746184444 0.7259373990171135 0.534522876856613 0.8527576384960176 0.01099252880635504 1.0311910979902958 -0.032233820887313414 0.9043806125957209
5 0.9974212387000989 0.5215771244647772 1.0435549352177986 0.6422101689240126 0.6161431567452382 0.8056305070638444 0.5700159561662304 0.6850029304758749
5 0.9374006174657552 0.6830471370588482 0.9668279317137376 0.6719242492647719 1.0294261167866807 0.8375105561321187 0.9999989236783904 0.8486332193191728