2 0.6417904318501542 0.01071815668385595 0.6341810284171743 0.07463743211175568 0.404640207016314 0.04731110737695186 0.41224965624019205 -0.016608042099149196
2 0.3889812237296155 0.13218980118687196 0.3975727480274145 0.06908970725959832 0.6132055458746208 0.0984493226542065 0.6046142891318596 0.16154916916458995
2 0.740127049542707 0.191954454286752 0.6480368096306393 0.17946767875849015 0.6739671485213421 -0.011766103348607176 0.7660568751468873 0.000720635348640639
2 0.8213881602002857 0.20319957273984016 0.7719922945349253 0.19692710522612195 0.7977875121374609 -0.00620852643670489 0.8471830428853764 0.00006391810316575912
2 0.2128295420119457 0.2250473917656316 0.20308032716400248 0.2808853050613947 -0.0019781252096890967 0.2450821637739282 0.007771409527776996 0.18924468691883203
2 0.0471151503558076 0.29130364916731805 0.04292073009753494 0.3374423610668589 -0.003217948658630121 0.3332479838204772 0.0009765625 0.2871093750000545
2 0.22700026610209534 0.21056708626239867 0.2973127762666081 0.2164263534446052 0.2813913356037574 0.4074823936030698 0.21107883204876998 0.4016231783522911
2 0.19800883865400465 0.3388925192550133 0.1910973948206447 0.3911147266023557 0.04256164215269109 0.3714565019667998 0.04947344317679381 0.31923472360868804
2 0.38606325920784457 0.242448814428418 0.4384756633281768 0.25042438706238623 0.4224862698005154 0.3554978841236 0.37007387424023364 0.34752234987989206
2 0.6632362160630692 0.28883651671653465 0.6568061019067954 0.3402792191300822 0.4563249875437805 0.3152195574645141 0.46275550562131684 0.2637773402568342
2 0.358327188047042 0.4150640865184103 0.36389626801451413 0.36892845260187124 0.6204300998782628 0.3998918142850511 0.61486183382533 0.4460267068403036
2 0.7095704233521474 0.39921844353063607 0.7017968635585703 0.4536327692819723 0.62441375593869 0.4425782132471447 0.6321875409494169 0.38816416086587785
2 0.8053022150097604 0.3111690457354039 0.796572821193422 0.38275169126667785 0.6924148262128256 0.37004978668883853 0.7011445549650261 0.2984675329270663
2 0.20860996907356366 0.47145558486352657 0.2644638215269879 0.49350121322542917 0.22653086854631965 0.5895983225738417 0.17067711378922468 0.5675528778527535
2 0.18055350101292333 0.46389411243358863 0.17545914101901872 0.5326726853177326 -0.004975298869567268 0.5193074141668629 0.00011991359565399762 0.4505297708572528
2 -0.0011413992579036858 0.6363046502813771 0.0004389959954096412 0.5462827597733623 0.09460532406933453 0.5479356437085096 0.09302570302691038 0.637956781041805
2 0.1734904453545596 0.6579235469630261 0.12347884200255521 0.6444604206240234 0.14525999550119195 0.5635605933347201 0.1952708649558872 0.5770236158696368
2 0.55151432377113 0.7185421250115906 0.31692214368410987 0.6787851367029648 0.3483370474430103 0.4934650736425398 0.5829213949921268 0.5332213899853501
2 0.7600333378096593 0.5703494310793025 0.7043844157979038 0.5625850226222826 0.7298308066709751 0.3802256825711366 0.7854782406678851 0.38798998450979366
2 0.6984588457913787 0.47844671092406027 0.6860427883739249 0.5570786451860495 0.618945004245461 0.5464843417104852 0.6313613981571962 0.4678528252553064
2 0.7151777194677607 0.8825978106444328 0.5748079874530276 0.8634133086177108 0.6170165611454195 0.5546728641096966 0.7573770725869053 0.5738567365194109
2 0.0020707112198579125 0.7144341123378701 0.1652713890528048 0.7180601226790609 0.16154156170921397 0.8859025453140371 -0.0016591131619634325 0.8822766087858442
2 0.24772804679912497 0.8488661511098614 0.2604300906350545 0.7599996102699217 0.509258256955718 0.7955557336552272 0.4965593189157289 0.8844195022484846
2 0.720588831533064 0.8856152140415308 0.6999075431007213 1.0014133153519686 0.5553101210952036 0.9755927266511816 0.5759932761180835 0.8597970206289156
2 0.8700676240116536 0.821525000190701 0.9503254642492038 0.8382412169995161 0.922182648035232 0.9733278990110612 0.8419249026152329 0.956611998084618
2 0.9277136682120499 0.845000139319 0.8535101637120306 0.83449496824522 0.8891431663214462 0.582859311931034 0.9633426735355215 0.5933641976327776
2 1.0000000437497647 0.6376953125000001 0.9882812447867764 0.6376953125000001 0.9882813164696245 0.5839843749999999 0.9999999991897539 0.5839843749999999
2 0.9374994067762827 0.9990241730962562 0.9375040241020542 0.6679673809800892 1.0000019938672722 0.6679692538286719 1 0.9990234374999514
2 0.8653943813670821 1.0000148422017114 0.864664021573958 0.9598287489220255 0.9237351764752475 0.9587553810206878 0.9244658838935038 0.9989411204029802
2 1.0000002098601044 0.24023437500000003 0.9472655951099114 0.24023437499999997 0.9472658758155603 0.029296874999999965 0.9999999970442559 0.029296874999999965
2 0.9313068576196883 0.24373707492184307 1.0116790959704076 0.2513912542452409 0.9925167004834066 0.45259803618940114 0.9121444738949549 0.44494393994601705
4 0.21191406240029664 -7.478078968934663e-9 0.21263304356830304 0.05392270879683492 0.1373078759635291 0.05492703803822479 0.13658891248610416 0.001004335782176887
4 0.30078125 0.00390625 0.33203125 0.00390625 0.33203125 0.037109375 0.30078125 0.037109375
4 0.33105473027603693 0.13183593338735458 0.2745627161770017 0.1278007993170464 0.2806898563356981 0.04202193289358396 0.33718173788543027 0.04605706210204921
4 0.23171064689813647 0.13014247859652703 0.19267068009719424 0.13614860554887998 0.1862694223541439 0.09454027298438915 0.22530933511052353 0.08853415020264277
4 0.05767995433541273 0.19305825670282795 0.07010579136647266 0.16110662361821856 0.12213322270417848 0.1813396370541469 0.10970744640178509 0.21329121832239495
4 0.0009765612808223523 0.15039062497511915 0.05930685922612611 0.15158102741925206 0.05833029803295631 0.19943258842938746 0 0.19824218750000025
4 0.11398559761357774 0.21002495625501283 0.11832429801836497 0.16230144775148486 0.2109535234200166 0.170722537611092 0.20661496251136668 0.21844591561921042
4 0.37771811297227487 0.256148862248546 0.39191971361060496 0.1709483390455861 0.7111751137041438 0.22416121917423382 0.6969746535049808 0.30936072606409404
4 0.71875 0.26171875 0.814453125 0.26171875 0.814453125 0.30859375 0.71875 0.30859375
4 0.8957223554554048 0.1550620961240193 0.863652634451455 0.14103166059758004 0.8858638628220206 0.09026323090142571 0.9179335254970056 0.10429365167607313
4 0.9390860165176491 0.188708703817984 0.8899191462521685 0.24880101918943515 0.8262103702652439 0.1966756862002149 0.8753771555882395 0.13658352059674075
4 0.9853313088852929 0.22035958383915877 0.9870016477213994 0.24875403652410435 0.9448680275711467 0.2512325071907175 0.9431977341444053 0.22283809794879056
4 0.87695265420939 0.5312499302921766 0.8769534067922677 0.46679672005765727 1.0000001412895472 0.46679789371561037 0.999999993817255 0.5312504978839141
4 0.33964892044218686 0.4113748822810295 0.2875448841875823 0.4030385521037986 0.3121406324950158 0.2493176395539039 0.3642438640133605 0.2576539039092768
4 0.11093746344772626 0.5427736376996856 0.15031254299128705 0.5483981095904633 0.14585942039013844 0.5795699835118214 0.10648434401525719 0.5739455267749548
4 0.4529436907366744 0.6574328035333096 0.44843632735637584 0.6916882929342407 0.2959059805398283 0.6716194609773046 0.3004137935389508 0.6373645019998437
4 0.43804821538719807 0.6093274959656038 0.4200208853138747 0.6371848972906603 0.3931345932705881 0.6197879368266503 0.41116190988270773 0.5919306191690759
4 0.1257902102903472 0.7247389552030129 0.18085085207701468 0.6854168969272254 0.23640930694693907 0.7632000174037695 0.18134902676308684 0.8025216476421466
4 0.02617470314737602 0.9414407353671088 0.01575773286333515 0.8834143721118389 0.11104477698040682 0.8663123636817376 0.12146234552608348 0.9243379501551201
4 0.19495310462014004 0.9649891873087145 0.2034026524249839 0.8918133323029135 0.504827783418591 0.9266047610662914 0.4963817485123627 0.9997773992262446
4 0.501953125 0.89453125 0.55078125 0.89453125 0.55078125 0.982421875 0.501953125 0.982421875
4 0.78515625 0.703125 0.830078125 0.703125 0.830078125 0.755859375 0.78515625 0.755859375
4 0.7445885631940428 1.000075144028097 0.7435385080341348 0.9380890292229913 0.8255788882665911 0.9366996842484334 0.8266296823228458 0.9986850402624449
4 0.775360053694726 0.7913284672478759 0.8345346311866706 0.8016816775266944 0.8106772573206626 0.9380102573120477 0.7515027290063472 0.9276572355899957
4 0.5811313946231849 0.4402657940519329 0.5753253242492065 0.4896176504602797 0.46868986015351766 0.47707265724470677 0.47449624903242693 0.4277211751750824
4 0.49159795131663486 0.5209538763658409 0.3433579309446486 0.5103660905504618 0.34697728734909106 0.4597038142037478 0.495216187858432 0.47029155986432003
4 0.5484595988380079 0.5284643546679486 0.5521262119749508 0.4881370752987258 0.6042521019101059 0.49287603900147064 0.6005856659580786 0.5332031542270658
4 0.580904253222343 0.5515327755505739 0.6203425624257761 0.5594195280754386 0.591796959194312 0.7021475758157233 0.5523586814217651 0.6942609330920105
4 0.15625 0.83984375 0.203125 0.83984375 0.203125 0.9365234375 0.15625 0.9365234375
4 0.24647600950368087 0.8456442737215542 0.21318784791901635 0.8407498931369137 0.22631534307845413 0.7514860262543738 0.2596027902585547 0.7563803536811893
5 0.3823123692466197 0.14805640562115957 0.32679108931824885 0.14188738756969424 0.3430354846532282 -0.004311159406970602 0.39855656787426597 0.0018578469024242478
5 0.8374880389065993 0.20097068028710163 0.8231492181492968 0.31769681184282383 0.005169545687067512 0.2172032807818621 0.019510853700353437 0.10048024831434672
5 -0.006779862973189665 0.44047876166966143 0.0002666053674147406 0.3815598285413099 0.28722244352093185 0.4158741111652988 0.28017718947285175 0.47479197398875533
5 0.4699657671123987 0.45874885601188525 0.445571839003037 0.498752708573791 0.39521897700808495 0.4680499003844597 0.41961289364189724 0.4280462127052124
5 0.6230470621957238 0.5224609642402834 0.5582419211920069 0.5132037595072314 0.5653515974777292 0.4634380052674427 0.6301562609047551 0.47269517554989465
5 0.49454655252736757 0.4735795392337543 0.5620847878063842 0.4759082664595681 0.560526003868631 0.5211131090097155 0.49298776882801576 0.5187843897622866
5 0.259765625 0.42578125 0.3359375 0.42578125 0.3359375 0.57421875 0.259765625 0.57421875
5 -0.00668316911810507 0.7106371818048243 0.00044719167044604546 0.6369821183225088 0.24051254972846436 0.6602169873433772 0.23338419581557446 0.7338701982842011
5 0.11816335418211565 0.6816398789846396 0.13183626195029774 0.6679690017423706 0.16015663039820538 0.6962895474816432 0.14648378002118534 0.7099603673685376
5 0.23105642296764017 0.741989421187201 0.1576163320021351 0.7052746269483477 0.23925663895113303 0.5419952831162078 0.31269444281292635 0.5787093822128923
5 0.00013374449986258696 1.0001439256078113 -0.000025900367290887516 0.935861219833469 0.43928938067301715 0.9347654678923969 0.43945317666111805 0.9990437021280906
5 1.003141084670574 0.5316828087389737 0.9998234436703797 0.5632007377514324 0.8870717534832693 0.5513327707603273 0.8903896537182163 0.51981514149259
5 1.0116137745133074 0.4725203821617662 0.9987229459444507 0.5756459609706908 0.8898284819728133 0.5620343092097159 0.9027200739946011 0.45890963136766183
5 0.7395894728814483 0.9792946931205803 0.718273817899103 0.9678201521055493 0.7423564746796956 0.9230958558673589 0.763671875 0.9345703125000164
5 0.7671436393482054 0.9411639553220608 0.7804364022738355 0.9066127544708315 0.8394642705966362 0.9293162982829484 0.8261718747342002 0.9638671881909029
5 0.8107462537627725 0.9333550425589726 0.6936254855273774 0.9100995391574263 0.8312081005989285 0.21734069920200702 0.9483142902366808 0.24059467853887462
5 0.8468938674003539 0.21374406010416105 0.9030765812436812 0.2246885075486086 0.8872522994610108 0.30591996737640664 0.8310695952238802 0.29497555593907815
5 0.8729687385157376 -0.0023828105591147987 0.8915624893865015 0.00027343557030546316 0.873515622759669 0.12660156046545498 0.854921872432783 0.12394531761844108
5 0.94801241173991 0.05072380511528115 0.9149241679424449 0.042451745975496606 0.9265280356268022 -0.003963693906069388 0.9596162670129615 0.004308363473848845
5 0.9245467951900537 0.0593363217312915 0.9478505981535363 0.0628318759727526 0.9317480805757441 0.17018211955893062 0.9084442789260265 0.1666865719543977