4 0 0.09765625 0.154296875 0.09765625 0.154296875 0.6015625 0 0.6015625
4 0.29501269805825814 0.0009765272492212179 0.294527210716069 0.1471742476692814 -0.0001451570543622438 0.1461950006323137 0.00034082405602475774 -0.000002110606976852108
4 0.2812612463065989 0.47391146720830374 0.1863049952349911 0.47730268354290484 0.17366343519574912 0.12329688121563806 0.2686168005748186 0.11990571440507657
4 0.1693502304597132 0.24175010212432468 0.10465484770031708 0.19583759975163126 0.18900170790641369 0.07698572823632671 0.2536967517505673 0.122898056485583
4 0.2765793210226093 1.0002449535444868 0.16174680878498293 0.9978193712028552 0.17253616900052293 0.4874494304107475 0.2873548584126411 0.4898748628816971
4 0.419921875 0.0009765588300664846 0.4199218792726924 0.03320312487442817 0.34570312280118287 0.033203123479059175 0.345703125 0.0009765624999704695
4 0.37090638456299985 0.06818550110462485 0.41446381041771474 0.08798422829673051 0.37426426283786896 0.1764232915794598 0.33070685820257495 0.1566246001595842
4 0.32699288234437063 0.204697839767622 0.3597898312476673 0.20251141896726801 0.36584796275860754 0.2933836083818866 0.33305101466305587 0.29557002168766644
4 0.42873208541789154 0.21631596647936727 0.4757776888658327 0.08190279591586425 0.6021867386892836 0.12614661285106193 0.5551416704064422 0.2605593395366804
4 0.9999999967053554 0.017578071964965702 1.0000000896166057 0.17675782299826065 0.9374999458501634 0.17675775490603277 0.937500002440288 0.017578152342373636
4 0.8312303127589757 0.1327157530545724 0.8258981182696061 0.1949262653769768 0.712279654958138 0.18518762833344374 0.7176120045639891 0.12297728894514648
4 0.7060529691910915 0.46063209491863 0.6704765627059714 0.4572969445048477 0.687017120448786 0.2808691099599466 0.7225928266154824 0.2842042275475882
4 0.6441915320746148 0.41098687704769593 0.6962725804307865 0.41946460401625435 0.6784732890426994 0.5288035614726978 0.6263922556378247 0.5203259017143961
4 1.0000006273395456 0.49023437500000006 0.9316402135290218 0.4902343749999999 0.9316410179739023 0.3203125 0.9999999576646132 0.3203125
4 0.7471807150784571 0.5248009904039405 0.749075209416219 0.4812351628231404 0.8032355877394366 0.48359017069191207 0.8013412824030866 0.5271558165496271
4 1.0004332588096077 0.5361935857442092 0.9984531027603225 0.5537688536062201 0.8295745892261266 0.5347421227004423 0.8315549570902476 0.5171670970715967
4 0.3730468410976755 0.5546873210640165 0.37304708090312033 0.6025390413100902 0.3261719018881877 0.6025390765518676 0.3261718598345169 0.5546875538245137
4 0.38456653330558765 0.5411247837885028 0.3222431033053681 0.5386319956553348 0.32916718788271737 0.3655495784272724 0.3914891503786748 0.3680423374638831
4 0.4931790850429252 0.3210185243905504 0.544080715504947 0.30713680618937045 0.5640475465121426 0.38034885051298956 0.5131459386079769 0.394230512381857
4 0.482421875 0.380859375 0.51171875 0.380859375 0.51171875 0.4375 0.482421875 0.4375
4 0.5781639451478213 0.3874218518314113 0.5819923089652548 0.3606249710663576 0.6301172685811025 0.3675000846455751 0.6262889883619209 0.39429688983931643
4 0.6201178742545608 0.3261718599212746 0.574218655335585 0.37207009139171543 0.4892573381953298 0.28710907637580874 0.535156304580596 0.24121109753645575
4 0.36425757384256485 0.3017578111588756 0.3642578125 0.23828125000005138 0.4257812587901526 0.23828149307690988 0.42578118211963556 0.3017578909344884
2 0.7072415997007511 0.01204392220102624 0.703182756512092 0.09998763120074265 0.48534736763554065 0.08993367126523781 0.4894063519533347 0.0019900937818245826
2 0.6264152453784391 0.15714241814479016 0.6297687280300579 0.09678177104598122 0.6956460558817525 0.100441734889728 0.6922926568150842 0.1608023003304213
2 0.6703861880329214 0.3108013552247715 0.5476102735966606 0.30275060083146177 0.5574094700015166 0.15332274992123926 0.6801839741575577 0.16137345547912754
2 0.5883348189285016 0.3626850061448972 0.5964553081572603 0.3022373565607972 0.6785498491627777 0.31326547617666184 0.6704296460401338 0.373712866520297
2 0.486527464028768 0.24463779081164774 0.4828227153456055 0.3261457065116776 0.41947683706735006 0.3232663442667408 0.42318179767175934 0.24175865060097718
2 0.48733003518429996 0.24524795154706883 0.5284945570092532 0.2506170827758548 0.5149461711346248 0.354488400246817 0.4737816540488211 0.3491192944691528
2 0.5051646095154183 0.3819370665723655 0.4967075395509255 0.4862457477997045 0.3823830130543229 0.4769763962705239 0.3908407959318083 0.3726685078877305
2 0.6361741152279592 0.502084637420198 0.5713817241119159 0.49504240264356525 0.582570935160561 0.39210607037832795 0.6473624117993495 0.3991482547186168
2 0.5907292275219334 0.5153776501289649 0.5794089431615248 0.621515503375485 0.369452758164698 0.5991218690989238 0.3807747042029632 0.4929859413854472
2 0.38343036542607933 0.725332912679872 0.39223400646369555 0.6109259668026018 0.5021610305843751 0.6193837374541545 0.49335876592772365 0.7337894006988764
2 0.525390625 0.646484375 0.625 0.646484375 0.625 0.7578125 0.525390625 0.7578125
2 0.3939184077128175 0.8488643624475523 0.40341874654257026 0.7539155094817734 0.6205811365099407 0.7756383176776278 0.6110835732116584 0.8705846206670879
2 0.3930372915740463 0.9835410211721546 0.4015907841912849 0.8781322203757571 0.6029688674120735 0.8944676694596694 0.5944186413278203 0.999873417876031
2 0.9710791322140722 0.057097360049697 0.9621310901743527 0.14913667815207293 0.7414788574766362 0.1276845002222268 0.7504271525485819 0.03564549390224803
2 0.7480468948094767 0.283203125 0.7089843025751179 0.283203125 0.7089844415124844 0.19140625000000003 0.7480467706703848 0.19140625000000003
2 0.7418770845160907 0.27265471259586976 0.7311358535315549 0.18199108217352478 0.997117882185421 0.1504791466948824 1.0078597791198263 0.2411419197381177
2 0.8627519606014857 0.2653184993474229 0.8657430409526796 0.23156442916506834 0.948337224580655 0.23888322689015534 0.9453462598542046 0.27263718881182686
2 0.9005738558913663 0.30553903676224986 0.8988080676807613 0.3443882494536011 0.8351079051448096 0.3414928634139205 0.8368738095533672 0.3026437730629502
2 0.7171078031858542 0.2834193638693642 0.9417604705500935 0.2983953969561481 0.9273714719078043 0.5142326585390496 0.7027188153485895 0.4992568245360161
2 0.89453125 0.306640625 0.9609375 0.306640625 0.9609375 0.392578125 0.89453125 0.392578125
2 0.8935470943946484 0.5248103421991128 0.8976702973009196 0.48312857064450493 0.995336886364953 0.49278878180421426 0.9912140253671851 0.5344702430714416
2 0.7268318361167303 0.6420941989448574 0.7392880018402366 0.5187209526819465 0.9966275231442978 0.5446985156205453 0.9841744963400743 0.6680688813207035
2 0.6762326550660873 0.8795561455191632 0.6819575342832422 0.7914513188489566 0.9327741230291622 0.8077423281620931 0.9270522503040866 0.8958443464978764
2 0.9540191599850232 0.9238526936599293 0.9461628095190235 1.0008596884678413 0.7072576232476422 0.9764870162772576 0.7151163388811028 0.8994826555756643
2 0.730081994279999 0.8962587356184023 0.716452347902532 1.00868804098159 0.6332164018447202 0.9985989119976841 0.6468472087835835 0.8861709428908537
2 0.7305207202055044 1.000004483453365 0.7304169162748622 0.9785395387040942 0.9315362021811779 0.9775649191910658 0.9316406530805352 0.999029207749735
2 0.9636872829059939 0.6783891341444271 0.9626815585664872 0.7823554799927552 0.6655493959758587 0.7794752221846355 0.6665585178110405 0.675512328623314
4 0.6853511166892758 0.8039016173753128 0.6857819979999249 0.7604913106964338 0.867520329474246 0.7622933722406224 0.867090398236769 0.8057027382924492
4 0.9596836459479618 0.22496680503519065 0.9998859989825633 0.2297909783942592 0.9903760876443357 0.30904040611990763 0.9501737373116157 0.30421624841415473
5 0.3457031128785957 -0.0000014977975950605855 0.34570598194841295 0.9990251789579521 0.28320196398112785 0.9990228311999849 0.2832037790500408 6.605535417584541e-7
5 0.925781249863121 0.4853515644164672 0.9301043723274915 0.4248343441656218 0.9574480000707126 0.4267875822308447 0.953125 0.48730468749999056
5 0.6567816410703244 0.5078328128879647 0.7097759412807818 0.5129603217406349 0.6622624481460662 1.0039513558826925 0.6092681864424776 0.9988241373871554
5 0.7047721174807293 0.01631438552862582 0.7308294614148281 0.018516385919070042 0.7072201682281047 0.2978949974121334 0.681162825957017 0.2956930112756691
5 0.818359375 0.0009765614309821904 0.8183593753381047 0.010742187292025872 0.7539062497698978 0.010742187493495987 0.75390625 0.0009765624999985921
5 0.748046875 0.000976560221024573 0.7480468756540404 0.012695311997887421 0.6562499995075086 0.012695312383457402 0.6562499999998863 0.0009765624999853659
5 1 0.0009765556293947948 1.0000000031524223 0.02050780903639977 0.835937497818918 0.02050781048277078 0.8359375 0.0009765625000568135
5 0.36604919957801485 0.09861929894303516 0.3748855792288168 -0.007415329832761021 0.5107421875 0.0039062499999458866 0.5019059372890524 0.10994075153012083
5 0.3749999977524112 0.017578121083644517 0.37500000182717486 0.04882812557810016 0.34374999984663646 0.048828124868890724 0.34375000072429884 0.01757812547901609
2 1.0039854508601138 0.3032356966361981 0.9987595104715865 0.33459138011904144 0.8476825602134568 0.30941197619093086 0.8529086784255924 0.278056513436796
5 0.4177689269976099 0.23177043521832932 0.39423830923544756 0.2297063614244606 0.4054417567473365 0.10198845558870431 0.42897222282385883 0.10405252271103582
5 0.35940032678706757 0.3445345982425597 0.3658486455747152 0.2961754869019724 0.4877695999156231 0.3124320298386404 0.4813216117833008 0.36079083987343624
4 0.9618431115953854 0.8255287417905689 0.9584602710780246 0.7950885742747692 0.9878286069738351 0.7918254893883951 0.9912115438772844 0.8222655463121217
4 0.997966720958857 0.8769469306581358 0.9695964558326295 0.9009470625574019 0.9467050019353564 0.873893532744071 0.9750751036636984 0.8498935144244428
4 1.0000003544001856 1 0.974609358673888 1 0.9746096525402663 0.912109375 0.9999999960180048 0.912109375
4 0.6727010229607231 0.8898737322990352 0.676937380471486 0.8670036671611373 0.7179917385313956 0.8746065784373062 0.7137555266534719 0.8974765152133638
4 0.8116306591955436 0.9117025874673872 0.8134762912405904 0.8856136849117616 0.9170263181576956 0.8929370474123937 0.9151810823552751 0.9190255746479997
4 0.796875 0.951171875 0.818359375 0.951171875 0.818359375 0.982421875 0.796875 0.982421875