2 0.2646484375 -3.184126593459301e-14 0.2646484408512606 0.024414062225550922 0.13476562303299033 0.024414062131215167 0.13476562518451374 6.285866726134796e-11
2 0.39062499875490175 -5.401563773944713e-9 0.39062500617535534 0.041015624350139245 0.28320312137873316 0.04101561833071827 0.2832031277931719 8.120339166042828e-10
2 0.5781250001438138 0.0009765557412845965 0.5768797801175651 0.059502266898994106 0.5281983474823164 0.058466486453922765 0.5294435805520834 -0.00005921175079482488
2 0.572134258524784 0.07009522605695796 0.5728858731687296 -0.0012991482147765266 0.6962890625 3.732803336116069e-14 0.6955375003115023 0.07139430746846542
2 0.4487477863667664 0.042781392007326474 0.4498539728643891 -0.0003593326815277347 0.501953125 0.0009765625000472903 0.5008469466951055 0.0441172768597715
2 0.16260406523906568 0.17356445324119654 0.1685705970728577 0.11846556600198567 0.3319367759097531 0.13615571222236583 0.32597047233309695 0.19125440550603193
2 -0.000028423797402865603 0.16220479678192534 0.015454457586542958 0.1617053550780597 0.017436003029729363 0.22313337180053 0.0019531216964878695 0.22363281260656417
2 0.0009765612327328199 0.07812499998435418 0.03525953145367566 0.078548244453523 0.03428297019706861 0.15764980637076337 0 0.15722656250000044
2 0.11385218056659596 0.21462768396789655 0.20844908834419584 0.2306908635920387 0.18119392191181305 0.3911937468671443 0.0865970427917091 0.37513068958225815
2 0.34833234775464916 0.2533802518479305 0.343524660373987 0.2918419191159894 0.2754957518802712 0.2833383940350896 0.28030353094993643 0.24487683535101298
2 0.2528224149318703 0.2843886227203652 0.34132275214881247 0.29800366157800184 0.3335328382129319 0.3486380637312093 0.24503250840029978 0.3350230584379359
2 0.20720219913118854 0.202107092114577 0.2050702845581327 0.22698022526503783 0.11250252719753462 0.21904600800599872 0.11463450885139537 0.1941729463112556
2 0.2647925204562398 0.21130565810935345 0.26279137351002646 0.2333183666065051 0.22616226511127024 0.22998847707439432 0.2281634364923093 0.20797579589152254
2 0.3328126345372766 0.3568357911686029 0.32085926492788985 0.4405077931157747 0.2508591240060696 0.4305077733133387 0.26281278674605346 0.3468361294893722
2 0.21884625818211134 0.4268196761942299 0.3201091878341913 0.4374781908778805 0.30458042071040836 0.5850008221154058 0.2033175087536847 0.574342429522146
2 0.1907570899984421 0.3976660047516118 0.17496832199230994 0.49766128634654355 0.07356914787521873 0.4816511738501128 0.0893584702383805 0.381656583232981
2 0.15849268636372926 0.6629950540119595 0.042826051526731135 0.6511934879408011 0.060322475179873436 0.47974836641663 0.17598562522209704 0.49154975185696226
2 0.15413696394341514 0.6646642507659668 0.14847317712462882 0.7090299818587461 0.03623101674872942 0.6947020974557617 0.0418952451224186 0.650336883826891
2 0.26887873495297754 0.7106302315994915 0.19170590314195124 0.7015522528940358 0.20270544072411667 0.6080624802085725 0.27987682500815936 0.6171403727842325
2 0.6750498801649201 0.14796150670815125 0.6650057957604076 0.2823149288369372 0.40187306767415976 0.2626421432983245 0.411918155905596 0.12828983732517427
2 0.46432182522619314 0.26476554984367 0.4616784287700284 0.2970156572800308 0.400390625 0.2919921875000272 0.40303409786668 0.2597421657303199
2 0.6321476505389683 0.42686428830766726 0.5336374827544432 0.4137300932547976 0.5517879538200532 0.27760829495861505 0.6502967162829236 0.2907423961108926
2 0.40067157637815853 0.2954069545411102 0.5173492852711661 0.3041574197798744 0.5068832863524904 0.44370451238800224 0.39020558555830576 0.43495411591115785
2 0.45879343985291143 0.6144179193449354 0.3601752888301917 0.6054533540670748 0.37448880934550743 0.4480186367984293 0.4731044767328285 0.4569830892476561
2 0.49429422331525075 0.6214425645043476 0.5259019323617622 0.41286683070820573 0.6289443825397711 0.428481342550078 0.5973386312214188 0.6370553037506818
2 0.583662789084542 0.7590647620080608 0.5603628588058882 0.7572727446049556 0.5651769488428044 0.6946921913085483 0.5884765580142357 0.6964841963405481
2 0.3487106141677714 0.6127357752144211 0.4425000034192408 0.6261323761044066 0.4225782955992372 0.7655844511565771 0.32878894887392107 0.752188048574838
2 0.581547209687642 0.7622750471061993 0.5539223082970466 0.7584388508719347 0.5647453741111121 0.6805152173971868 0.5923698051551582 0.6843513805153048
2 0.12740467493108554 1.0044170907303858 -0.008867317651152007 0.9924399421420003 0.010777070068229477 0.7690419624149472 0.14704079196621933 0.7810187434844037
2 0.15236997127624363 0.7977962687917526 0.27030250693997004 0.8048142498245245 0.25827823837005326 1.006826831371136 0.14034572245020627 0.9998090445626309
2 0.42773489128774145 1 0.3281248445904339 1 0.32812557924944485 0.94921875 0.4277341242336661 0.94921875
2 0.507655136904873 0.8497310990888448 0.6353515714702098 0.867968539290897 0.6140244834308533 1.017260492367622 0.486328125 0.999023437500001
2 0.47119706028286146 0.8570566091805031 0.5045293462964082 0.862055121394099 0.4859772725038738 0.9857374479924881 0.4526450055490159 0.9807390234581096
2 0.6435546875 1.0000000000000517 0.6430662995070406 0.8816054900036219 0.9296002410715118 0.8804190302150475 0.9300934638050649 0.9988087954899857
2 0.8146305098487119 0.421571896954807 0.8002304268234184 0.5087315385917549 0.6784519480667086 0.48861226732888463 0.6928526243332271 0.40145335755310335
2 0.7343536285379741 0.700940859904827 0.7158515789491275 0.7811068530827333 0.6361128351286425 0.7627057557263751 0.6546153888845083 0.682540492853237
2 0.7236740209600612 0.7761904713094876 0.7354786189171136 0.6966667697081593 0.90012480608641 0.7211023103026217 0.8883218937488664 0.8006244989440536
2 0.7961241328044935 0.5020214297259383 0.7888113954350047 0.5946552213353782 0.6646871802834085 0.58485621497871 0.672000786419062 0.49222335595948935
2 0.7412338194016002 0.5930205316215609 0.7319238002232851 0.6526015604727013 0.6517876830822615 0.6400806031052998 0.6610980680917464 0.5805000283417755
2 0.961672430074259 0.34389400120218455 0.9447657831976812 0.4678764421634317 0.8192579316213369 0.45076166639183357 0.836165369849823 0.3267801581716838
2 0.9107329778654503 0.5692913328678868 0.7949010771922076 0.5418595994756848 0.823395908964585 0.4215517753825462 0.9392257276995224 0.44898325181171167
2 0.8020362748853813 0.6621173834055478 0.8045784292010012 0.5731824274131676 0.9117447172461652 0.5762451827760684 0.9092034866301901 0.6651792476744883
2 0.8242187819496394 0.5771484375 0.8007812461156618 0.5771484375 0.8007813024374855 0.548828125 0.8242187240412022 0.548828125
2 0.8410576198884883 0.5812645878696039 0.8448970913395897 0.5531126767472617 0.9154947613482136 0.5627400306422838 0.9116554838570892 0.5908917662215353
2 0.9087575816440676 0.6745529235279056 0.9043391406027013 0.7076878646512685 0.8668548272059979 0.702690024232705 0.8712733787041316 0.6695552139022968
2 1.0000002596889317 0.57421875 0.9746093410693675 0.57421875 0.974609608520268 0.4433593749999999 0.9999999980475422 0.4433593749999999
2 0.9837603979970027 0.5714060549477477 1.013117208431595 0.5747929545604454 1 0.6884765625000051 0.9706431956648203 0.6850896998782957
2 1.0000003814465117 0.8076171875000001 0.94726543398167 0.8076171875000001 0.9472658778162213 0.7304687500000001 0.9999998792096676 0.7304687500000001
2 0.7063747933893865 0.6965804122555075 0.7329947573437039 0.7011692999898438 0.7202747445617206 0.7749457437285147 0.693654790336609 0.770356894362307
2 0.8299769089411484 0.2919813449411091 0.7047193441168247 0.27879654930798475 0.7161977554594614 0.16975606229276588 0.8414543441101614 0.18294080555412215
2 0.7161610397371305 0.3001524511272547 0.7914809675291963 0.3134437600408483 0.7825346197174667 0.36413973868919663 0.7072147007605736 0.3508484644053028
2 0.9636196020902617 0.333583774274175 0.8282245696341306 0.31918032797189344 0.8417414469611231 0.19212770997327436 0.9771351239861588 0.20653108431911216
2 0.7374687786322056 0.30232030375313385 0.7035233669562331 0.29614856225622305 0.7086953033244754 0.26770321127994967 0.7426406318398904 0.27387494502001997
2 0.7686513673922946 0.2793065959186833 0.7953376402547292 0.2819751504413668 0.7920695474399508 0.31465611149807654 0.7653832751365144 0.31198756093409963
2 0.7316381596699557 0.09005758190655697 0.745368209395906 -0.0163488656218031 0.9011662970583529 0.0037543832682710955 0.8874363924433055 0.11016068286838719
2 1.0023193864600444 0.04035056469010302 0.9922687395638832 0.1151724024936318 0.9197376625926381 0.10542942903853947 0.9297883604780282 0.03060765291932189
2 0.919471232486103 0.09779103412977791 0.889838609492017 0.09343329928583752 0.9001996251346327 0.022978575479969652 0.9298322063910973 0.027336307039575028
2 0.4461304158412531 0.6366934414935607 0.5170766901976549 0.6485161073868168 0.5002904973994191 0.7492335167388329 0.42934425424539313 0.7374109779988405
2 0.5538081033363369 0.753915385960124 0.501595329475208 0.7486948819738153 0.510762031125978 0.657033665837271 0.5629737792668266 0.6622541181694747
4 0.09596553676749409 0.3431782955060926 -0.012848487835526612 0.32847389592935433 0.01955278765535695 0.0887117774316066 0.12836526743024024 0.10341607827784018
4 0.09179733330313411 0.44824218749999994 0.0039057128710737743 0.44824218749999994 0.003906309083845372 0.33984375000000006 0.09179676806320458 0.33984375000000006
4 0 0.515625 0.05078125 0.515625 0.05078125 0.6357421875 0 0.6357421875
4 0.0009765511961177253 0.7871093748810376 0.02198573963050876 0.7873304761392279 0.021009188397670187 0.8801039111539957 0 0.8798828124999993
4 0.14636904187148048 0.9369832103976661 0.15309148284177354 0.948184168554648 0.13758178243165275 0.9574899914735165 0.130859375 0.946289062499953
4 0.1936437474100785 0.8649111436337489 0.19732716548639928 0.9238242899728972 0.13677241913353555 0.9276089124444301 0.1330895164771846 0.8686962538429902
4 0.386671804146431 0.8765727837264842 0.4124098132842846 0.8545169799033479 0.45087565565131626 0.8993941923841091 0.42513781210902835 0.9214498195333893
4 0.45233452262596074 0.9532450572638798 0.40888504215502053 0.9419832142698937 0.4321701696921991 0.8521717139627735 0.47561859601489687 0.8634334133779381
4 0.3420728934873978 0.8199286918963195 0.4102842268787299 0.8256116125241337 0.4003570114516606 0.944739187335043 0.3321456885214502 0.9390563579742951
4 0.31910370833259094 0.9628191385666333 0.30431370606868313 0.9350950211176664 0.34841176238717253 0.911576325169353 0.36320178365326683 0.9393002440709259
4 0.3792170245753823 0.9510524836034875 0.3872986652504551 0.9180017264858981 0.44250657061388665 0.9314976131162319 0.434425241935287 0.9645481006449491
4 0.16032808753152494 0.9235409266420339 0.16705096878285985 0.9504247726088865 0.1312051085717485 0.9593861941366665 0.12448239245691184 0.9325024905241738
4 0.6611328026863248 0.8691406238226426 0.6844687233907507 0.8719402651267444 0.6812617686329077 0.8986649456060232 0.6579258497085902 0.8958653144484272
4 0.7050781883351647 0.8935547047691493 0.6774784826001223 0.8860292746804109 0.6851859896054293 0.8577688398757897 0.7127854911735767 0.8652942405540318
4 0.8208713223350514 0.8700161555575798 0.8165430941401155 0.9161809045888808 0.7156834937601388 0.9067259111384162 0.7200122873844066 0.8605617912249278
4 0.47463015717460166 0.8237364398824086 0.37917718486460217 0.7933706281885375 0.4030079213184763 0.7184772042675249 0.4984592547257307 0.7488427345068006
4 0.9993953631912973 -0.000005906512297517351 1 0.03808593749997647 0.9357180796617968 0.03910628251372406 0.935113450238191 0.001014444504242588
4 0.8730464140695631 0.6601543192195385 0.8730476881358982 0.732421035253585 0.7226563323013124 0.732422078306306 0.72265621091924 0.6601565268696474
4 0.916015625 0.771484375 0.974609375 0.771484375 0.974609375 0.8212890625 0.916015625 0.8212890625
4 0.9580078013616458 0.68554687404543 1.0032668584524345 0.6894256245791832 0.9984948033317096 0.7450996240355301 0.9532357493485506 0.7412208971349156
4 0.7760794167030554 0.6628460186548806 0.730468589792963 0.6669919738246476 0.7228805059853585 0.5835197214629576 0.768490606366754 0.5793737996783621
4 0.5837999873452873 0.3761085488125297 0.5474814170341915 0.4260446791944082 0.49928649876608233 0.39099389228319537 0.535605009222877 0.341057934159954
4 0.4875996396381197 0.4710769957915994 0.5257819672458481 0.4701458012014417 0.5286640229126078 0.5883110305962707 0.4904816957870253 0.5892422163891234
4 0.23709517565669103 0.36783998460737616 0.20094791790495492 0.36009442205517417 0.20955126140506763 0.3199458386753368 0.24569836959472013 0.32769138470489406
4 0.25461399803396034 0.393635206758668 0.253560441012155 0.4284045052391153 0.21441548355892337 0.427218338430776 0.21546912319070088 0.39244912567173623
4 0.5156250242425813 0.270507702062747 0.5067660270520946 0.310864936910243 0.4576375527832397 0.30008070506482637 0.4664966127893422 0.2597235582985302
4 0.5371924200595686 0.31441576838112834 0.514108334028947 0.2893249297677772 0.5620056288317983 0.24525954227805122 0.585089660059225 0.27035031222259026
4 0.8507513667848343 0.34410392379281207 0.88686811189541 0.3478399871555768 0.8831456798601494 0.3838235279076612 0.8470289359033814 0.380087472049679
4 0.9824219718799441 0.34179687500000006 0.9062498964274255 0.34179687500000006 0.906250053571739 0.298828125 0.9824218140013272 0.29882812500000006
5 0.7309334800455645 0.09891567858532975 0.6843817271286525 0.09503636827775556 0.6925377561686901 -0.002835395704701408 0.7390894369162879 0.0010439114158097525
5 0.4378810924898744 0.0034060564096363194 0.4312357091746435 0.06321455926239154 0.38814786531133905 0.058427017179034806 0.3947932590530172 -0.0013814764560949773
5 1.0073681195455038 0.13388505823336977 0.9994781690282935 0.1944343699467939 -0.007084975797397419 0.06326369802082449 0.0008056281249082531 0.002716089062522591
5 0.3396407530512988 0.6514444136022776 0.32049616414337834 0.6495301915187244 0.32297146696419077 0.6247776423881001 0.34211596385364373 0.6266918598324923
5 0.30264675561079457 0.6524181074718994 0.33772223079995456 0.6553406296158731 0.33091327800275394 0.7370484958822644 0.29583780598011344 0.7341259990925827
5 0.3739388435435558 0.11177774682481527 0.4248504879030861 0.11918269500196829 0.35118052390055254 0.6256722908144206 0.3002689272934731 0.6182675568769558
5 0.6698553207804707 0.15011713041608815 0.7228616294452195 0.15741946612870267 0.6300561025292382 0.8310387637432819 0.5770498759807197 0.8237367871630336
5 0.9876279596247741 0.13772225956368667 1.002660288338575 0.13897494343097383 0.999286099748474 0.1794652410133566 0.9842537711704153 0.17821255837839614
5 0.9833640991430457 0.1954015028887277 1.0198632624824313 0.19974644322281154 0.9869368279128139 0.47633247426343406 0.9504376738935889 0.47198759791073236
5 0.45305852995454643 0.7428402973472714 0.4458161267338028 0.8183709856505962 -0.004570260709328977 0.7751760469705271 0.0026757033871263047 0.6996491081325135
5 0.31742895402840077 1.006473624250807 0.25588871341744834 0.9987830242501575 0.27980866662551307 0.8074374995179351 0.3413457447380779 0.81512790280099
5 0.550443326255504 0.8279843200115963 0.5582990031903137 0.7706556945984854 1.0078515527382024 0.832233182309279 0.9999995255635667 0.8895585387102997
5 0.5528800002393837 0.8015702891650228 0.4874171315722151 0.8101073324917868 0.48096999862434586 0.7606762879750187 0.546432098862283 0.7521392954606541
5 0.6421042470484508 1.002017959114679 0.5171858146836712 0.9857282087536301 0.5379369013973019 0.8266644257188885 0.6628500347031832 0.8429538348481949
5 1.0000012889237269 1 0.9296874188801212 1 0.929688509473749 0.8818359375 1 0.8818359375
2 0.17317308427550415 0.6151958878747765 0.20325565176074178 0.6196192018073132 0.19183222595427196 0.6972989878166601 0.1617496659491735 0.6928757085314428
3 0.8212722328255495 0.3677850478339227 0.8128953418696483 0.42223584114652507 0.6884369353530246 0.40308901224381977 0.6968141532920527 0.3486386247808816