7 0.2656637801494526 0.714196824307922 0.6176217414976009 0.7082327947351391 0.6224758261208763 0.9946314728650326 0.2705178736943026 1.0005952802553155
5 0.9380507104065146 0.3228138592333542 0.8989250288141193 0.3171080616153897 0.9459260937173894 -0.005179899215864257 0.9850510941424773 0.0005258444631293598
5 0.8973904104680059 0.3418634451689894 0.9730109776801328 0.36592153729295135 0.7670619210651921 1.0131944728588718 0.6914421243201332 0.9891380263350685
5 0.00097650635939317 0.21679687492992264 0.15527314091059452 0.21698947550519737 0.1542955477398209 1.0000865403754544 -0.0000010868205890801619 0.9998939541788734
4 0.08857325441283592 0.45815863164003473 0.4917216005763976 0.3842951539154163 0.5924088840654349 0.9337871354873192 0.1892622180196213 1.0076461300402466
2 0.7685559810673794 0.6972645636696854 0.7099581808337234 0.638674372469388 0.7597622720332993 0.5888706528214291 0.8183596615622264 0.6474604327805966
2 0.74526374012612 0.6029921013469032 0.7518568938908174 0.5556498565525716 0.8355775168782884 0.5673080325903952 0.8289847601536167 0.6146499172336602
2 0.7562914961451952 0.560278218702111 0.7496476410333344 0.5093442758854059 0.8424974214093481 0.49723376888072235 0.8491416015211826 0.548167326116865
2 0.8435543594856654 0.48296329091347057 0.7808381555194046 0.47487135242923634 0.7894105953701 0.4084373570950236 0.8521262463077619 0.416529259887285
2 0.814648395742438 0.34726572542098927 0.8685156402735856 0.3549606944871115 0.8594922137181129 0.4181248024838056 0.8056249747570519 0.4104298621413373
2 0.8017481452643551 0.32764408995989946 0.8071210700620668 0.2838959923584299 0.8736883937542643 0.29207121176968964 0.8683156214921155 0.33581916996309413
2 0.8804543735244579 0.2155580445063689 0.8747380031104512 0.2670064571328263 0.7889910144466512 0.2574791568101749 0.7947075244563848 0.20603090127473167
2 0.8861787238005263 0.1642462823566462 0.8823069924951596 0.21457950245845853 0.7956801233517581 0.20791590405836 0.7995519679667495 0.15758280943986927
2 0.8925781209327397 0.10937495254588285 0.8925781962852852 0.16015624675680395 0.806640617558628 0.1601562547709101 0.8066406309815193 0.10937504933504322
2 0.9061919291179947 0.06449532149047504 0.899144856292537 0.10912689684352093 0.8462890529569904 0.10078125205954566 0.8533361497360374 0.05614970673035967
2 0.8193359353371079 0.04882812474849832 0.8544713422589894 0.05291362979174299 0.8492498087198328 0.09781883182058446 0.8141144021391256 0.0937333288748241
2 0.6228579832960577 0.5451980165646197 0.6264549461183151 0.48405844723881425 0.6750002335386398 0.4869142706821048 0.6714035175012896 0.548053605191376
2 0.7461361412636052 0.455403565846271 0.7318978131871745 0.5105753278514633 0.6230310990817998 0.48248112281577055 0.6372697139847787 0.4273098065348797
2 0.7004384673160757 0.3937361271704044 0.6937052944103925 0.4389435911602312 0.6460181229646196 0.43184134754080433 0.6527514079814409 0.38663402220006876
2 0.6473321645452188 0.3343121699454264 0.6577487598967764 0.28520769046432476 0.7164813063308202 0.29766633847889606 0.7060648746646621 0.34677067428464114
2 0.7087318873431059 0.3461431992001611 0.702471068272871 0.38817969406803704 0.6432785814954514 0.37936389787061553 0.6495395143689393 0.33732754196828096
2 0.7286538630139603 0.24890228612731893 0.7255686768158967 0.2951811070449522 0.6652896705707008 0.29116256617457614 0.6683749635582217 0.24488386177281962
2 0.7616529339121598 0.2037937896661407 0.7546891813580032 0.2539335119210689 0.6690473021101297 0.24203895067748366 0.6760111778838791 0.19189937286350325
2 0.7214770666819277 0.20236946086570068 0.6747862198249095 0.18902933327243654 0.6893425932903483 0.13808230527318968 0.7360333208366683 0.15142241486095265
2 0.6928124911947862 0.08878907485758422 0.749140623505923 0.09683591385262222 0.7415234401570387 0.1501562296598273 0.6851953091378391 0.14210939847450282
2 0.7483014645574713 0.047684350703853295 0.745519991779247 0.0921882595171885 0.6938419545822399 0.08895838355803025 0.6966234496059087 0.044454496399405775
2 0.48632199293876965 0.20285078785041546 0.4553152195178427 0.16338782503260668 0.5193186602729156 0.11309958410663186 0.5503253935257817 0.1525624663183356
2 0.45172582346947365 0.15706965557042984 0.42471177882305255 0.11343176538325908 0.4655929096749105 0.08812443757115744 0.49260694928125304 0.13176228542072535
2 0.4618565702195383 0.02855007646698651 0.48787915050354513 0.07192094816926885 0.42440258048702617 0.11000687503184897 0.39838004088630896 0.06663603926289062
2 0.5898400707121709 0.06746757011089556 0.562378389750279 0.06627358499122557 0.5634949926815125 0.040591834187061956 0.5909566619208135 0.04178581904999062
2 0.5314453047275265 0.03476563800293587 0.5965234340015968 0.04406249753776766 0.5869531244758264 0.1110546856083507 0.5218749970294994 0.10175783310708371
2 0.5357038443249849 0.19315519383597463 0.5374417675936911 0.17288000855768898 0.5744466707427591 0.17605190633323134 0.5727087701227447 0.19632707070364203
2 0.5783860677953498 0.19758461397947075 0.5735419576310505 0.24602605324944096 0.5153349003951462 0.24020538033088593 0.5201790939440798 0.1917640366818049
4 0.5369099729113032 0.49275629998798237 0.4760740083523842 0.5326117797707695 0.4144826705456808 0.4386033991572419 0.47531791100573173 0.3987482395575251
6 0.25656393708504766 0.5051936071721412 0.1998241448158069 0.5340880570396771 0.047845650331169054 0.2356617244337417 0.10458385608944809 0.206767740911645
6 0.6786379019396236 0.5933459054609178 0.5220383779687836 0.7307329215497654 -0.005690106950737572 0.1292217122255115 0.15090451602816302 -0.008161683996838667
3 0.3731339258167736 0.6253927218059525 0.28638681949780675 0.7229308849860183 0.02082820688224274 0.48677061249253956 0.1075731792317356 0.3892353435965897