2 0.006100609756344966 0.06819933073872694 0.15550539434661914 0.07335119493105212 0.15223240846864883 0.16826796692653156 0.0028276233163069264 0.1631161113701587
2 0.001009677873526016 0.30054715097462914 0.17935764237245166 0.30197386724766606 0.17765525419804362 0.5147727969762607 -0.0006927104893748037 0.5133460998219714
2 0.21265701248410096 0.4099880532707467 0.21416202947114016 0.32928243676509006 0.3842425640846159 0.33245376815015404 0.3827383402366422 0.4131585819381513
2 0.1865488403764175 0.4208741733034426 0.2331428110885554 0.42206874186928867 0.2241089042834119 0.7744010790909371 0.17751493501668847 0.7732065488769652
2 0.263671875 0.42578125 0.333984375 0.42578125 0.333984375 0.5576171875 0.263671875 0.5576171875
2 0.25818300739251754 0.5578409117329033 0.33287514350342917 0.558680027739823 0.3304496865245028 0.7745498860479446 0.2557575505824161 0.7737107884209828
2 -7.839793170205667e-7 1.000000029496357 1.0188296073465608e-7 0.9414055738898828 0.1992184884704784 0.9414070263111755 0.19921932832505718 0.9999997362548586
2 0.28945821786919623 1.0000057448433992 0.2889956220125214 0.953193226624283 0.3905094322178684 0.9521898833285085 0.39097272567721575 0.9990016992014467
2 0.2674324490842537 0.959146188532841 0.29039517980640994 0.9579379797292255 0.2925209382266303 0.9983276432947038 0.26955820808473163 0.9995358448179552
2 0.22098940196860895 0.9688352614448636 0.22061581949310494 0.9572545433823542 0.26737911706243267 0.9557463004242605 0.26775277629963057 0.9673269391346445
2 0.26681002412794896 0.2499628777480918 0.26768419170866764 0.20888273083339134 0.3167394477837888 0.20992657738158485 0.315865351903426 0.251006654622035
2 0.08581418159747045 0.30246860446611046 0.08616006955071498 0.27308382665690395 0.19342911571027344 0.2743462988835363 0.19308336785343272 0.30373093670538864
4 0.27539064519692147 0.0576171875 0.15234374176122856 0.0576171875 0.15234377214142114 -2.4848083448933725e-17 0.27539061209620286 6.212020862233431e-18
4 0.150390625 0.078125 0.21875 0.078125 0.21875 0.2255859375 0.150390625 0.2255859375
4 0 0.171875 0.0380859375 0.171875 0.0380859375 0.2294921875 0 0.2294921875
4 0.20483511594829906 0.1755112275624191 0.2007726451410008 0.2527030638277439 0.028654794834551467 0.24364424095628087 0.032717669300268426 0.16645283141245673
4 0.05917969124868705 0.21406249691436458 0.05328124621189545 0.17277341225223747 0.10414061813048647 0.16550785439360724 0.11003911400950983 0.20679687734902788
4 0.328124913556735 0.1455078323650212 0.32812501684225026 0.0019530983802034526 0.3847656414249059 0.0019531494937580435 0.38476562526125235 0.14550781010820707
4 0.14987115579367583 0.33611836378567617 0.1700460919176976 0.304940106790599 0.20786509828428734 0.32941137420902905 0.1876902426590732 0.36058956028573896
4 0.21966063148829562 0.346123238171107 0.21230926696318875 0.2924004624697404 0.3433060422340759 0.27447536533678263 0.3506576867222293 0.32819779400269217
4 0.337890625 0.29296875 0.373046875 0.29296875 0.373046875 0.328125 0.337890625 0.328125
4 0.3834486410171394 0.28673468461878304 0.43246958643590006 0.29105987750794377 0.4198959057786169 0.4335625407517884 0.37087496429739986 0.4292373815617711
4 0.0009765290195673515 0.5917968748957196 0.16229337576817215 0.5922993221050316 0.1613078425069716 0.9086659854818081 -0.000009003526088235958 0.9081635568274584
4 0.11634827111129198 0.9446407312619014 0.11998600411891402 0.8925229520695704 0.21065933733859765 0.8988499575249841 0.20702231116752046 0.9509670710940258
4 0.18112822917976246 0.8073933196558333 0.22603418736389358 0.8114747586169299 0.21727717989085704 0.9078025268451633 0.17237122850417563 0.903721139411255
4 0.4296884684639508 0.5976562500000001 0.33984326958295696 0.59765625 0.3398442803244279 0.439453125 0.42968723310366386 0.439453125
4 0.4293051153745182 0.6113794692332022 0.4151226495640685 0.7138034763825453 0.3327178351217981 0.7023938437013132 0.3469010124756551 0.5999706923117077
4 0.40532276788451327 0.9126023067556742 0.32236005550566915 0.9043076227469633 0.3416524837529096 0.7114125724260915 0.4246112662890482 0.719707059000138
4 0.41495260789531585 0.3802027222321443 0.46330543014505565 0.38342605519113826 0.4522348153512894 0.5494848789616484 0.4038819976652803 0.546261584012387
4 0.4644547034582729 0.8572260331415952 0.44511550212905604 0.7992190787849507 0.5113266894759363 0.7771490845332177 0.5306661479019112 0.8351555352408645
4 0.6409017201302731 0.08422724681684794 0.8186594862086167 0.06795401026237889 0.847403314569533 0.3819283822645533 0.6696455944655781 0.39820143440309314
4 0.8798828113956461 -2.816021071637881e-7 0.8804184402442843 0.13655581754935459 0.6313946397716563 0.13753212899806125 0.630859375 0.00097656250001824
4 1.0000001136828587 0.16406250000000006 0.9609374655675538 0.16406250000000006 0.9609375426962288 -2.4848083448933725e-17 0.9999999993193569 -2.4848083448933725e-17
4 1.0000002899180345 0.4345703124999999 0.962890308226747 0.4345703124999999 0.9628907411490673 0.23437499999999997 0.9999999985789145 0.23437499999999997
4 0.7256704726977432 0.35265082876914017 0.8950957059183793 0.30001958702041365 1.1023790164447291 0.9672215353981372 0.9329555853864804 1.0198492446472622
4 0.6727148513704151 0.4812096418753442 0.733877355044342 0.4773873685519577 0.7433692785863286 0.6292600364804923 0.6822067803394702 0.6330822604850879
4 0.701171875 0.546875 0.734375 0.546875 0.734375 0.57421875 0.701171875 0.57421875
4 0.7441319188370699 0.8687748558448832 0.8275100264947923 0.8500199274348018 0.8592615365320171 0.9911411099646597 0.775883554821803 1.0098956544991842
4 0.65234375 0.810546875 0.6953125 0.810546875 0.6953125 0.853515625 0.65234375 0.853515625
4 0.7260949738445106 0.7513107123525263 0.7286948160656266 0.7928964918503795 0.6736118439264374 0.7963392157423707 0.6710122876460218 0.7547537074412964
4 0.6977361987514996 0.8678998434325332 0.7040456301762106 0.7859025529308455 0.7863397998314667 0.7922336145528027 0.7800312854482172 0.8742300417565797
4 0.8027350777481388 0.7353520903041724 0.7812489287281323 0.7568348223425228 0.7568348421174278 0.7324207841001089 0.7783209079832432 0.7109381351732864
4 0.7318912748417006 0.6278790571693205 0.7678925476417362 0.6259333168319955 0.7726067583340637 0.713146932959958 0.7366054869409027 0.7150926559102327
4 0.7964911726689934 0.8189985083400407 0.818531753531829 0.8037428526886974 0.8355478670512184 0.8283218538621396 0.8135073334826757 0.8435774522791438
4 0.8613281869307912 0.9326171875 0.835937464926019 0.9326171875 0.8359375526108579 0.908203125 0.8613281009158982 0.908203125
4 0.6463096479750448 0.9989916721476267 0.6485531098434194 0.848924944368564 0.7790600125283618 0.8508760129837383 0.776819374584079 1.0009399245612227
4 0.7764021955567841 0.8269425255678974 0.7843328522844786 0.8533720289223715 0.752348184862285 0.862967404724569 0.7444176613228137 0.8365380151285653
4 0.7757064962031563 0.6566544142891454 0.7564897765662408 0.8103815102198066 0.648555532033356 0.7968897935069363 0.6677738293863058 0.6431645362689943
4 0.23358726439937527 0.8531969076291045 0.29345436903963673 0.8500467602830127 0.2966969659012193 0.9116565160748614 0.23682986334392808 0.9148066373208584
5 0.031119361972855586 0.044611214867666435 0.03194461216764921 0.01572850277854492 0.15288381409925478 0.01918400466487705 0.15205858144690865 0.048066700527640345
5 0.03446690760551974 0.007640162512616275 0.04842601371933597 0.030905329426509906 0.012810202559080608 0.05227481414166921 -0.0011488984072229869 0.029009651710586223
5 0.22980512372043904 0.11547733384186465 0.1835804773147629 0.11114378005015392 0.19014610076590088 0.0411111103800274 0.2363706664551728 0.045444660233398236
5 0.23388315591785158 0.06440950756522638 0.23448576809971655 0.044122544170684744 0.3383158822148289 0.04720671882306613 0.33771328844045456 0.0674936640259223
5 0.23228022702437556 0.13280396126840774 0.2324218749998863 0.11425781249995726 0.3614697251940697 0.11524326538961827 0.361328122642135 0.1337893713187483
5 0.37146255259654026 0.18374764935252363 0.37070977543999106 0.20934643157534935 0.22986188480763303 0.20520430898304295 0.2306147650482444 0.17960563878911573
5 -0.000268651107489859 0.9394420890756109 0.00003192412918906484 0.905583505448917 0.11530910480121292 0.9066057032238252 0.11500908240748231 0.9404637445557769
5 -0.0012776092372632775 0.5676465097802853 0.0008323022989316087 0.5349560148214888 0.1789590588231249 0.5464502759382911 0.17684967097773097 0.5791402837356208
5 0.162109375 0.76953125 0.265625 0.76953125 0.265625 0.8330078125 0.162109375 0.8330078125
5 0.1630858506379127 0.8085937401065464 0.18336759221438115 0.8109037973150149 0.17406699540413229 0.8925430775819087 0.1537852579609762 0.8902330450442756
5 0.21923708219162563 0.8376580525920313 0.24541341120948346 0.840150428276878 0.23636327496535614 0.9351777919938359 0.21018695038151236 0.9326854484648135
5 0.3824452646448435 0.913792877649254 0.38342265818096166 0.958694999559388 0.2213468067247959 0.9622198963374564 0.22037047606988835 0.9173188247572686
5 0.19503996584580818 0.2829069277464993 0.1968512125234838 0.2394439382752405 0.3823199348463504 0.24717240533839185 0.3805090292253226 0.2906350609491708
5 0.2324219579511464 0.328125 0.1992186937960696 0.328125 0.1992187787872126 0.267578125 0.23242186091397343 0.267578125
5 0.918424751148109 0.16059970138199908 0.8648811851303435 0.1519169699536894 0.8908210721749583 -0.008044646760147534 0.9443644320117528 0.0006380671662345127
5 1.000287239745603 0.24814763431455383 0.9193264245345745 0.24939317091163649 0.9178652379771393 0.15440363483211728 0.9988255935346615 0.1531581017115238
5 0.5857067241302047 0.047759828083017035 0.638557506003167 -0.030781226808397136 0.8957759179977529 0.1423024404466858 0.8429255588230262 0.22084311892081376
5 0.8555513076195211 0.20440630125969508 0.8545561031176021 0.15364443282255585 0.9452074145168581 0.1518671603535934 0.9462027416893761 0.2026289014220008
5 0.849540305963842 0.27828100738443945 0.8520221872710181 0.2327841009715635 0.94028937223095 0.23759895607464332 0.9378076559713691 0.28309570581877574
5 1.0269342197307196 0.5921279948860555 0.9692154045318375 0.6144384203255807 0.8465640417498435 0.297149017387729 0.9042805314293219 0.27483908719999
5 0.6084861591690469 0.0010355379915605325 0.9848639205466725 -0.027656246549148333 1.0213802854150345 0.45136050856547794 0.6450026730378795 0.4800517972991486
6 0.9430074472504657 0.9915042648694798 0.8676636623636114 1.0183123952147262 0.6584036495261216 0.43028738699715346 0.7337372453239368 0.4034813316775026
6 0.962696241422691 0.14763769285217548 0.928361830871836 0.14600272264895295 0.9353922847249123 -0.0016349667168211225 0.9697265625 9.442271710594815e-16
6 1.0079620895990047 0.4798368618168692 0.9692362244727519 0.4876600114846218 0.9215290478722409 0.25150992080641005 0.9602539680772679 0.24368686537943807
5 0.6250000245805722 0.1396484344274418 0.6002403839124781 0.14274338216728188 0.5824369280466044 0.0003155008917572523 0.607196498408598 -0.002779442588167003
5 0.5908407847585977 0.15244723360382825 0.6352108813804307 0.14985011095513878 0.6633262341840691 0.6301642410984604 0.6189561436035547 0.6327612905727453
5 0.6207657379028433 1.0019959177928646 0.5864119535173131 0.9997061746525526 0.6094366153528199 0.6543664239300855 0.6437874121725145 0.6566560672098312
5 0.4686298594399432 0.00020673794888222618 0.5727467916659634 -0.0012507430254795734 0.5867455726016715 0.9987113985622645 0.4826286432856932 1.0001687769577379
5 0.5276705685587331 0.0010287714027290412 0.5796449752494937 -0.010707369056492106 0.6060140754135546 0.10607016336243326 0.554039671403757 0.11780629243562053
5 0.6230741109002338 0.49534397274907244 0.5589335446719588 0.5028894888086775 0.5435289671451073 0.37194682206959984 0.6076684014647071 0.36440137431690156
5 0.4608009630901506 1.001536893128585 0.4214991943906625 0.9993937230798099 0.42921143698436026 0.8580176859555558 0.46851163072437885 0.8601608129253082
5 0.3839491379600304 0.08379227242809655 0.37634477538597366 0.00014408261176311612 0.4388607855722739 -0.00553917021835143 0.44646517681087516 0.07810898678303439
5 0.3951240642830953 0.2602405208574119 0.45894919945783386 0.2461994781346047 0.4880934581683505 0.37867433297776565 0.42426835388141626 0.39271528273932665
5 0.47851574296998933 0.3203125 0.4355467906686954 0.3203125 0.43554698578793705 0.205078125 0.4785155288095666 0.205078125
5 0.41924723256568086 0.07304794828466622 0.45100259669050047 0.06848930715101298 0.47047386552867465 0.20412493830578463 0.4387185040699251 0.20868356593848522
5 0.45032799563296066 0.4140387287294033 0.48760104827624673 0.4146703983084055 0.48103290687640765 0.8021976540269922 0.4437598546708159 0.8015660079342085