2 0.0927734372728537 -2.1583419868601827e-8 0.09352172447393059 0.07108587517496949 0.0007482505702682829 0.07206241667208478 0 0.0009765625000494988
2 0.000977087293108525 0.05264946035863592 0.07639391929353678 0.05311788469975047 0.07536996650662786 0.21797468524707106 -0.00004686543479692773 0.21750626247557722
2 0.0009765566634314382 0.2285156249597489 0.03716826722859423 0.22876521518033885 0.03619171056027426 0.37036677608126767 0 0.37011718749999983
2 0.1872870832640956 0.05245727599449735 0.20760572129768207 -0.014303798517051545 0.26037725063440575 0.0017571409310061525 0.24005862994135896 0.06851820107897715
2 0.17316716610150706 0.3656399445786966 0.14552270964736636 0.36218448261809233 0.15839847027473297 0.25917974924581894 0.18604266505292344 0.2626351950030203
2 0.18093443895315886 0.37576621863088455 0.1960497480685035 0.25485252576812234 0.29989518172408225 0.26783392632858644 0.2847805714156948 0.38874696545933757
2 0.95703125 0.657226562500028 0.9835968802983643 0.6041029094745006 1.0265652773664442 0.6255876547917443 0.9999999398694399 0.678711057743926
4 0.6411815280611108 0.1595239388766485 0.6057465800153068 0.14979671323079252 0.6492356954573779 -0.008627396415686314 0.6846705098507755 0.0010998092287142556
4 0.5899725619000264 0.22652570183517484 0.6679139205242564 0.26982531264916043 0.5958689415926983 0.39950570752660236 0.5179278053366261 0.3562064059050287
4 0.09116338880176045 0.4870928533439043 0.1105216012352912 0.36543691856442095 0.3348668635103422 0.4011324865201791 0.31551073087871373 0.5227865908613053
4 0.15583056072500767 0.2131374244098252 0.13011454434172265 0.2043205742788422 0.16014341278469146 0.11673669567631766 0.1858593180348862 0.12555352488883156
4 0.14514981071408783 0.36991732542793254 0.09974147562581948 0.3613268070887849 0.12150303843657184 0.24630328369464116 0.16691088563948142 0.2548937544627722
4 0.012180209250686858 0.6840034419916526 -0.02282553313466451 0.680019365968985 0.007495023923183908 0.41364540457258603 0.04249931139918317 0.4176294006530976
4 0.4649449081776993 0.7936683820918141 0.5433450970207332 0.8800863477290501 0.3446997333252284 1.0602507677367703 0.2663029087477753 0.9738360466535314
4 0.5825334539707683 0.7581753826000986 0.6436058519205972 0.8375510221899679 0.5041402821806287 0.9448313109063946 0.4430698486219171 0.8654574689389832
4 0.518485865803541 0.7411302739963856 0.5138093326688704 0.8019186245569707 0.4687033453233198 0.7984489361880384 0.4733801730877758 0.7376609092699672
4 0.8245654129932518 0.37510647143695985 0.9116886318765864 0.42854969671785126 0.6991293243739847 0.775029255515146 0.612007531134168 0.7215879367859825
4 0.9968274394977925 0.46573440339446637 1.055333712375841 0.49404094933837217 0.971198101295613 0.6679220166409823 0.9126921122626754 0.639615945215726
4 0.9639237196729482 0.33142147933768756 0.9377594476201239 0.312234830924791 0.9953824994322531 0.23365816496891081 1.021546609176653 0.25284472592517776
4 0.929586802770018 0.6864618190414086 0.9820883392304722 0.7208512681056383 0.780028938056148 1.0292638025384355 0.7275287258219123 0.9948759959099865
4 1.0000002519363989 0.8173828125 0.964843674541271 0.8173828125 0.964844018819349 0.74609375 0.9999999965009465 0.74609375
4 0.9156266295281057 0.8660556373192153 0.9495471127083874 0.8138838448343915 1.0339192422816268 0.8687280309891148 0.9999995520132643 0.9208991265333749
4 0.9709476035344551 0.9402702659757698 0.9208232037468633 1.0058013458201407 0.853110740476609 0.9540220337234685 0.9032347854318914 0.8884917658972437
4 0.7657810566688568 0.9071428424824721 0.7966981177452226 0.9451150264622111 0.6859409121311728 1.035267049657476 0.65502470906074 0.9972956619260627
5 0.1417811107162379 -0.009194935528251296 0.17870354458329984 0.0024647679703566267 0.14906722728983368 0.09631315328832601 0.11214479634304553 0.08465345738419568
5 0.013311406364209688 0.6374131586674596 0.07667243806145052 0.6418124316316459 0.05161722648472278 1.0026071575739266 -0.011743783543352038 0.9982080806536369
5 0.07203696219346511 0.6323906857415066 0.005096791221149033 0.6217231772708206 0.0886457357044037 0.09748087815923318 0.15558260850332317 0.10814814877869149
5 0.28763155918193206 0.279711236654982 0.1318544344781003 0.24336372403420958 0.1753198101647513 0.05708643293773904 0.3310953055054142 0.09343373691530954
5 0.29802868337151267 0.5451738817428807 0.27556390484494386 0.6859587188870214 0.07000411493322645 0.6531591545584151 0.09247102344090763 0.5123771433218599
5 0.054166190863384145 0.6060669182769456 0.5792102049452978 0.6392901853282196 0.5543407829434273 1.0322451062508033 0.029296875 0.9990234375
5 0.3655045134445345 0.4116229700945752 0.3081578002073684 0.3999989514882956 0.3541211749463855 0.17325158757977055 0.411466750813247 0.1848754874311921
5 0.845031638829596 0.47945910462093705 0.9204939954817064 0.5421558932798947 0.5137118661425575 1.0316756937459797 0.43825378311294116 0.9689835325735835
5 0.990907245377457 0.05401981066224208 1.0288000867649316 0.06625585480321068 0.9471124302750695 0.3192253917433509 0.9092196272393949 0.3069894440852098
5 0.9182546050691371 0.3597319851550035 0.9087747628864236 0.44505046865674713 0.8373900694607528 0.4371188830009345 0.8468702333376541 0.35180076897753304
5 0.744635181423746 0.3479637671728036 0.7571571659418623 0.31457350715450355 0.8543318255923396 0.35101445487607336 0.8418100594260522 0.3844045294507556
5 0.9806581074446967 0.7234003469329993 1.099977020345591 0.8037891224678118 0.9142378643905431 1.0794086165170846 0.794921875 0.9990234375000205
5 0.8955139284105371 0.67453848139136 0.9079179700120221 0.6500890641129747 1.012403478741362 0.7030903631423877 0.9999997875821691 0.7275394811993117
3 0.49739160938804616 0.4192268567969843 0.3634359351958665 0.3901072029781986 0.4050730546568957 0.19858083607135021 0.5390263026429238 0.22770021429502754