5 -0.03259647104414398 0.20918249221720536 0.2524882763035521 0.04164951542164255 0.8124597302286247 0.9944561844960345 0.5273874048554035 1.1619717568694492
2 0.3046888303193782 0.34863284079048606 -0.013672058386191566 0.03027344732902586 0.2431651537573316 -0.22656043695245928 0.5615232284715148 0.09179600066020706
2 0.8556312371839567 0.021892236816373326 0.8362597402269785 0.1594313728192503 0.5440262552131117 0.11827156966840345 0.5633980782358776 -0.019266940346350715
2 0.001953125 0.5888671875000399 -0.0595796124921435 0.5287059177478133 0.028953353278438954 0.43816245778157764 0.0904855172570933 0.4983231714371073
2 0.0009765593254087435 0.41015624993775623 0.021840169622578287 0.4105653159291595 0.020863610264427734 0.4603700021354041 0 0.4599609375000006
2 0.13573620279123588 0.9609314749745484 0.34280158740648403 0.75392490150734 0.4785302612781379 0.8896632944701383 0.2714706633365722 1.0966641719443693
2 0.11914251263101505 0.9990216315005378 0.06410529634956674 1.051678323966256 -0.031870711191345436 0.9513905822727386 0.023165354164575547 0.8987349320401508
2 0.11035734158519972 0.9355410140002026 0.04882674395423692 0.8740236869296701 0.1855435339068663 0.737309024697729 0.24707257219859002 0.7988247938657453
2 0.15999044390048311 0.8134484255480285 0.13520803470794363 0.7874315301576316 0.1806640625 0.7441406249999603 0.2054462978585434 0.7701573243832973
2 0.19150740618874806 0.7228822891713865 0.2580346710960839 0.6612938179091453 0.3211451881568337 0.7294549305604382 0.25461853053707273 0.7910427729005448
2 0.08398203675153582 0.8191338261798954 0.06417898687459456 0.8396280979897988 -0.0023254689765508374 0.7753788619036039 0.017477369292691947 0.7548848202963683
2 0.020504139014292377 0.7539025513618282 0.06543004788568396 0.7089846970558363 0.09765746668438169 0.7412126436593701 0.05273179122696092 0.786130264665857
2 0.08203426468605812 0.8193374722062039 0.03906112109280002 0.8623028222342356 -0.024417838256340474 0.7988244538164231 0.01855482567953004 0.7558595812751392
2 0.174804138508307 0.5839837055258843 0.1875005941010386 0.5712888305823582 0.2666021063895414 0.6503911719335138 0.25390578466306124 0.6630859132388853
2 0.23538468522781386 0.644940004903293 0.20936582118088154 0.6754158614194533 0.15069913584284222 0.6253348756338929 0.1767178531162017 0.5948592456991741
2 1.0000076421732729 0.9995587921173599 0.8212928412818883 1.0008822744207622 0.820148150920545 0.8459140742424031 0.9988554291574019 0.8445906191488537
2 0.8700918582441091 0.023290948306758163 1.0127552624879854 0.03385857280068175 0.9999600321359594 0.20659425174869042 0.8572966311462551 0.19602665885096654
2 0.8467141525314901 0.07572380638012946 0.877630973217606 0.07810201598552176 0.8745174633234001 0.11857766390750071 0.8436006428252085 0.11619945572516643
2 0.9999999967292297 -7.517984304525345e-10 1 0.03222656249998263 0.9218749977718517 0.032226560816260665 0.9218750000683258 1.60873365849481e-10
2 0.36572022350890165 0.39882642579806843 0.37973112011172816 0.2925350552501319 0.77313463773487 0.34438709591297945 0.7591263970072077 0.45067604421530044
2 1.0100546638827836 0.22960757077321936 0.9845906742941679 0.4151451557922027 0.5246940687046617 0.35202218131538576 0.5501611982251688 0.16648850962910544
2 0.6360551342579583 0.3069703549313253 0.5772377965439546 0.3926384226893689 0.43276684741385907 0.2934505219539097 0.49158406573906177 0.20778307520447592
2 0.7553206869899896 0.5563308445565767 0.7645608446779306 0.38612269879572664 1.0062630634338348 0.3992427345219056 0.9970260579956403 0.5694478610187206
2 1.0309084460990334 0.42961539749323635 0.9997738116747996 0.7375889781021121 0.37612000791011724 0.674522367729174 0.4072687280000764 0.36656467690021766
5 0.6847218628579412 0.8279972936155112 0.6946105767655126 0.7371694913099959 1.0098845197934452 0.7714838349895995 0.9999996242885345 0.8623081395928063
5 0.004008154907637618 0.7725413696800956 -0.1343387959385609 0.6356382179105393 0.09465012316184129 0.4042619609107501 0.2329934640308693 0.5411614690308987
5 0.27615694788789824 0.8110889500338745 0.25491365524851517 0.7848517119060917 0.31677421323729504 0.7347747236049432 0.33801737550709277 0.7610117186462569
5 0.13867144632774853 0.9658176362944079 0.10448701495818113 0.9316402469950781 0.2988253102090539 0.7373082842460814 0.33300842008316067 0.7714843685742901
5 0.18475188433399126 0.9351781959765195 0.1479448599133093 1.012339525888736 -0.01769167256259152 0.9333469052062248 0.019115797817789826 0.856187576641381
5 0.5342397784522745 0.9335943348979564 0.5607638621142996 0.9609520805767985 0.49431281410159045 1.0253590148055083 0.4677891112993393 0.9980016451574948
5 0.42987277578117755 1.030061361968016 0.38478972477082607 0.9906241078991984 0.48025150672617656 0.8815271180778782 0.5253334681582373 0.9209635624478473
5 0.09088465123954848 0.2349103352065983 0.11093769441811219 0.21660148322756465 0.17102342538612447 0.28240999156265445 0.15097044352910416 0.30071877911893047
5 -0.004150253040279495 0.1225643555646642 0.003812265760871014 0.11421349608124153 0.06774024697460845 0.1751682417044734 0.059777745500696255 0.1835190844094493
5 0.07636718638934781 0.2124999737334758 0.10917975768370525 0.20156263303802524 0.12500001918385806 0.2490235012404312 0.09218745722853328 0.2599608226442414
5 0.3378903283702357 0.415038693652379 0.34863294154888536 0.40429674595902254 0.3916017717390332 0.4472658375024822 0.3808592014346459 0.45800774225342644
5 0.541790844153752 0.16102309971615367 0.5524231801339283 0.10170373985179461 1.0064660768113072 0.18308315755501176 0.9958345462238185 0.24240182833755428
5 0.49560497312256757 0.15528408396706045 0.5299315320467031 0.1880841696878045 0.3865036026525104 0.3381838949146707 0.352177293456748 0.3053840695560465
2 0.32050370987894894 0.32181605327798024 0.29424066244405367 0.3470175919068146 0.18983678263816728 0.23821865343115034 0.21609964992785535 0.21301727906346302
2 0.23828102646200477 0.19042976616913893 0.27832052110136374 0.23046854144625986 0.23046875728960003 0.27832026300137663 0.1904293584872221 0.23828158400398566
4 0.1523435078094053 0.2822263031244644 0.1933598479539569 0.24121115707911459 0.2949220745222192 0.3427736172179487 0.2539060151091235 0.3837884832686732
4 0.2187373365864005 0.3303208108006603 0.2560717187723185 0.2965437647765845 0.35749736667685283 0.4086470622923476 0.3201632595380488 0.44242382071587055
4 0.0009837283507749817 0.27320098093462303 0.01588481892542859 0.2736525172707009 0.014901090545663465 0.30611559818881384 0 0.30566406250000155
4 0.08938739129212081 0.361779521058559 0.11377717776838381 0.3829163708220265 0.09012647913505134 0.41020560099315495 0.06573673454113305 0.3890687960555495
4 -0.026098236523466767 0.3841984789316236 0.005194894814394502 0.34873513684063995 0.09317682855987641 0.42636723585999475 0.061883962577553575 0.4618303208707013
4 0.17021208607559402 0.4402185274674612 0.17462012511907687 0.4666648784378487 0.14991574445173228 0.47078226119230027 0.1455077571607717 0.444335956226289
4 0.26325563412285646 0.5647572688568995 0.2961866354700078 0.5617638502982033 0.2994364958035476 0.5975123879206191 0.2665054957603843 0.6005057969598266
4 0.46484375 0.759765625 0.49609375 0.759765625 0.49609375 0.794921875 0.46484375 0.794921875
4 0.9150555126259405 0.9901658007805147 0.854937797923526 1.0320560005770512 0.7323334448763035 0.8561485287317047 0.792448515984006 0.8142596311004447