5 0.2519538250911637 0.11035070132310643 0.06757063055874823 0.3371579468514944 -0.08581090813720493 0.21246628777689192 0.09857153809070951 -0.0143397417432539
5 0.31836098556743764 0.76074348339821 0.29296813059215765 0.7861321172208402 0.24609222450317247 0.7392562390991866 0.2714848873132496 0.7138677973127191
5 0.0027280883665525835 0.4190872692421929 0.03808655182660914 0.39134749124523827 0.234149743723151 0.6412388308631031 0.19879190492360976 0.6689778946522399
5 0.4081600423672853 0.882507644802894 0.3748027816711783 0.9073267052272262 0.299302515100635 0.8058747761951195 0.33265904106519883 0.7810561187538342
5 0.48287714778848567 0.9762090350071566 0.4577536818612771 0.9986817697025314 0.420514164831161 0.9570613418716084 0.4456373948697774 0.9345887908927101
5 0.25414598250938525 0.7432974215036461 0.2816425571951413 0.7830062191397931 0.17469709021406743 0.8570456910093559 0.14720121786388063 0.8173375213453461
5 0.025508954866495515 0.9689049566438153 -0.010824936270296348 0.9204710113865479 0.10026893519739133 0.8371522196099901 0.13660245357937129 0.8855852373227403
5 0.087890625 0.833984375 0.146484375 0.833984375 0.146484375 0.8955078125 0.087890625 0.8955078125
5 0.7304684719345005 0.4218747778280848 0.7304687969784709 0.38867119390446764 0.9999998344360392 0.38867215570507907 1.0000000618512104 0.4218751718013081
5 0.74609375 0.822265625 1 0.822265625 1 0.845703125 0.74609375 0.845703125
5 0.9263364903722504 0.38344041707720605 0.9099260256854222 0.3841241659794816 0.9043459927841013 0.25020139920641493 0.920756249843862 0.24951765457446073
5 0.9219897368832335 0.20971943822078837 0.901430589909296 0.21013901185967127 0.8971430188182694 0.00004634789383771221 0.9177020400652509 -0.0003732245448363187
5 0.9419930613889846 0.7097656042412069 0.9201245458799576 0.7107163252976633 0.9074994995351062 0.4203345745319739 0.9293668787481693 0.4193838788436654
5 0.648580874878121 0.0763072857822921 0.6483753705282425 0.06911448696976305 0.6872944930070162 0.06800252887706862 0.6875000003473133 0.07519532465791168
5 0.29754360980291494 0.07454379235751422 0.29680942173899894 0.0473782410453832 0.344968925504304 0.04607665808839849 0.34570312526477665 0.07324219729785225
5 0.41816336972590307 0.08081959983310345 0.4174594756309489 0.039286187051000114 0.593157103572139 0.03630843745041222 0.5938610650110832 0.07784177342560764
5 0.08626485956710894 0.46404681418546634 0.061206873723676836 0.4230447361880384 0.17773589761145558 0.35183302473578265 0.20279384463162842 0.39283473522808493
5 0.20961896303447247 0.3590974656048468 0.1851982346290697 0.2570350527843389 0.6719209546140519 0.1405759837741333 0.6963428280844255 0.2426358534614399
5 0.6837265660977891 0.3652938192805118 0.6834609557075737 0.3788457031506025 0.5622988452640811 0.3764705995406264 0.5625645465353273 0.3629188078110453
5 0.5839843381038463 0.36132671854668247 0.583984523252866 0.37597622746415177 0.4062500310520818 0.3759775436743178 0.40624999203680545 0.36132818167992425
5 0.400390625 0.36328125 0.416015625 0.36328125 0.416015625 0.4443359375 0.400390625 0.4443359375
5 0.9688141827306254 0.8436874371455346 0.9824837931324737 0.8438649170255325 0.9804664853305667 0.9992009135293431 0.966796875 0.9990234375000004
5 0.7660484810570551 0.9994615288335399 0.6531185468835474 0.9972032687459716 0.6731089253951268 -0.0018306560400384413 0.7860212145947116 0.0004274241830684597
4 0.24438100336078605 0.02639722354740928 0.3087440058941411 -0.023662859916550146 0.3394531234260967 0.01582032530083747 0.2750901332118474 0.06588039739703541
2 0.28252712239145694 0.07572110406921757 0.2166766921538965 0.1269380835692389 0.1327524223141836 0.01903543806495024 0.19860273258211691 -0.032181465806046326
2 0.038491571833560556 0.1459735207047784 0.05573920850088143 0.13611781093170225 0.08801083740831928 0.19259318971726333 0.07076321298598032 0.20244888292553428
2 0.16471272399382997 0.12989534860717297 0.09712750857966057 0.18764993229467897 -0.027466487162428166 0.04184847192963494 0.040118529337632935 -0.015905973847015486
2 0.40296591987521424 0.0010313521638920847 0.40208569153753615 0.04240225593026377 0.3530719719545914 0.04135940807714746 0.3539522068540464 -0.000011488877215738346
2 0.5448007530562791 -0.000007087293524166347 0.5452485631434456 0.05417634482448106 0.4240984989615981 0.055177570166292614 0.4236507173635573 0.0009941709012846686
2 0.548828125 0 0.677734375 0 0.677734375 0.068359375 0.548828125 0.068359375
2 0.03357036400916513 0.16839064512931126 0.0151874913796064 0.18111716297561006 -0.011109397003110644 0.14313277425826224 0.007273445374835319 0.13040627115733225
2 0.001953125 0.25878906249999367 -0.01484188819335941 0.23705462147472095 0.03226827315245373 0.2006514375877321 0.04906326658067428 0.22238583406826154
2 0.0009765622945678842 0.009765624995972291 0.022108143786113033 0.01017996952071202 0.02113158149154515 0.059984656912963195 0 0.059570312499998966
2 0.07976459661620083 0.42993302657973476 -0.01720242679891726 0.33684763103599286 0.12877116622928497 0.1847924306464726 0.22573715385067317 0.27787689059645826
2 0.17542518997140633 0.3134063885365517 0.15692418107516914 0.29285021710628545 0.18390125341716157 0.26857090725261334 0.20240223756923115 0.28912704585508986
2 0.5859375 0.103515625 0.67578125 0.103515625 0.67578125 0.1962890625 0.5859375 0.1962890625
2 0.2107532323510668 0.2841252922561906 0.16581503365000572 0.16344553084291671 0.4833268676585476 0.04521181348877817 0.5282655118892308 0.16589062529744325
2 0.24575919847347905 0.2682363084572751 0.219577462628763 0.2884673433231203 0.16586397983724055 0.21895591265456832 0.19204560285629668 0.19872494388025008
2 0.4921875 0.083984375 0.560546875 0.083984375 0.560546875 0.189453125 0.4921875 0.189453125
2 0.31626619050848603 0.4516033093375922 0.2616829248548811 0.3139909545993583 0.5391593097515397 0.20393379013540053 0.5937433673932446 0.3415441530712626
2 0.22823207522071698 0.38463457626438907 0.27024878252450435 0.3539317767512557 0.3358427745930612 0.443692628156351 0.29382625119160366 0.47439521173178617
2 0.307993475672788 0.4820978379233435 0.34713277888295124 0.4640349107620419 0.3651392944748295 0.5030492087958527 0.32600002745971324 0.5211120776495017
2 0.2863883663588922 0.5190869263320977 0.3132756878112559 0.5493322222209736 0.2463571907479718 0.6088150404741642 0.2194701109357311 0.5785699764685688
2 0.10753689491582463 0.4562993701460087 0.17837771977792727 0.3944310326263967 0.28543305620110004 0.5170041266652353 0.21459294113742544 0.5788717099939383
2 0.5709548554009416 0.3795298854162261 0.5678191916118749 0.49557765593656644 0.41537515927461754 0.491457633594338 0.41851196344146047 0.3754110765100116
2 0.1643517717021723 0.4121373847795886 0.20785336993583314 0.3765471552961009 0.23735305647801397 0.4126026035909328 0.19385155332531667 0.44819272886045086
2 0.5586901054961118 0.32825458384559336 0.5571664358755015 0.2489942254657577 0.679078530700508 0.2466505714914816 0.680602614502618 0.32591050822004547
2 0.6708984374962483 0.3281244963589828 0.6708987253086889 0.36621081190003274 0.5566406388670657 0.36621122404880313 0.5566405816987299 0.32812513990190295
2 0.6667289427780361 0.6974839003272403 0.5746990532144309 0.6997012994686345 0.5669819068984907 0.37933945416369474 0.6590069314797802 0.37712211389728817
2 0.5937634680360588 0.7261187336211375 0.6178666223491973 0.8195650014581103 0.4221040547303119 0.87004623258381 0.39800357545391307 0.7766022783491527
2 0.6640629452487019 0.828125 0.6191405977123168 0.828125 0.6191410998009133 0.73828125 0.6640624849917458 0.73828125
2 0.548828125 0.845703125 0.599609375 0.845703125 0.599609375 0.908203125 0.548828125 0.908203125
2 0.4592567783275854 0.9199594624714511 0.4864473756991856 0.8995723232960352 0.5472659771952522 0.9806651468321231 0.5200756390755714 1.0010519871228505
2 0.6625747545205058 0.9542173300623205 0.6503104350490503 1.0141652380696702 0.53476092966946 0.9905312531608673 0.5470260148608759 0.9305843960081731
2 0.33022665769874493 1.0184197711169138 0.29889204642222467 0.9839615936057143 0.34365709541043543 0.9432664920346714 0.3749914664232392 0.9777243609510836
2 0.29066783343466795 0.9787604162350723 0.26168452079150484 0.9436844326258527 0.3197324789771301 0.8957325518533129 0.34871556921996216 0.9308081545670815
2 0.29299429870411586 0.8593113319369391 0.32073822366146487 0.8972367215327701 0.24115865878354725 0.9554370586758542 0.21341530644804152 0.9175121864605545
2 0.111328125 0.924804687500003 0.1454064327795095 0.8983066784517925 0.19451731148592444 0.9614500466307346 0.1604392723293131 0.9879477516229678
2 0.14708327943799304 0.9903534221875623 0.11498276600934787 1.0172056964165666 0.06537183471209573 0.9579151320859809 0.09747190151233553 0.9310631618089671
2 0.005892364361898217 1.0000105916126734 0.005482939527041708 0.963519382082337 0.09334011160012778 0.9625336546697963 0.09375001062073807 0.9990243829891924
2 0.22574275746319472 0.9026209509420123 0.20258234997015734 0.8684971068012458 0.262785542239385 0.8276455529255163 0.285945873501646 0.8617690703163566
2 0.16245983878093284 0.9018342802575868 0.19590073767392369 0.8767602729475621 0.23445583512170742 0.928167946064368 0.20101513279053052 0.9532417276015219
2 0.40429680144666236 0.9804686975598508 0.404296875 0.9990234470919931 0.36328125 0.999023437500002 0.36328129118135166 0.9804688028362647
2 0.001272298201229205 0.893432056794766 -0.04997427310490821 0.8197013812701645 0.04126473628707572 0.7562988134473388 0.09251105083433231 0.8300284858217023
2 0.012649571430642936 0.7103568000330681 -0.02029978437144564 0.6686258629675406 0.061644711199846824 0.6039339796127149 0.09459385178570301 0.6456644794888234
2 0.10988924320326987 0.8325336298671911 0.048731584807796935 0.7587964744548646 0.15073230737164067 0.6742122885236321 0.21188930069320122 0.747948318602063
2 0.0009989704386725862 0.5075912646392511 0.0789344707895907 0.5083946433639083 0.0778391925446158 0.6146373956065836 -0.00009630770603052952 0.6138340242219887
2 0.07177048496043881 0.7339359611547595 0.04393841079615868 0.6956717675932241 0.12726439566972658 0.6350720210746662 0.1550963282519433 0.6733358040813072
2 0.7556328492016746 0.8423740260883038 0.8577349799867307 0.837001618978298 0.8661839905346369 0.9975347305713308 0.7640818715152591 1.0029070163167286
2 0.9687505287084832 0.908203125 0.8945311990698883 0.9082031249999998 0.8945318102258852 0.849609375 0.9687499721734412 0.849609375
2 0.8926199500521079 0.9276937125857192 0.969354294251616 0.9287741668267814 0.9683359065121522 1.0010804427789255 0.8916015625 1.0000000000000004
2 1.0000002134759143 0.9921875000000002 0.9785154606277047 0.9921875000000002 0.9785156509532271 0.9277343749999999 0.999999996715701 0.9277343749999999
2 0.7618088866103108 0.825744054643998 0.760545734718221 0.735944182813651 0.9702020489659162 0.7329943100085333 0.9714674084630133 0.8227919287047251
2 0.7747364661631764 0.4725014157824845 0.7754720009378389 0.4276556347501825 0.8519115113587077 0.4289091963320829 0.8511762158107103 0.4737547417230465
2 0.7600462119495432 0.6541092603946924 0.762101354212291 0.4755440326793189 0.8753673162876794 0.4768477484574028 0.8733139309225635 0.6554112550182348
2 0.7751077463559568 0.7343511621498515 0.7754125583812765 0.6933377867701488 0.922062626931961 0.6944265932306019 0.9217584744151281 0.735439317238983
2 0.9296875 0.423828125 1 0.423828125 1 0.65234375 0.9296875 0.65234375
2 0.859375 0.427734375 0.9140625 0.427734375 0.9140625 0.4755859375 0.859375 0.4755859375
2 0.915951850102374 0.6357074070184736 0.8846713194684526 0.63466483619905 0.886776370186908 0.5715189247148357 0.9180565362041762 0.5725614894361459
2 0.9779413551821108 1.0013205927852058 0.9659925692877778 0.9983342845648784 0.9737476350558154 0.9673142823315636 0.9856963111998311 0.9703005761584724
2 1.0000003907151722 0.8251953125 0.9707031112101276 0.8251953125 0.9707035283450978 0.70703125 0.999999996744009 0.70703125
2 0.8669516785204223 -0.000008519950769282627 0.8672757399277771 0.028184599898682924 0.7815740554574404 0.029169673985100106 0.78125 0.0009765625000505455
2 1.0000002091430815 0.17578124999999997 0.9179686007244072 0.17578125 0.9179688518421472 2.4848083448933725e-17 0.9999999988315267 3.727212517340059e-17
2 0.779341241011366 0.07230868762729128 0.7787605647263263 0.03340060115425346 0.8726936687671696 0.03199869954065494 0.8732743741766171 0.07090675440783553
2 0.883086028583989 0.07823696162989807 0.8822041056236003 0.11880889153646765 0.7824295446857832 0.1166399616318067 0.7833115270068447 0.07606809069339093
2 0.8571713377242531 0.12847700638033024 0.8585956725746655 0.16978035409370282 0.7872230383838996 0.17224152383614919 0.785798773728061 0.13093824665564063
2 0.783203125 0.17578125 0.875 0.17578125 0.875 0.271484375 0.783203125 0.271484375
2 1.000223024745651 0.35525732221746187 0.9499358711902914 0.3556298119928575 0.9487369942590931 0.19373186207156506 0.9990234375 0.1933593750000005
2 0.79296875 0.3837890624999453 0.7973364147882194 0.2702618930012364 0.9177254185727861 0.2748933396066395 0.9133584644704342 0.38841983253799006
2 0.775390625 0.322265625 0.814453125 0.322265625 0.814453125 0.361328125 0.775390625 0.361328125
2 0.9246805963433644 0.3257671601256511 0.9664030165361055 0.32357133080867884 0.9696240466357722 0.3847711046029477 0.9279016270544389 0.3869669266531523
2 0.8143670830738756 0.3631999118956411 0.814955020775642 0.38377467897100803 0.7774297831809918 0.38484687578413507 0.7768418906766783 0.3642721525814617
2 0.5691465238843421 0.6573984493820516 0.5254936955360563 0.6780099822488767 0.4841100289252154 0.5903738665952563 0.5277621720898651 0.569762523513543
4 0.91015625 0.904296875 0.966796875 0.904296875 0.966796875 0.98828125 0.91015625 0.98828125
4 0.8812846931569993 0.971346581569532 0.8382695377958953 0.9746545283839244 0.83463931002143 0.9274581838291257 0.8776538787030859 0.9241502596842024
4 0.8428541016420468 0.9737583892728872 0.8190714998930844 0.9684748444286685 0.8249998356224069 0.9417978075931212 0.8487822543978609 0.9470813313418681
4 0.9162073847342072 0.7494465608813553 0.9246489977493866 0.7109982912165206 0.9916388485921743 0.7257039544371258 0.9831975760582736 0.7641519276579595
4 1.000000315294642 0.7089843750000001 0.9433592539860456 0.7089843750000001 0.9433595696732482 0.6503906250000001 0.99999994436007 0.6503906250000001
4 0.9142875218456084 0.5315374834280833 0.8578380644413528 0.5339916210079246 0.8552660867414943 0.47483046679019225 0.9117150326371757 0.4723763403429021
4 0.9120644923306145 0.6419620841604525 0.9092547223741576 0.6644380789838488 0.8679084926005771 0.6592698408777519 0.8707183417005808 0.6367939387952126
4 0.5795725056184438 0.6494441947665045 0.514167945972531 0.6357562647632637 0.5454362940834017 0.48636817980032265 0.6108391664391775 0.5000559262459157
4 0.9428879876556948 0.2570379692105856 0.8983498821061175 0.2544181228158765 0.9014413008775364 0.2018655907475266 0.9459792411390708 0.20448543223136095
4 0.339843733476755 0.07226562302577035 0.3398437573924866 0.02539061411442178 0.42187499927320005 0.02539064515394939 0.42187500419231583 0.07226562523034141
4 0.0703124800486421 0.18554684957946405 0.07031252764886631 0.2197265641412669 0.005859361811872077 0.21972655601572974 0.005859382053358786 0.1855469092951512
4 0.18480270358452344 0.3734139470919189 0.13800433462984074 0.33512573513679683 0.16898357044931345 0.29726237770431063 0.2157817914428506 0.335550492537426
4 0.0009765587399215292 0.3046874999511699 0.04989789406317868 0.3053228171787239 0.048607451264047086 0.404687153277266 -0.000313883982016705 0.404051839504765
4 0 0.443359375 0.068359375 0.443359375 0.068359375 0.5341796875 0 0.5341796875
4 0.21593590447014321 0.6133809760447978 0.2836262181576785 0.5789865557914764 0.3755830921077177 0.7599392053665669 0.30789327231980224 0.7943328904900742
4 0.38690334698969764 0.4465984250326869 0.4407561397797508 0.4654455262134789 0.41712719853580893 0.532956817529944 0.3632744541556576 0.5141098165457507
4 0.0860644960131367 0.5637991277766738 0.1375827981397606 0.5570800504672644 0.14660058716992808 0.6262164560891961 0.09508229292805481 0.6329354909944125
4 0.07569376135802486 0.5696524538816033 0.04958910544769424 0.568117023516434 0.05229666729781002 0.5220906364458712 0.07840112415215117 0.5236260609520633
4 0.146484375 0.9990234374999772 0.14648512784219747 0.964842969799812 0.2480470287530352 0.9648446312948086 0.24804679566034338 0.9990245807636686
4 0.1048869897433633 0.9251178865507335 0.09604248806613214 0.9086962933637933 0.13901989009923454 0.8855548511279603 0.14786440158036385 0.9019763339431993
4 0.1817591150277167 0.8924235288275628 0.16053083734493612 0.9071165752694024 0.13978819388205466 0.8771549773363408 0.16101632269260335 0.8624620030496501
4 0.2070293538220085 0.9814434006845597 0.2294937376169628 0.9589857214790791 0.25488380961712664 0.9843760273591066 0.23241954665968478 1.0068335858007356
4 0.3069847138114028 0.9366939176208098 0.3357944461860143 0.8900163111394755 0.4377073928048958 0.9529008077845406 0.408898581940889 0.9995776087021464
4 0.5433780105380492 0.8439505964106642 0.5556301727316395 0.9082561421997039 0.4819448833362685 0.9222913268159283 0.4696934589569537 0.8579864293079895
4 0.4082033188515197 0.8427734294244741 0.37278264851863696 0.8442489939977585 0.3706148237591833 0.7922153597631553 0.4060350369753678 0.7907398046999525
4 0.41821449452083925 0.8404950061753268 0.46061780456204815 0.8663445506237715 0.4234987184189549 0.9272197194050639 0.3810955976563264 0.9013704230312027
4 0.253859198818418 0.44154284745189426 0.27626101477187603 0.45867252684877907 0.2546398506069636 0.4869463199640685 0.23223807249803485 0.46981668367732277
4 0.33984338422271776 0.46386680967683896 0.3583987479363486 0.4453127201350033 0.38769567152360196 0.4746097475813335 0.3691403627396994 0.4931637822147215
4 0.3307671644416814 0.4493911876549937 0.34386530673714333 0.4712198812659207 0.3073879264883317 0.4931062862034644 0.29428986056086615 0.47127765904711166
4 0.11448322905175701 0.1736778740420452 0.08586233424489365 0.19275833726963304 0.059119543885685744 0.15264415886210556 0.0877403881211194 0.1335637187145447
4 0.873046875 0.03125 0.904296875 0.03125 0.904296875 0.0625 0.873046875 0.0625
4 0.963451458345844 0.10424080409679208 0.9366491158813233 0.13699912957996724 0.9114422052545024 0.11637529811451912 0.9382445376587611 0.08361699065561734
4 0.490234375 0.9990234374999558 0.4902345064075462 0.9863279491293412 0.5351562951632332 0.9863283012120463 0.5351562499990905 0.9990237033808999
4 0.2610013137896203 0.7709047164199766 0.2018751673541601 0.7864616609692894 0.1768287662645207 0.6912835819528234 0.2359536862072673 0.6757268069940907