2 -0.010469321559639866 0.6603481946332285 0.0054859568914480406 0.44722827566378687 0.3138398407402292 0.47031084904161713 0.2978906664164924 0.6834248900332822
2 0.29547412817487384 0.5777914261256183 0.19809229473059986 0.5703011299088198 0.20560684590566325 0.47262194722513867 0.30298713566344304 0.480112183210822
2 0.3244216015599477 0.3533099993171667 0.31191525513020224 0.47338778028791634 0.059365532228639495 0.44708255197765806 0.07187353478650493 0.32700660561488815
2 -0.0014527684305676303 0.891615913379656 0.0009765625 0.8066406249999504 0.0755254028440504 0.8087713680704576 0.07309691432033105 0.8937458427483392
2 0.22747256810691852 0.8190668655748153 0.2173592821291095 0.9016547726986817 0.10480833098949915 0.8878739833274457 0.11492265935930845 0.8052872867720471
2 1.0041303238651835 0.4281980736125823 0.9997758899493192 0.4760980812652012 0.9194734539634055 0.4687981788761129 0.923828125 0.42089843749995837
2 0.00031318758408360736 1.0000029292008104 0 0.9287109375000028 0.23018758605337553 0.927696803033879 0.23050317355864536 0.9989864092559271
4 0.5316205103546281 1.0000561362363691 0.531140366282898 0.773498178811925 0.9995059262336099 0.7724990946899117 1.0000000425562803 0.9990429167394438
4 0.7449983060677141 0.7217734303157227 0.7405202538271851 0.7620752637625374 0.5370847011948854 0.7394721779036448 0.541563550561591 0.6991712735125659
4 1.0187425090226725 0.7391634764302566 0.9906733515629185 0.8212056254684823 0.7940575081879615 0.7539458030417208 0.8221276334622871 0.6719055782392606
4 0.8990512957110468 0.6309544075943591 0.915519514262769 0.6676860326062847 0.8699836263634779 0.6880986279429101 0.853515625 0.6513671874999992
4 0.6255414512017978 0.3427003882874849 0.8425172800132259 0.3703132294228756 0.7960844795269395 0.7351427796094722 0.5791087990401138 0.7075307864396269
4 1.0000005251852144 0.4267578125 0.9179686210916316 0.42675781250000006 0.9179692705877187 0.298828125 0.9999999959601382 0.298828125
4 0.6279049120581703 0.695201370715246 0.6006407874575643 0.7117947343514959 0.5624915634897434 0.6491211391404283 0.5897553755046374 0.6325278989725568
4 0.7625184212906788 0.6727281721684907 0.8727343360766326 0.6892578989393751 0.858007051159575 0.7874398861618476 0.7477911722135104 0.7709103419816175
4 0.7069599152570163 0.3468726167626897 0.6290512848609069 0.3442757349577113 0.6328875008048271 0.2292017476660357 0.7107953264603566 0.23179861584359254
4 0.6929032803881228 0.27517230608191856 0.7070279934602013 0.11341127846971887 1.0091955921055842 0.13979515872724102 0.9950725279273911 0.30155466958828564
4 0.7022236997530626 0.22889129623087753 0.6440053725601729 0.24053482381221605 0.6288311895549441 0.16466336786397387 0.6870492439927602 0.15301986908271503
4 0.7622356095707801 0.39762474037158335 0.7649927607234304 0.3298216594484034 0.914453419966776 0.3358987481998013 0.9116968592721832 0.40370126182643856
4 0.5917407232795995 0.09246476582753484 0.6059857212712814 0.007775731678072506 1.0142441933782038 0.07644598620190154 0.9999997291427007 0.16113442285296734
4 0.6066305695516121 0.23399599889460718 0.5609068451344683 0.22235729938392684 0.6063499061821176 0.04383225922203733 0.6520732787607812 0.05547091073342215
4 0.5875781010074661 0.22582036655642215 0.6203906183380923 0.2305077687141686 0.6081249976141407 0.31636713929669397 0.5753124839498014 0.3116797539648721
4 0.13398436144507286 0.25058582291149 0.18320329106620648 0.23417994036661724 0.21132815314877007 0.31855486943055444 0.1621092549282821 0.33496068863849443
4 0.3553540377123454 0.15866252582926244 0.293037600848038 0.23136474133752374 0.21293645711398312 0.16270668000116903 0.2752527764041588 0.09000464354829517
4 0.3338836636734186 0.3470059817845462 0.17348945987350817 0.3304138859634298 0.1883319638282046 0.1869464411843534 0.3487243553876169 0.20353844415420622
4 0.09587212241069665 0.37574437112456904 0.06628479837581835 0.3804158725064448 0.0610589137701254 0.347318351542715 0.09064613031102908 0.34264685882475077
4 0.1325348667145363 0.32823105081164 0.09930672090013104 0.3269019634588387 0.10076694516453699 0.2903978821081979 0.13399497587124642 0.29172696714458596
4 0.2324620723558155 0.11512733821547907 0.19640946106608226 0.13151486256428402 0.1609589062034047 0.053523640040747215 0.19701144958628447 0.037136133566359954
4 0.314635872846452 0.038945855729385075 0.4771531804328788 0.17191225870476265 0.26647621768393037 0.429405218092942 0.10396015590561092 0.29644029103312497
4 0.06590136253123546 0.40645205528380157 0.053272899353487446 0.4359171483849404 0.020036136408293714 0.4216728705473497 0.03266462123292513 0.39220784467042713
4 0 0.4453125 0.0361328125 0.4453125 0.0361328125 0.4853515625 0 0.4853515625
4 0.11678535941643986 0.13022746665786433 0.12396604051468785 0.1589498971681699 0.07640166137809956 0.17084098880335977 0.06922101809527703 0.14211859121162826
4 0.09277337727291979 0.11132806011078733 0.13378913181179541 0.070312531800184 0.17187505201445674 0.10839856324502901 0.1308593369525397 0.1494140528274788
4 0.03338800158758204 0.25670389101957025 -0.002111682086933797 0.20700492225084483 0.0544234634555778 0.16662279068873745 0.08992311295583022 0.21632164890270117
4 0.08007812492235189 -2.4315479999656945e-9 0.0800781272940867 0.03515625090100012 0.029296873183170646 0.03515624847966318 0.029296875624368113 9.282477102546197e-11
4 0.267353747770926 -0.00004274999227417633 0.2677745600041135 0.0458249608779065 0.1566707938950458 0.04684425014228315 0.15625 0.0009765625000518563
4 0 0.244140625 0.03515625 0.244140625 0.03515625 0.3154296875 0 0.3154296875
4 0.36397531464240274 0.05658018242885254 0.39644257127986293 0.05912662039003103 0.3825251568331396 0.2365736439284663 0.3500579013002607 0.2340272160357736
4 0.3328231618670543 0.3428751538060758 0.3707485745411532 0.3442797211744944 0.36593803836319694 0.4741652061162971 0.3280126263518923 0.4727606501299975
4 0.3217534717688295 0.4840834068903073 0.35601782186233777 0.4859353643815451 0.35022391775851247 0.5931233438518527 0.3159595690461856 0.5912714026810788
4 0.3088203270382337 0.6543238087737919 0.3420235335340749 0.6582295045895461 0.3354109597751176 0.7144366095230646 0.3022077572489934 0.7105309367353041
4 0.29679990019678826 0.7293605517038704 0.29055599929802156 0.827201843133831 -0.005406887281765194 0.8083121428030913 0.0008401645077356079 0.7104743450463481
4 0.26847546012629664 0.9317355429970228 0.21240905806917 0.918546381261574 0.24291747247161766 0.7888908280555885 0.2989819989543321 0.8020797602114578
4 -0.006742396700360587 0.9279571998262189 0.005088062871095644 0.8622667432115046 0.24648281257771032 0.9057268514163981 0.23465491035881314 0.9714150438754672
4 0.23246003665985882 1.0000121792645977 0.23186226564769186 0.9539303493590904 0.32204531630429756 0.9527604861551022 0.32264369755694133 0.9988416994678969
4 0.20792989842004772 0.9811495623319604 0.21805157239214168 0.9339318578291285 0.28834400341895616 0.9489955368762019 0.278222901605659 0.9962127431480836
4 0.34433191443565647 0.8369922185814197 0.37258164775767 0.8384043401241256 0.3655071583029894 0.9798963391998259 0.3372574270375708 0.978484245379463
4 0.320724574197925 1.0003825746772854 0.3198656372505866 0.9771938298581813 0.362919959100509 0.9755994613618636 0.36377904048856635 0.998788055805808
5 0.005747706055785784 0.4374227027158819 -0.039883330063616995 0.3992716590327292 0.322874073441767 -0.034600139552773294 0.36850395562964877 0.0035501151638236013
5 0.77734375 0 1 0 1 0.0400390625 0.77734375 0.0400390625
5 0.39762629691040274 -0.010641934356654047 0.5686483537672302 0.0051747064172311995 0.475685129749877 1.0103043713260154 0.304663210966055 0.994488908746928
6 0.5239843562835631 0.796808691788034 0.27916367550096766 0.6047019981032268 0.7665623409830005 -0.0163947917101079 1.011371404780789 0.17570490883779033
6 0.5534262436127619 1.0039447860232438 0.4971418530236633 0.998943011666907 0.5123911961734393 0.8274036904692957 0.5686729191641007 0.8324053461977026
6 0.7168353658508977 0.35946726207231416 0.7120745904824162 0.3709186304449889 0.6202392050720391 0.33274036837038734 0.625 0.32128906249997635
6 0.7610946324682573 0.36712701588605734 0.7556982122899853 0.37926856878859316 0.7140181131082954 0.36074417151734145 0.7194145421585745 0.348602649218011
6 0.9990230031254441 0.25195285480861085 1.012074223841637 0.2600710244060382 0.9248627086838042 0.4002726441460154 0.9118115385987267 0.3921545415926755
6 0.9164981432332979 0.40274571741481063 0.9155003922228389 0.41604987600276633 0.8022700416281623 0.40755809930662423 0.8032678780374454 0.3942540338063688
6 0.6781177751634004 0.11375010337383192 0.6629486482753464 0.12417885378598358 0.6331155588620732 0.08078528225181464 0.648284668391625 0.07035654015116437
2 0.11852201374790639 -0.013112350236098793 0.17384202641790125 0.015864792501730868 0.14536185027429838 0.07023603394487694 0.09004184225761946 0.04125889857313585
2 0 0 0.0283203125 0 0.0283203125 0.1181640625 0 0.1181640625
2 0.07305742750088484 0.013539908017851071 0.09375000122167876 0.028320310837885474 0.0714474244266512 0.05954391735484613 0.05075485347549602 0.04476351783291205