2 0.48535156248669864 -1.4008387144357065e-9 0.48549079381939464 0.014619209588863367 0.38295172966786595 0.015595771119165634 0.3828125 0.0009765625000369667
2 0.6914062497551186 -8.140290406626376e-10 0.6914062515834303 0.024414062125018343 0.60351562340486 0.024414060223186543 0.6035156252468141 3.516098805353158e-10
2 0.8259673101661065 -0.000021137248170268147 0.8262992166647791 0.042793646287612265 0.6935249646990087 0.043822893661146174 0.6931930777337811 0.001008133645558585
2 0.22695701647637634 0.3441581323483329 -0.03504265865740308 0.3109939467519859 0 0.03417968750000456 0.26199557154188824 0.06734360952619318
2 0.26312088157158087 0.0793023688555283 0.3119790326169323 0.08692239697171321 0.294921875 0.19628906250000155 0.24606372872892734 0.18866905175295062
2 0.3107373977329644 0.08667590516862135 0.3798407712746439 0.09601413960644548 0.36749715230689617 0.18735704245236465 0.29839378193003085 0.1780188257168023
2 0.2338654947948271 0.26203257811000774 0.24086099984538123 0.19068243317884656 0.334097545969712 0.1998236150662855 0.3271022954742193 0.27117352523203925
2 0.1444371762921719 0.2590744173706097 0.30193522936826866 0.28094828578788145 0.27821982792852396 0.45169994920489714 0.12072182549934496 0.4298262826389858
2 0.1209268379312789 0.33689132637682784 0.10306575233664717 0.4738287849838893 -0.017088652041024943 0.45815662023225734 0.0007732734032970257 0.32122015836416734
2 0.000976665236748886 0.4452859901801768 0.1506041979658903 0.4459629682356576 0.1494257883911132 0.7063949481480657 -0.00020174414044049627 0.7057179854063805
2 0.16953930870954537 0.9654779624960476 -0.007795080695473189 0.9463853100002537 0.000018810306414707156 0.8738488193669101 0.17734960594555105 0.8929412764942518
2 0.0002807961321877883 1.0000095243474239 0 0.9794921874999727 0.07206485752180924 0.9785059087491301 0.07234587352343169 0.9990230230308742
2 0.5787401145300919 0.9011584278702471 0.5772879244718752 1.0030966538960018 0.23985411828266479 0.9982798434781214 0.2413112031182436 0.8963465501287041
2 0.3853985315438422 0.24131643378976309 0.41102761199817905 0.08754717136687312 0.5852249131158942 0.11658094198822282 0.5595966864658521 0.2703494044737124
2 0.3935811324928409 0.20569553282714903 0.36116877573363126 0.19701369375810815 0.39141592060536823 0.08409161942872048 0.423828125 0.09277343749999256
2 0.39502279890575664 0.20642156564626382 0.48284695285678936 0.21861911317617075 0.46773649539852613 0.32741444375022283 0.3799123523797334 0.31521695072699685
2 0.7016468765455102 0.12557525659808766 0.82308966131734 0.1439753822952057 0.78751615704698 0.3787603949260282 0.666073407960198 0.36036043523496497
2 0.3682468568932791 0.39739805811346507 0.3841679784079588 0.293926919739179 0.7917377932425325 0.3566345210211405 0.7758194368274189 0.46010313515562984
2 0.437794412930657 0.5527050269154404 0.34570249684168175 0.5390626542734372 0.3792608718337078 0.3125531103040727 0.47134995501187404 0.3261952649986085
2 0.4376551024154196 0.5506574470020599 0.40082142666869913 0.8085150370067042 0.1085141208211553 0.7667576878967304 0.14535417235424575 0.5089075045095275
2 0.14959777832314103 0.5112708963321936 0.1541023324600701 0.4749769212668131 0.3072659539226379 0.4939845781089554 0.3027618732882047 0.5302781183128771
2 0.4593518069904121 0.4173440564879599 0.7234837304481516 0.45388606245801444 0.675365911510994 0.8016544377223976 0.4112342777914364 0.7651136192216398
2 0.8962050825718961 0.23421335152782008 0.903247312887288 0.17950384166539385 1.0047526008664818 0.19256936172465292 0.9977105690747976 0.2472786969603573
2 1.0070470328623742 0.2864227667134856 0.9993349105861853 0.33526698264902854 0.8871040426732861 0.3175466100151361 0.8948163728379086 0.2687026372547173
2 0.8797159676163346 0.37454741878117953 0.8837893755672894 0.33789045466469436 0.9706079241244652 0.34753746733017815 0.966534708307222 0.38419425496072895
2 0.920312175226286 0.6768523260850435 0.8547930594431818 0.6681813258795876 0.8931197363658612 0.37861911986743624 0.9586358508339572 0.3872899204327659
2 1.002085537383664 0.7072156246423382 0.9958560166651296 0.7445891741979483 0.913507550573172 0.7308647569461858 0.9197373421058046 0.6934915486075849
2 0.8235734131751542 0.792242778417338 0.8299575010197486 0.7436411386185134 0.9354027658931727 0.7574891605339745 0.9290193524960841 0.80609018949967
2 0.8234284721825134 0.7921796877963831 0.8302340690305527 0.743262908506888 0.9861327295213869 0.7649475937667977 0.9793281440986448 0.8138634635557842
2 0.9755859256902113 0.8593749988573872 0.9826393501014081 0.8600574277968245 0.9797096740131792 0.8903308636731943 0.97265625 0.8896484374999966
2 0.7941118014899757 0.8734993864489244 0.7993058225949881 0.8267671154275245 0.8554691851277312 0.8330079296920463 0.8502755391690471 0.8797398579351384
2 0.8545455370232276 0.8799561567959701 0.8612388963393869 0.8369432769237611 0.9860811293223151 0.8563652181343021 0.9793885741996746 0.8993773815487928
2 1.000000062831873 0.8779296875 0.9843749910240831 0.8779296875 0.9843750740511723 0.841796875 0.9999999982546797 0.841796875
2 1.0000001673397492 0.630859375 0.9726562402969421 0.630859375 0.9726563567320454 0.572265625 0.9999999911926807 0.572265625
5 0.8509791604868724 0.04367740760738952 0.8412595169288579 0.14851658078495444 -0.006392883084004097 0.06992627988875211 0.0033273446201746992 -0.03491120001906269
5 0.7914340940280908 0.9734273837492525 0.6963776898755896 0.9607559483933561 0.825957006990734 -0.011094783666461314 0.9209968944790035 0.0015754035335051886
5 0.9066616005412698 0.8910577845781414 0.8907700888106547 1.0128838961181834 0.695298268450415 0.9873878176205739 0.7111926944958213 0.8655650846490609
5 1.0031761140074877 0.9324070462884344 0.9990221714183463 0.9812160440705174 0.8418730309143712 0.9678433482851648 0.8460279805718756 0.9190354756723157
5 0.7177733976112677 0.9609374928426014 0.7442640003465613 0.9656908060782176 0.7374280954833239 1.0037767231991683 0.7109375 0.9990234374999983
5 0.720539746115719 0.8628134826227541 0.7065298921795602 0.9561093967815418 -0.013115222290139172 0.8480274785588005 0.000901817715771358 0.7547402140906752
4 0.9037218364865112 0.08257926564156604 0.9127492258088523 -0.0026781671990794248 1.009027315177832 0.007516144268486314 0.9999999928603529 0.09277350492994516
4 0.893789270400589 0.2536119984322759 0.8588631503915849 0.24895523947042644 0.8711364309253895 0.15690676302110348 0.9060623544122564 0.16156350884488427
4 0.8573761965992617 0.2396184555029936 0.9080975017748187 0.24595826749726138 0.8700872519494851 0.5500447103128876 0.8193659659212926 0.5437050141319029
4 0.7932081523033503 0.3274986395328023 0.8311938097759821 0.3323329328314899 0.8138483449994283 0.46861953881731144 0.7758626948497067 0.4637852855905461
4 0.7357769809594856 0.4935118703585644 0.7974648386143599 0.48734360133332105 0.8040977280463721 0.5536726960596794 0.7424098754662509 0.5598409321528057
4 0.8395559967730151 0.7053180673762537 0.7932405942328842 0.7011080235590885 0.811076040616399 0.5049311727877569 0.8573897867377127 0.5091411412892768
4 0.8190479446004701 0.8133419955881043 0.7786525650309386 0.8021229899955113 0.8071528064771201 0.6995246761945842 0.8475472603398657 0.7107435465462443
4 0.9189880214443065 0.8103705526560178 0.9106042628783371 0.8455770801150905 0.809824677444908 0.8215823887450944 0.8182087449158644 0.7863763127041489
4 0.9628689369537824 0.7453159909827888 0.9960459488111155 0.7396295983426909 1.0126852383262985 0.8366930175665865 0.9795082440145961 0.8423793428850473
4 0.8278694889020244 0.9113857663691795 0.83073979522635 0.8755215060471874 0.9163639404963533 0.882372287858752 0.9134940847811777 0.9182361269562415
4 1.0000000748659659 0.9052734374999999 0.9804687249873041 0.9052734374999999 0.9804687975241677 0.8769531250000001 0.9999999973261993 0.8769531250000001
4 1.002019254882157 0.979639838084888 0.9988406598117763 1.010152346339185 0.8781604794872919 0.9975828985412388 0.8813395645926221 0.9670709431454563
4 0.23284215179864987 0.8583348433109601 0.2519821639443762 0.8672647736258714 0.2420026854678099 0.8886493604612192 0.22286269080939292 0.8797194581807166
4 0.31825015342758434 0.8715775040361046 0.3083315615024276 0.8973600736459729 0.2859513548440873 0.8887523370280727 0.29586998087791017 0.8629698501071853
4 0.330078125 0.8974609375000379 0.33586386860383755 0.8685398844709146 0.35990188788014166 0.8733476315777368 0.3541162533813349 0.9022685890738894
4 0.37287289669188795 0.8982502005425945 0.3738337950786672 0.8723163577894745 0.40677454463855156 0.8735365758592936 0.40581376572015415 0.8994703030895759
4 0.4503665023941039 0.9122890080868231 0.45396535504596613 0.8809394178347946 0.5445683831511587 0.8913375201736413 0.5409699607193943 0.9226867173459607
4 0.619140625 0.91015625 0.65234375 0.91015625 0.65234375 0.94140625 0.619140625 0.94140625
4 0.7421874856805744 0.6874999534128232 0.742187620836603 0.7509766125155927 0.7128905781494268 0.7509765179821113 0.7128906462169198 0.6875000615729533
4 0.721678906075681 0.7617179882754728 0.7645514400815046 0.8035094832070656 0.681545299292452 0.8886443682661208 0.6386733766067891 0.8468534948868719
4 0.8648340515595692 0.7475665751201034 0.8667075848937884 0.7269625585990722 0.910908814920731 0.7309810868805074 0.9090353927269916 0.7515850002037999
4 0.3365550518916507 0.7954636503431928 0.3430965863678921 0.8390628302002009 0.28665204363176144 0.8475295628853927 0.28011085713671946 0.8039306951687574
4 0.41387318776833126 0.7571409734685864 0.431720103831708 0.8023430286287958 0.34665161585462556 0.8359229897654461 0.32880529083934107 0.7907214350746542
4 0.32317337991526074 0.7849576812765401 0.31945469676804805 0.8137749767303244 0.23944828487162795 0.8034520523883274 0.24316720633942168 0.7746350352258466
4 0.36468744092212546 0.2500576952951205 0.351718440197601 0.2691294571560507 0.3200388183980749 0.24758735904361542 0.3330078125 0.22851562500001135
4 0.294921875 0.296875 0.32421875 0.296875 0.32421875 0.333984375 0.294921875 0.333984375
5 1.0000014034285414 0.6943359374999999 0.9355467664453272 0.6943359374999999 0.9355485087012312 0.380859375 0.9999996014353201 0.380859375
2 0.19784715450259682 0.8699078979338251 0.19324966457213577 0.9024446758327107 -0.004214372695173552 0.8745465599111295 0.000383829418865389 0.8420106527230058
2 0.18180896985586514 0.9652449208825964 0.17808000393779366 0.9937207548486449 -0.0033569011426379802 0.9699653802307827 0.00037271265591698466 0.9414903168910841
5 0.14635969771973123 0.47027505816282517 0.2270083513510599 0.11546503079520401 0.4436198322270002 0.16470079734617296 0.36297567948145115 0.5195068532692216