5 0.82475034366621 -0.01389261329515318 1.034418730445509 0.0028216225440412987 0.9536795663669864 1.0155703465177366 0.7440113177605099 0.9988574440234342
5 0.6776150877881264 1.0057112480766708 0.6426731856754486 0.9948863126914829 0.7556876767239373 0.6301741822459244 0.7906264409148207 0.6409985924032143
5 0.3997322393167906 0.8848794137170639 0.392760135389949 0.9412367649113804 -0.006974706258688457 0.891786298245186 0 0.8354321203124897
5 0.17424235112821407 1.003411050987065 0.110615403653469 0.9985180319266311 0.11659046513352678 0.9208533050907481 0.18021597451422622 0.9257462688103224
5 0.015123829663480137 -0.004462865333920169 0.048243767744338584 0.000053482444624265296 0.02915623831790981 0.14002875224872652 -0.00396369856707679 0.13551241126230293
5 -8.867345968610607e-9 0.2509765630863078 7.1084969022194855e-9 0.22265624528297806 0.011718751843318387 0.22265625666938135 0.01171874787598881 0.2509765623689294
5 0.05225443002927932 0.14275136011732262 0.04542183701744307 0.20082857501014728 -0.005856096519323728 0.1947958858829779 0.0009765625 0.13671874999995798
5 0.22787012499998127 0.22434825000003616 0.23561453439788238 0.16513074514309828 0.5026108374999012 0.20004698281254538 0.4948669979985425 0.25926397479226926
5 0.25996121380342174 0.16662450619571428 0.25367882241664574 0.22346104261764377 0.03205396535588534 0.19896308450849376 0.03833666894354337 0.14212684807124848
5 0.24796869705755853 0.025329497071335427 0.25456011459323236 -0.028343022386911998 0.5277494189127765 0.005206816002846328 0.5211580497474415 0.058879279272119396
5 0.25185964722118115 -0.000007680721287558887 0.2520031868256183 0.01649922454902797 0.1388154121215166 0.017483465511659642 0.138671875 0.0009765624999630662
5 0.23941206638198764 0.20507035161130874 0.2811582558176724 0.21112615235314236 0.18764954332925754 0.8556921978579342 0.14590342438907555 0.849636708994362
5 0.5296868247353359 -0.007138421786327436 0.5991480535625442 0.002895902645227337 0.4540775351672437 1.0070605475569256 0.3846164572444195 0.9970270084244854
5 0 0.9990234374999993 0.0000015555636991848587 0.9082031071063638 0.07617242487140174 0.9082045188890986 0.07617187499761258 0.9990238421268023
5 0.07608376560699526 0.952218078152444 0.1059094824922795 0.9459408154061771 0.11667470280087855 0.9970760560193512 0.08684900101400217 1.0033532701508383
2 0.06070049012976142 0.0016129745647036147 0.11133909735099223 0.013298804394208821 0.10222085740849707 0.05281117960711094 0.051582250592446144 0.041125351689631356
2 0.11125260726009856 0.009424086019056838 0.14330925921672133 0.01622397953140173 0.13557227653279824 0.05269832982983937 0.103515625 0.045898437500011144
2 0.05245647848528279 0.08475071353900326 0.05695731683181293 0.04295776331136982 0.13172124629647897 0.05100934855523009 0.1272204430806596 0.09280226662191751
2 0.04383436342084224 0.13071436834198166 0.05026526118615493 0.0824832364627694 0.10201453403408323 0.08938320182248011 0.09558368303942189 0.13761429149751508
2 0.26140318271404794 0.04451613155185796 0.24902346326382485 0.14355468729593235 0.12306187264414348 0.127809473433379 0.13544173084278555 0.028771080975409157
2 0.262220021791677 0.029030843251678914 0.29436414088741003 0.034073043120798625 0.27502491684413144 0.1573606693498866 0.2428807995910347 0.15231847874291018
2 0.28713664885378876 0.05000976392016595 0.31227094755593043 0.053705972650397976 0.2979160681346684 0.15131921556497646 0.272781770709571 0.1476230122333604
2 0.3454777740971622 0.07241586314968829 0.3079176599529774 0.06490384636727951 0.3141526449179537 0.03372896723363596 0.35171274079971226 0.04124098217203533
2 0.3048880701521739 0.08515653838711855 0.3304152624498329 0.08653637920448136 0.32624869581195526 0.16361795795684908 0.3007215036788011 0.16223811915024622
2 0.33300780646652584 0.10156249913807176 0.35515624758909325 0.10472654520680717 0.34765625 0.15722656250000053 0.3255078095658064 0.1540625197270382
2 0.3706881252689982 0.17219049638901307 0.34713037587437157 0.16924579253831024 0.3558443587359079 0.09953426309361561 0.3794020416389685 0.10247896279134569
2 0.38184746307831574 0.1014766142062758 0.40638717987769724 0.10477297290385573 0.3970288594974818 0.17444054014543872 0.37248914365886776 0.17114418639296072
2 0.41680048057355634 0.051893119898240775 0.4113425599466609 0.0835490938335857 0.3815179313916133 0.07840692085846582 0.3869758594819359 0.046750956700413876
2 0.40842291328795 0.08168388973600739 0.5079489322373547 0.09444355609714339 0.495309226220229 0.19303338785908755 0.39578321342582967 0.18027374770861643
2 0.4999347233728031 0.06148152083482482 0.49646197567960826 0.09389406227282707 0.4211545832727097 0.08582544158821705 0.42462735513311145 0.05341292902302555
2 0.6536923344395973 0.21400494921113353 0.5739370803710244 0.20207894794652564 0.6057921649617128 -0.010949396486154811 0.685546875 0.0009765624999984608
2 0.4832209749016556 0.26006573203258904 0.46363106993965175 0.4011173066513921 0.2553007744362503 0.3721825852728862 0.27489186059972326 0.23113241536025797
2 0.4272130154520255 0.5237546574023345 0.33257500674119456 0.5085459059892836 0.35118146194292876 0.39277907586584765 0.4458179474602275 0.4079877021144464
2 0.30393530028084115 0.7229264866085805 0.2052437027554106 0.7084849341312106 0.25339140269102245 0.37949849096342203 0.35207777446350974 0.3939396648820594
2 0.41264211476368473 0.7468936499520502 0.3930206625327628 0.879333321052959 0.18385127948010904 0.8483454345448 0.2034755273544988 0.7159090878531742
2 0.2196033358392242 0.36571620136583205 0.17315031583302698 0.36020496485334846 0.188344693257136 0.23214147989819292 0.2347971593112561 0.23765268263328101
2 0.11424350886431967 0.36412600823936986 0.21574280726042616 0.3766816457304338 0.18906469022465444 0.5923325105823455 0.08756543245613102 0.5797770741981844
2 0.07857967945733435 0.5365124317384632 -0.013493145857864874 0.521975499792346 0.010547205900593326 0.3697273245127296 0.10261812758369615 0.38426410429505253
2 0 0.5703125 0.05859375 0.5703125 0.05859375 0.69140625 0 0.69140625
2 0.06902604934907686 0.6910019375346698 0.07282760000850885 0.6513674596176205 0.15053255752945915 0.6588194269987235 0.14673135148370875 0.6984535851956222
2 0.06812174016204153 0.7971898033579663 0.025120946721585824 0.7892699417628837 0.04216308625450438 0.6967585917569847 0.08516298319534599 0.7046783687324467
2 0.0009765552326825855 0.7441406248882168 0.02939531681920471 0.7445777548105197 0.028418761498301137 0.8080543141426939 0 0.8076171875000007
2 0.02276174818950949 0.6992666927562942 0.041015625 0.7021484375000001 0.037785125304026224 0.7226083007794579 0.01953125 0.7197265625000004
2 0.18391537532920665 0.9284355515800005 0.3765857591668009 0.9432521267067437 0.3711859614288642 1.0134496322040945 0.17851559302130227 0.9986332109750231
2 0.539454615053387 1.0052580834764477 0.4658203125 1.0000000000000036 0.469885922241815 0.9430923577759897 0.5435189902339062 0.9483503971690581
2 0.5425394007972955 0.8985148692385766 0.5351163229321401 0.950468292093417 0.4642967457454006 0.9403515806809999 0.4717202544829888 0.8883986745422061
2 0.4933873782562159 0.7373799628613876 0.5944023309706381 0.7494030853056329 0.5790146324824264 0.8786612800286723 0.4779997126785247 0.8666383503028132
2 0.653300830277999 0.56141080267559 0.6469353101412025 0.6043779932221636 0.5193815337029264 0.5854821305457235 0.5257474491800167 0.54251542662193
2 0.1522682125684014 0.23598662842151719 0.1912912815026857 0.24426407645279147 0.18165610601408844 0.2896870639440548 0.14263304176540714 0.28140963122291734
2 0.14226559236192315 0.2980860236123626 0.18218750087248736 0.30378896051381576 0.17421877187018708 0.3595701653268287 0.13429686679648967 0.35386724453290963
2 0.5638818120895621 0.2804628474758419 0.642325985303728 0.291784093654787 0.6120729971107721 0.5013959479307533 0.5336288527212218 0.49007484711823096
4 0.0009890421697491547 0.07781300001176095 0.016199081239165025 0.07842139996359011 0.015210039056796631 0.10314746224483642 0 0.10253906249999882
4 0.05893724270606526 0.08494073314272271 0.024703656553924702 0.08695447126596849 0.022225222820338786 0.04482084956278804 0.05645878144787275 0.04280711223175896
4 0.09570311537220277 0.1289062280665423 0.09570315089547421 0.1669921898284589 0.05078124753185875 0.16699218377673328 0.050781250293198354 0.12890625910234654
4 0.12845312957745136 0.07573437418798012 0.10207030491210389 0.07093750201481912 0.10716406321614613 0.04292187669792793 0.13354687450203073 0.04771874761457127
4 0.49443415878226915 0.08198608434713507 0.5298049183841158 0.0765444476155057 0.5375383860673537 0.12681201586205657 0.5021676275964637 0.13225364816676258
4 0.5800206688404614 0.024643843243122618 0.608513320912266 0.03176699509333634 0.5875459544399746 0.11563648519869697 0.5590533045495931 0.10851333975040482
4 0.5793257084829975 0.17917519515972716 0.5548475778250577 0.1769499279502742 0.5580654548476787 0.14155354276499135 0.5825435424006855 0.14377880797686643
4 0.10675587169055234 0.4507485738998804 0.07314613240043855 0.455919012871457 0.06651916982252715 0.41284316528507237 0.10012872050447186 0.4076727410417434
4 0.10546875946749878 0.36425776895082074 0.10118514733733264 0.3839617690119774 0.07548077917817864 0.37837389027494356 0.07976441226833231 0.35866991940687143
4 0.06029867275913148 0.9597441179227794 0.035152644785853226 0.9238305871749113 0.06733334703221772 0.9013042499129241 0.09247931861227698 0.9372175807332848
4 0.3030614816975685 0.7279285759555445 0.3193274423043704 0.6094487668346573 0.4453226219774251 0.6267440714810206 0.42905838430556287 0.745222334930364
4 0.47596217081229497 0.591722432073446 0.4169920133923597 0.6035153911103616 0.39948920304198055 0.5159997452680087 0.4584584982225124 0.5042068750830027
4 0.5007514493070175 0.6658650650233291 0.47460853249094725 0.6484386782747296 0.4927877482078884 0.6211699808238169 0.5189305419024777 0.6385963113663943
4 0.5039063057103021 0.703125 0.47656247780071226 0.703125 0.47656257928258583 0.671875 0.5039062282003215 0.671875
4 0.4612507247005624 0.7533226997970726 0.4853515625 0.7460937499999927 0.4948933860790703 0.7778999637823423 0.4707925602760952 0.7851288855849754
4 0.47656258290908227 0.8740234375 0.449218679803721 0.8740234375 0.4492188096666041 0.837890625 0.476562455091198 0.837890625
4 0.447265625 0.90234375 0.47265625 0.90234375 0.47265625 0.9287109375 0.447265625 0.9287109375
4 0.5639645688087285 0.8563085058824542 0.5972098549497105 0.9051865296015909 0.5557536226333468 0.9333764906331754 0.5225087115960605 0.8844988006153038
4 0.7283066807516434 -0.008304718307417686 0.8252506974525886 0.00000474726915422842 0.810364863294808 0.17367298238701892 0.7134208457863451 0.1653635355262034
4 0.7578127664734211 0.3662109375 0.6894528689239223 0.3662109375 0.6894535091100806 0.09765624999999999 0.7578121236686002 0.09765625000000003
4 0.676452099204198 0.3137708540198678 0.7304216889019699 0.3193059312965695 0.7154041693107729 0.46572744533858285 0.6614345871734031 0.46019241665911753
4 0.65808423029614 0.41991246526016995 0.7145083777585342 0.42451816979349266 0.69995172804704 0.602837680150314 0.6435275877084905 0.5982320389602265
4 0.6424431782970714 0.5640057486909519 0.6922566574936582 0.5696798520375467 0.6655924260228403 0.8037363791953421 0.6157789708204291 0.798062415754153
4 0.6375418970606006 1.0024892719261744 0.5607856498766068 0.9987153161750146 0.570929982630787 0.7925033671143523 0.6476818969932765 0.7962772160010644
4 0.6453962512061935 0.8197221470822964 0.6679158135040097 0.786815985200182 0.7015247204358275 0.8098119292075379 0.6790053451334188 0.8427179245302415
4 0.6372820004879713 0.8990240407319243 0.681355437415391 0.9084141787280346 0.665253285985159 0.9839708480911973 0.6211798816032115 0.9745808142930683
4 0.6778479894755947 0.9055785422119738 0.6318144570259392 0.894620676188486 0.6485169905270141 0.824472275550471 0.69454968176899 0.8354300369573092
4 0.718803390196058 0.8112062087552999 0.6535568009491044 0.8003336044579911 0.6758078393391997 0.6668340316659969 0.7410525047483816 0.677706473556043
4 0.7417218988257446 0.6336084897313242 0.7362527138914174 0.6773586582370413 0.6804831749825553 0.6703875650813587 0.6859525681974219 0.626637639998203
4 0.7087241112946003 0.3543983470398196 0.7855555655964963 0.3623457363519883 0.7567417511722851 0.6408844125470142 0.6799103202208698 0.6329371935266538
4 0.7672797826060105 0.3022774132981689 0.7265539962905905 0.2973623062224415 0.7449930863034524 0.1445836401381242 0.7857184492268061 0.149498721320159
4 0.792088015522495 0.20597466449677998 0.8109308981113372 0.20768758282164326 0.7810578262880199 0.5362928893104226 0.7622149481243241 0.5345800036644957
5 0.7657937893891358 0.5162859355571037 0.7392503253548739 0.5128130722897336 0.7822173263234617 0.18443224994086352 0.8087598608083226 0.18790505143883915
5 0.9219388343523178 1.0000371981267062 0.9211836716702919 0.9418332419135029 0.9992441814658832 0.940820691144702 1.0000000069543376 0.9990239730200154
4 0.8418703722584269 0.4225297806040369 0.7934013977831 0.4144935399390592 0.8633865589033576 -0.00759268145559075 0.9118541606419512 0.0004434381619362681
5 0.645057114847873 0.21161334066984616 0.6354418123714822 0.2885366102052618 0.5633262288206424 0.27952223583080005 0.5729417092049971 0.20259917451441298