2 0.05211901082645909 0.0376642978304946 0.07960982556141971 0.07395208047360195 0.005868489337672145 0.12981669969859552 -0.021622277748861052 0.09352896059812853
2 0.04345499788576035 0.02454373139660361 0.0546875 0.04394531250000041 0.03251426517613254 0.05678244697379587 0.02128176662279202 0.03738086898440851
2 0.08592619673959234 0.08587063657872834 0.058496742355146125 0.048335578620628455 0.11750486834159801 0.005214304700968274 0.14493431719699856 0.04274934452948187
2 0.24781532654878902 -0.00014052271619534627 0.2489191661948098 0.051739255713672064 0.13344615434004936 0.05419612105312965 0.13234233833225062 0.0023163560310011213
2 0.0009765625 0.12499999999999849 0.013085010236181915 0.12458246991292007 0.014061572151945256 0.15290278268354962 0.0019531244334984876 0.15332031251953254
2 0.031015850373819376 0.28582017098287255 -0.00636741794869522 0.2359767152131875 0.039257475994986635 0.201758140439426 0.07664069738109447 0.25160148458438913
2 0.02729093273842409 0.14387136362656847 0.0496463517954453 0.1279033246604601 0.06601037718496627 0.15081299251463554 0.04365496682612502 0.16678102131139128
2 0.03190459065331197 0.20646640510732 0.014885894323015236 0.18306592229961646 0.03962193586266949 0.165076100131635 0.05664062499988631 0.18847656250000652
2 0.07554899941624171 0.1409892198893363 0.060472938103657725 0.12025971466584406 0.0888671875 0.0996093750000158 0.10394324360822793 0.12033886610531268
2 0 0.1796875 0.01953125 0.1796875 0.01953125 0.2275390625 0 0.2275390625
2 0.10660367052184938 0.11428419866429113 0.12304690381699857 0.10253908870727275 0.1369035263767273 0.12193837848358623 0.12046029737234676 0.13368348336942731
2 0.16703259496341616 0.0737338323273687 0.17858972143017127 0.0639547468600991 0.19296202344389712 0.08094020461228559 0.18140489937798066 0.09071928750755373
2 0.31667969048749 0.001992179538779618 0.346992298993996 -0.020742214218568356 0.45749998283372406 0.12660162598309613 0.4271874076189306 0.14933597785910943
2 0.5121769114183508 0.08090635199993897 0.4854418871110511 0.1046147700947476 0.39907816318657297 0.007225939685708577 0.4258131571333479 -0.016482455001739983
2 0.5955196497237694 -0.0000945716977572317 0.5959571152633316 0.03971432724416478 0.4984843292622827 0.04078545012118369 0.498046875 0.0009765624999925408
2 0.5410156320567694 0.05957030990879119 0.5292968742385256 0.07128906060604509 0.5107421824330913 0.05273437296958631 0.5224609375 0.041015625000009624
2 0.16596463987980314 0.19353164058351605 0.12731636033640825 0.1460774094395015 0.26145908968044296 0.03682763821178953 0.30010728971637946 0.08428172760263322
2 0.3004265218647788 0.41872987634160025 0.23670476349184355 0.3265222652028852 0.40430184501997246 0.21070504222152128 0.46802339247904 0.3029117544400089
2 0.4253518896961168 0.2549608558396873 0.3753515511838259 0.2924607101114851 0.2506641387338959 0.1262107978838443 0.3006640409416832 0.0887111881186956
2 0.1637709945593997 0.18309242902926726 0.2403824105718968 0.12336282909573348 0.3398006936915863 0.25087902169111453 0.2631895640101902 0.31060829850358934
2 0.27193648586614927 0.1084973668401432 0.2998046875 0.08593749999997585 0.3211365650905691 0.1122886834664566 0.2932683754742129 0.13484853710703254
2 0.1574958099892001 0.3900076004138184 0.11422010878936817 0.415463035192355 0.036848112381903775 0.2839306595734944 0.0801232568104524 0.2584754373442425
2 0.10524477424803536 0.2046762636655802 0.06985451664024822 0.23669567800278232 0.041073918962979405 0.20488556524831933 0.07646412260851321 0.17286619400727196
2 0.10824458742911247 0.21211247238407968 0.12789997405707254 0.23479137690331767 0.104179989850536 0.2553486802624208 0.08452462992113396 0.23266980103281573
2 0.14289458462940274 0.25493575195574847 0.158203125 0.27636718749997363 0.13400037992573743 0.2936548533077206 0.11869186918715968 0.27222344444751884
2 0.1601346333998208 0.29752337875280965 0.1775979899042568 0.32035934985773046 0.1541820706420367 0.3382656258721676 0.1367187500001137 0.31542968750003164
2 0.15010120464535248 0.3699260574581399 0.14047707854331293 0.3576775948101434 0.17347073001690205 0.33175408745732254 0.18309484278586297 0.3440025226662904
2 0.25585526312283946 0.41190971154383443 0.28361919221163134 0.45216449612525206 0.18316281562135828 0.5214447192727389 0.1553992795729755 0.4811902847058859
2 0.17317522955409004 0.4420765021877696 0.14429762084853337 0.4648733284927263 0.12689943217708333 0.44283564306077355 0.1557769700652898 0.4200388599609553
2 0.2299407818443342 0.39712292650142733 0.2174731873330984 0.4081232537891931 0.1996897219225957 0.3879686838290889 0.21215729309813014 0.376968374192151
2 0.19430929415796072 0.39176006931314494 0.21054193465499793 0.4144845765110801 0.18781686437102962 0.43071673765084334 0.171584267995172 0.40799227010829686
2 0.022460908089328768 0.5039062088284872 0.03697823077436624 0.5242287283932023 0.016470402446429944 0.5388771664041001 0.001953125 0.5185546874999903
2 0.007927989295239968 0.6509072527151113 -0.022405261056405834 0.6003569274598963 0.06979365095287449 0.5450380313844048 0.10012687972073309 0.5955878648918006
2 0.22958012338369826 0.7291224636606876 0.19273503740566866 0.7562675202110527 0.14577906472732138 0.692541716529048 0.18262372805202176 0.6653968871461612
2 0.10723255751463512 0.7296956877593389 0.14713142146160862 0.7008086734000831 0.20103836654595852 0.7752528632204895 0.16113976197209468 0.8041395733319625
2 0.06358220487788913 0.7532273871441976 0.09728930772291733 0.7268529617865774 0.15198079648212115 0.7967375043622955 0.11827394002023084 0.8231116525894948
2 0.11442664250955659 0.8211616925637021 0.07490111518018239 0.851698453100445 0.023011898765844307 0.7845480429658261 0.06253688333436003 0.7540116006630924
2 -0.01836305854692455 0.8186715464207542 0.02136152090588439 0.7884122035793769 0.09161804705092891 0.8806254804665063 0.05189386254153305 0.9108843686571848
2 0.26074182500406096 0.7832026176158156 0.276712457748431 0.8055565880567715 0.2120481464828572 0.8517457775445912 0.19607775980989572 0.8293920283932154
2 0.28773442559827345 0.8080614383565871 0.39428814141888324 0.9403011405513638 0.2919407666662437 1.022745178666649 0.18538964758568 0.8905078836527343
2 0.23828135568066955 1 0.18359369399161096 1 0.18359383801384865 0.9824218750000001 0.23828120935388597 0.9824218750000001
2 0.08986047784242146 0.9428924400571584 0.16179319920843227 0.8875756786263926 0.22074756911592885 0.9642184918142619 0.1488155416899417 1.0195344702559854
2 0.06437441165223845 0.917538502353876 0.09604995441452502 0.8821459502506114 0.15536611327740957 0.9352190421862127 0.1236909855272188 0.9706111965576046
2 0.203124922666575 0.97656245765182 0.2031250000001137 0.9990234712183619 0.162109375 0.9990234374999467 0.16210943628152563 0.9765625628475628
2 0.11923350035442581 0.874624460649425 0.10465580346567549 0.8540188114184782 0.16901619677867075 0.80849623597698 0.18359382941127933 0.8291016747473929
2 0.017653836562885772 1.0000230945631883 0.017265009594552794 0.9848586604555881 0.05625171557244357 0.9838592688552134 0.056640629509502105 0.999023613331954
2 -2.1244488834781805e-7 0.9990234627335081 8.693859854247421e-9 0.9257811816535265 0.0371092652507059 0.92578141962348 0.037109442681412474 0.9990233008235117
2 0.5410177272952978 1 0.36718714895653193 1 0.36718875961219055 0.923828125 0.5410154810087988 0.923828125
2 0.5537109316190936 0.9238281248632725 0.5722782965295892 0.9242598053036716 0.5713017398203419 0.9662519903302595 0.552734375 0.9658203125000006
2 0.572540561739288 1.0000636415987272 0.5717550248671159 0.918967166422757 0.6814410298721896 0.917904453780225 0.6822278507887631 0.9989996496498046
2 0.779296875 0.71484375 0.892578125 0.71484375 0.892578125 1 0.779296875 1
2 1.0016466206470795 0.7188399143086704 0.9999257913283373 0.7687540454618237 0.9091123081599335 0.7656228865032553 0.9108336320244916 0.7157092631840333
2 0.9140618720449538 0.9990234260652335 0.9140641520765485 0.8701153847635613 1.0000007056568165 0.870117187514965 0.9999999999988631 0.9990236528391024
2 1.000000777200512 0.8662109375000001 0.9316402103654582 0.8662109375000001 0.9316407493892029 0.7900390625 1 0.7900390625
2 0.9990636643073003 0.7675761316547405 1 0.7900390625000311 0.9493880512815167 0.7921480957459051 0.9484518559844446 0.7696852992935797
2 0.787109375 0.33984375 0.87109375 0.33984375 0.87109375 0.4560546875 0.787109375 0.4560546875
2 0.78515625 0.47265625 0.8671875 0.47265625 0.8671875 0.677734375 0.78515625 0.677734375
2 0.857421875 0.599609375 0.884765625 0.599609375 0.884765625 0.6435546875 0.857421875 0.6435546875
2 0.9935653293622408 0.5669024749182797 0.8965318329923093 0.5757230849782052 0.875513053843747 0.3445022172501259 0.9725434534639135 0.33568174855896826
2 0.8974396836299547 0.5648546969350898 0.9990366379008719 0.5634631180491136 1.000640173348529 0.6805215352886533 0.8990432191980062 0.6819130987469721
2 1.0030505630495554 0.19286327656160593 0.987844796434274 0.2824101193140851 0.8314607873882096 0.255854669813856 0.8466669350108305 0.16630832025026107
2 1.0000000377795004 0.20800781249999997 0.9785155723819798 0.20800781249999997 0.978515639798843 0.08789062499999994 0.9999999977201242 0.08789062499999997
2 0.7490495945222619 0.08049413033674914 0.7240481529134968 0.04420170190142621 0.8293933111173146 -0.0283693438280323 0.8543947312887212 0.007923047433952082
2 0.49086487572856186 0.1388364540423314 0.6306881455244593 0.029246417345815557 0.7034492287912144 0.12208033739837368 0.5636261882500548 0.2316701110318557
2 0.5029102840604764 0.15253714392097362 0.5630418913942776 0.22603045702072583 0.5123088159920144 0.2675391121400164 0.45217737501798183 0.19404595393973303
2 0.5871301035355145 0.362615772198555 0.5827141618201495 0.2963734332178784 0.6844752295919534 0.28958975838094103 0.6888914842227223 0.3558317681539735
2 0.5712204233351486 0.39310762215692174 0.5727348628178106 0.35979571116781883 0.6918955346450275 0.3652125388454377 0.6903813342428293 0.3985242194498257
2 0.6914062269696615 0.40039048650560816 0.6914063713721816 0.4306640021425937 0.599609366382083 0.4306641174347117 0.5996093980379555 0.4003907794587448
2 0.59375 0.4375 0.689453125 0.4375 0.689453125 0.4638671875 0.59375 0.4638671875
2 0.49019009274047676 0.43003228877790695 0.5272119712877839 0.4014263379569493 0.5705733859626889 0.4575416030082957 0.5335516292592501 0.48614741635207126
2 0.44548441072913647 0.465568103871443 0.4824463846185836 0.435716524949392 0.5328618022272167 0.4981362870169618 0.49589998638100496 0.5279876905865899
2 0.3819914283886874 0.5089303053078017 0.44408674838405204 0.4631799294640966 0.5071928081144961 0.5488247258208855 0.4450978259760632 0.5945747080923468
2 0.36037557669567377 0.5274629847132157 0.38219968108660396 0.5103172173220172 0.44119720871856316 0.5854057796541459 0.419373228140671 0.6025514081769276
2 0.3164532250469847 0.5562109958217942 0.3383672768921997 0.5386816331108426 0.3868616346316003 0.5993001039930683 0.3649476904920448 0.6168293469597593
2 0.37209792831936284 0.6247543849386429 0.35238276039706307 0.6405895871022728 0.29630834337888245 0.5707832632965932 0.3160233051285104 0.5549481909719368
2 0.40928366302557606 0.5906898353966143 0.39003565160317066 0.6061499492243976 0.3391506061227574 0.5428037503083039 0.3583984375 0.5273437499999865
2 0.3398433474923195 0.5400386599912053 0.34960942392172 0.5302734772461938 0.3613285535172963 0.5419926526347739 0.35156249045803634 0.551757822041082
2 0.2850263036920069 0.6171780498977771 0.3124064945226337 0.5932236697507699 0.37888993887361266 0.6692058474387376 0.35150997130324413 0.6931599898264149
2 0.3247068732950993 0.6648913906542737 0.28326785700926393 0.6967637447434397 0.22990067743910458 0.6273866261556803 0.27133921137715333 0.5955145525363503
2 0.34765625 0.525390625 0.359375 0.525390625 0.359375 0.5556640625 0.34765625 0.5556640625
2 0.3792178294686437 0.6740437903621564 0.360946984295083 0.6531655092277232 0.3829325296391062 0.6339282314078533 0.40120333255038076 0.6548064519451207
2 0.49401135362973037 0.6535603193216742 0.47605770840459627 0.6704238820711127 0.43651050258381474 0.6283254626294429 0.4544640380418059 0.6114619948513934
2 0.4628906960720087 0.6748044524515701 0.4564479911966828 0.6961125522422903 0.3981003944998065 0.6784728193423999 0.4045431755840809 0.6571648525232822
2 0.5283318934021963 0.714674580579052 0.5115224582489191 0.7368598902536926 0.4704953034307664 0.7057789368401637 0.4873046875 0.6835937499999898
2 0.3176830030826068 0.733720388511735 0.40011256168259024 0.6655152321215501 0.45963926434512814 0.7374454398286246 0.3772103657565822 0.8056498787323654
2 0.4569021212981852 0.8429784561016348 0.4592927411828214 0.7307027299856813 0.5452317721378677 0.7325324328159678 0.5428423383488052 0.8448069920950972
2 0.42390676756156154 0.7602409976625787 0.45845845438657307 0.7849158738218521 0.41926256636816106 0.8397901563644344 0.3847110500994404 0.8151154831040601
2 0.5516784775858241 0.8534342502951153 0.5528931387850662 0.7939876609370136 0.6939775279265632 0.7968692719714835 0.692763942597594 0.8563147989670582
2 0.576171875 0.69140625 0.681640625 0.69140625 0.681640625 0.79296875 0.576171875 0.79296875
2 0.6860697889902667 0.6173301495080361 0.683040859941002 0.6900400966048059 0.5772667975605827 0.685633428947835 0.5802964562560646 0.6129242442691875
2 0.6718756013171969 0.6894531250000001 0.5078119628523154 0.6894531250000001 0.5078129260116384 0.638671875 0.6718748741436684 0.638671875
2 0.5890420489965891 0.611308137383553 0.5899474205026536 0.5308228273762449 0.6826322268294689 0.5318652269337684 0.6817275078381044 0.612349896625281
2 0.6131709923056405 0.5233236062452074 0.6138834677205978 0.4798860545481717 0.6842729184826339 0.48104043158750015 0.6835606805343559 0.5244777502333743
2 0.5717052467693975 0.5028089826958052 0.5526884706475812 0.5172607063957494 0.530595927127365 0.4881915904783736 0.5496126340726732 0.47373990598699345
2 0.5498046239424639 0.5761718423659902 0.5713177691208102 0.587217895108839 0.5521838705742539 0.6244787053400429 0.5306707534978159 0.6134326948951492
4 0.7967636357445826 0.12970335274356398 0.7536158031571176 0.06950931467347468 0.906247083618041 -0.03989853714455006 0.9493948531600154 0.020295375372794914
4 1.0015937129813892 0.0010090678314799983 0.9999585310940802 0.08113356116987726 0.9448555170970394 0.08000899706218106 0.9464907275201995 -0.00011546046659804339
4 0.8366895031969079 0.10828851065794716 0.8780383834508712 0.07946976766306198 0.9239319430676005 0.14531719728970133 0.8825831000687003 0.17413589597211301
4 0.8404049596081222 0.2508076200974411 0.7922016495023172 0.27651574171293786 0.74286664763315 0.18401258735096887 0.7910696898200058 0.15830455242616026
4 0.5346759935493992 0.26672172482945555 0.4743922257334816 0.3150975236744198 0.23383263930656994 0.015324804946568023 0.29411565827194863 -0.03305051920932927
4 0.6625377188769335 0.1406724427138078 0.697218156056465 0.18402218151882568 0.5401344647906399 0.30968915118216517 0.5054543466751511 0.266339706707462
4 0.44296871765936885 0.3185545895277738 0.4703127081980938 0.3048830865662924 0.49335953352385786 0.3509769096463939 0.46601556668736066 0.36464837673036493
4 0.158965452539519 0.04858137584009032 0.19881099951453507 0.02415994905807147 0.22707811544159995 0.07028002055907033 0.18723257695114626 0.09470143581011439
4 0.10977090748815499 0.05413321513239627 0.17248206957810908 0.04368139173051427 0.18776393412940706 0.1353727074573898 0.12505277568561723 0.14582451630867074
4 0.0706631121566943 0.05335240179852354 0.03654284517642736 0.027420999592594024 0.07105532549098825 -0.017990140827654027 0.10517558269589244 0.007941255332844567
4 -0.0006312582609098172 0.026092022761765248 0.02161386491252415 0.024921227969901635 0.024198247573963272 0.074024518166355 0.0019531244165591488 0.0751953125307082
4 0.19002476557363934 0.32252747132486503 0.25776489552674775 0.31500107585958037 0.2650057243513402 0.3801687032568608 0.1972655982701781 0.3876950723745977
4 0.28677571699677173 0.26862582864760726 0.33381799867277095 0.23099303825012338 0.37697732334424927 0.28494254800833174 0.329935141561009 0.32257522746632683
4 0.2068650846691753 0.5825300168109044 0.16152522416780357 0.5309697201357321 0.3413808851213389 0.3728239229103009 0.38672009205890845 0.42438331068905033
4 -0.022427200259471647 0.3824077075917178 0.046943395126049836 0.35466143042337517 0.12607775552010025 0.5524993184856096 0.05670738636524675 0.5802451695040018
4 0.009375671326552037 0.7319263267704069 -0.03903560472554091 0.6790175784107142 0.08103945252025824 0.569164382794248 0.12945005869244142 0.6220722806119812
4 0.2529296650008064 0.7734373515387498 0.2556390535120272 0.791315303405442 0.22341243572395797 0.7961981948602288 0.220703125 0.7783203125000094
4 0.21434784847144783 0.7679193619565527 0.23536131881076017 0.8069357086688441 0.14067262638718603 0.8579220563517483 0.11965975619716573 0.8189062247693757
4 0.1501653865248045 0.6990686442649467 0.11974138809057422 0.7051525817879777 0.11320609678102755 0.672475613692371 0.14362988977813984 0.6663916973137239
4 0.18631349008956022 0.7776787750897072 0.228234882163747 0.7099726186538409 0.27825937595821415 0.740940978172185 0.23633851011766183 0.8086466745629345
4 0.27372478722509186 1.000130736223942 0.27315759803605033 0.9632402010473262 0.3451355519147228 0.9621337471272642 0.34570313186350177 0.9990238835883196
4 0.8609112503851293 0.8149527624866455 0.8508051970044335 0.7823937092328893 0.9439368879001222 0.7534915562242951 0.9540431506488858 0.7860502291418933
4 0.9562499651810867 0.930365866630953 0.9131290008921269 0.9697271798133521 0.8762981931723743 0.9293886670674248 0.919418781621971 0.8900276588743603
4 0.8859727916302518 0.3218123267586465 0.8692217168475054 0.3648858890194676 0.763092952931288 0.3236139335537261 0.7798441235213431 0.2805406114984182
4 1.0000000372309614 0.2900390625 0.9628905952592959 0.2900390625 0.9628906344629513 0.26171874999999994 0.9999999881538315 0.26171874999999994
4 0 0.267578125 0.029296875 0.267578125 0.029296875 0.2939453125 0 0.2939453125
4 0.01907833551638305 0.29549147907931217 0.03870689826476337 0.28183729427449183 0.0905578598807324 0.35637334470497095 0.07092934850584243 0.37002746799761604
4 0.07001180455654321 0.8510362187002423 0.10661253609725918 0.8301263596159775 0.12884775922054814 0.8690384574464829 0.09224711757576642 0.8899481934706615
4 0.11339399493238034 0.8640139924037858 0.15955235421529324 0.8569144091535786 0.1672632675085879 0.9070356255328363 0.12110491929831824 0.914135160239952
4 0.14551539834019422 0.9515366586112395 0.1399643496488352 0.921937708416548 0.19303035885013742 0.9119881466462187 0.198581580188943 0.9415868697471677
4 0.23039190684153255 0.9744067942714766 0.2086922740670616 0.9921559981006942 0.1929416838928546 0.9729052703377483 0.21464121610415532 0.9551561319638664
5 0.6147209327938299 -0.0005362758212158092 0.6359778636671081 0.025851500984171227 0.4557055913135173 0.1710711410083664 0.43444874508395515 0.14468344432808064
5 0 0.028320312500018603 2.2519088815897703e-9 -2.2816330380395336e-9 0.056640624955548446 2.40754933271941e-10 0.05664062613470833 0.028320311807151173
5 0.04271166804232962 0.16957070075858915 0.10741700353889883 0.11810194822819559 0.25247165146708994 0.30045903255527956 0.1877667253005484 0.3519273495876269
5 -0.019013431375583423 0.3077161860082788 0.12321138319691727 0.23058303661395124 0.28407782857607344 0.5271900662701713 0.14185429950043726 0.6043214736265723
5 0.9410908405048986 0.002766275868073901 0.9645397641272666 0.02345647957171461 0.899163278563492 0.09754984177870225 0.8757143687555526 0.07685965321699093
5 0.7361748440315523 -0.00006169886307263462 0.7366655362977781 0.02201941174634187 0.6899438154434847 0.02305767135240704 0.689453125 0.0009765624999433135
5 0.6887653574541446 0.10283559902597904 0.6115982488469172 0.012248185933745496 0.6595119213558291 -0.02856713207748224 0.7366790043149649 0.06202023894478388
5 0.7268303656265971 0.08940781588292761 0.8186948045133704 0.14593906866575923 0.7191106517450407 0.30776329995048723 0.6272464370329089 0.25123235684016976
5 0.636368691479106 0.2153945231709411 0.681273036192465 0.2702749720570473 0.3928299153485568 0.5062739674408998 0.3479267410613147 0.45139462116896745
5 0.03196932830383048 0.7994948000506517 -0.03696925769884274 0.7243518836375752 0.2956410452284217 0.4192412121421842 0.36457710214347117 0.49438095649606756
5 0.8395439954400672 0.11168708710681359 0.8482129219282797 0.13661003520784235 0.7892766207294244 0.1571096382308071 0.7806077321205294 0.13218672249305094
5 0.7767482741224967 0.12159393155837434 0.7802734375 0.11718750000001114 0.7906345358746876 0.1254763836803813 0.7871093736907824 0.12988281413651864
5 0.7457932595719967 0.0952523768598514 0.7615685328946711 0.08473557523716493 0.7872596324092456 0.12327227514666271 0.7714843657247457 0.1337890686834625
5 0.6926410292901437 0.10190571288171425 0.6938045234301171 0.06539351474569986 0.7491743020152626 0.06715790977176922 0.748010834871593 0.10367008232089671
5 0.8067946400391293 0.31909514706853614 0.8238340575439906 0.2457568261473558 1.0145162362041447 0.29005834630979 0.9974775865506444 0.3633960005983711
5 0.12059055092925064 0.9964124592349898 0.07433388638071392 1.0319025430649955 -0.03618768098760938 0.8878892034397848 0.010067428542697598 0.8524000144454116
5 0.1087078543566804 0.7825410998924494 0.21966873653343555 0.5559766361908703 0.7563009619843797 0.8187435888916862 0.6453593478178163 1.0452916418572924
5 0.7691257645491305 0.7079094097146146 0.7696242414554035 0.6792178065471005 1.000497713291793 0.6832260107715159 0.9999999506380846 0.7119169077307198
5 0.8963371364458226 0.9612168648011999 0.9058563783416957 0.9606881741002928 0.9079807627272203 0.9989273129319717 0.898461521084073 0.9994560006120884
5 0.888671875 0.712890625 0.904296875 0.712890625 0.904296875 0.7744140625 0.888671875 0.7744140625
5 0.8881989679335902 0.7997351982708568 0.907426646791464 0.7985818012292767 0.9138896303313686 0.9062996594976624 0.8946619529398276 0.9074530403566828
5 0.7789147606924871 1.0013216454010259 0.6861464056901241 0.9996828052260884 0.7002752779201273 0.2004141500069775 0.7930308948257334 0.2020528825293047
5 0.513671875 0.6982421875000164 0.519938038327382 0.6936477061624781 0.5319218757393855 0.7099893583429955 0.5256557209585253 0.7145838296893032
5 0.46875 0.6728515625000405 0.4868528110500847 0.6396681069023525 0.5298212849728543 0.6631059254667429 0.5117186667024498 0.6962892151894449
5 0.5282596078125152 0.6105428187500028 0.5137823015385266 0.6027951614800984 0.5619833419397082 0.5127354092732447 0.5764604498405106 0.520483002283626