2 0.16853093206384528 0.3838175987791589 0.41102604228842665 0.42292697332947554 0.3876817067077809 0.5676624377136693 0.14518668858215733 0.5285534765199117
2 0.8646936788870789 0.41005410435096573 0.8534037791529272 0.507699096392894 0.46272687415967084 0.4625247532745427 0.4740189754544417 0.36488234314629675
2 0.4225659015708061 0.436436519176001 0.7828676618554482 0.4987912887006327 0.7615656984648922 0.6218691407586013 0.40126408940795955 0.5595149982841566
2 0.831795221762377 0.6275520720933847 0.7874789637861568 0.6209052433316553 0.8058169403554984 0.4986561716629737 0.8501322806674807 0.5053029307627686
2 0.8666411978008455 0.3786981502471437 1.0244095826243438 0.393287727391601 0.9878402146355256 0.7887044525338898 0.8300718639549132 0.7741153901687597
2 0.5825030982045973 1.0228058553138362 0.41667524946399226 0.9988364693801314 0.4461836023425576 0.7947679322553127 0.612002587531947 0.8187366894596967
2 0.6563666082927284 0.8302357638026503 0.7217186523612327 0.8395693567671817 0.701601789585311 0.9803895918748818 0.6362497862381815 0.9710561825996538
2 1.0000006278086175 0.8154296875 0.9492185563926796 0.8154296875 0.9492195304653706 0.658203125 0.9999997993104444 0.658203125
2 0.5986328125 1.0000000000000224 0.5982411512638919 0.96508920728096 0.6873269960217385 0.9640896358704556 0.6877191171118966 0.9989999648202795
2 0.927734375 0.9990234375000309 0.9277364596315465 0.8632807954163102 1.0000006941121455 0.863282270200358 0.9999999999996589 0.9990235182341836
2 0.7522787941589968 0.8306460159285239 0.8157468937522481 0.8416812874335448 0.7935997548825071 0.9690274876032232 0.7301317055187155 0.9579924112607325
2 0.000977702834120464 0.019397713055246412 0.04107226408700626 0.019740400798186137 0.04007958112356391 0.13588442698444975 -0.00001498015706147271 0.13554173969052927
2 0.40940941328983627 0.1794313234913853 0.3938764176920131 0.2475376728802328 0.316063937722447 0.2297910672626998 0.331597053226119 0.16168488667616118
2 0.8808505494317842 -0.000008910034242384255 0.8811246597681475 0.0912418319785065 0.5530082792500934 0.09222701597020984 0.552734375 0.0009765624999462922
2 1.0000003234603128 0.1845703125 0.8925779887193812 0.18457031249999997 0.8925781819899612 0.032226562499999986 1 0.03222656250000001
2 0.29645249562042864 0.5758827378958833 0.3498298062788763 0.581601040398501 0.3396997426643793 0.6761489121272239 0.2863224397927979 0.6704306612320645
2 0.3582186807262815 0.572765773588848 0.45085967207455724 0.589607698676361 0.4404534499710735 0.6468419307655956 0.34781248183116986 0.6300000963048631
2 0.6570484156503653 0.6370478042823807 0.6376966518769223 0.7302845227792013 0.4739418720632784 0.6962990068657194 0.4932947894261588 0.6030638749092423
2 0.5848582968153551 0.09112635922252896 0.5398437504355798 0.13222654845202517 0.4733307858311946 0.05937900466556426 0.5183452707707374 0.01827886481178324
2 0.4208984375 1.0038625713369225e-14 0.44768088841806275 -0.009410048804858578 0.46206010285857246 0.03151541309377239 0.4352776524967794 0.04092546080657996
4 0.29785156219645614 -2.8837780826509752e-8 0.2987569709283662 0.08601022441400114 0.1975551426231732 0.08707548254394407 0.19664979525680337 0.0010652865470572321
4 0.11928117758805001 0.10517237621006767 0.14971811975510718 0.13966738256732994 0.12019705675913883 0.16571535100112908 0.08976014393579135 0.13122037269030515
4 0.157429887489684 0.06276329500020658 0.12978281904815958 0.09778289416243978 0.08906382637439947 0.0656363255121461 0.11671088595176116 0.03061674399624399
4 0.145260134052819 0.211936388166144 0.15666930069085083 0.13892043377695304 0.2782729039511196 0.15792146038777194 0.2668640242206948 0.23093715612869384
4 0.4077977399398378 0.25854938388407944 0.41914529754035357 0.17761476934873133 0.9369861573092066 0.2502149523680501 0.9256404385502037 0.331147833393165
4 0.9721967302061785 0.2862477337583485 0.9395679615404333 0.2944047403818757 0.9320427269358333 0.2643036309899886 0.9646714147098692 0.2561466349318885
4 1 0.0009765564050817518 1.0000000048549964 0.03320312635125224 0.9101562467682243 0.033203124502973025 0.91015625 0.0009765624999521409
4 0.04525704976720135 0.1865002857794487 0.02403844295486124 0.1776592707995891 0.041691711439739265 0.13529149223262005 0.06291027677298189 0.14413249746984716
4 0.0656250159170213 0.13417967356567814 0.032812478136293066 0.12324219975346638 0.052343760645158 0.06464845091203698 0.08515623976632014 0.07558591389871817
4 0.027343767383626982 0.22460937500000006 0.003906236315060596 0.22460937499999997 0.0039062584714884 0.19140625000000003 0.02734373923885869 0.19140625000000003
4 0.17477421391492953 0.30615043129800074 0.1764842753029825 0.2787914795695418 0.237525107702254 0.2826066702665795 0.23581512573241525 0.3099655468276151
4 0.3358106238347318 0.29728724631292647 0.42213903162326005 0.3238489484198356 0.40609169058620864 0.37600271959830966 0.31976331827866034 0.3494410925470383
4 0.653899303703156 0.3397281985036845 0.6484848454226722 0.4047072487521174 0.4632474285895114 0.3892713818850293 0.4686624931756569 0.3242929866179401
4 0.05976555647623627 0.503320496065118 0.08203136866325167 0.5107418272891913 0.07128919561773728 0.5429683016869469 0.04902339276929979 0.535546990531923
4 0.06054698717764495 0.6835937499999999 0.00976552697079569 0.6835937499999999 0.009765723029090623 0.642578125 0.06054676282224136 0.642578125
4 0.07352958223702899 0.6193127432735852 0.024092280776699226 0.6155102837759623 0.02813662642847703 0.5629367474538776 0.07757345973880092 0.5667391888481313
4 0.060202205653240526 0.348058347337326 0.10665212894969045 0.3444854236579518 0.1103630583912718 0.39272756015459676 0.06391313622987127 0.39630047409066693
4 0.059356656598424706 0.4747091039867055 0.04239072504856267 0.4383556386807846 0.08526702818585363 0.4183467580198388 0.10223298826178961 0.4547001065116133
4 0 0.361328125 0.0234375 0.361328125 0.0234375 0.4736328125 0 0.4736328125
4 0.021676684271369595 0.8483924978590742 -0.009528252667109882 0.8234336162609444 0.020101578083199456 0.7863966407784779 0.05130627922005715 0.8113553749984083
4 0.6230470411338729 0.828125 0.554687343715841 0.828125 0.5546877298284016 0.787109375 0.6230467377592959 0.787109375
4 0.6595498683369669 0.8356281352761945 0.6608798930715238 0.7784730956854314 0.733287790409122 0.7801576380996722 0.7319582859558977 0.8373121701185353
4 0.8154296757337534 0.970703123693027 0.8353659187478115 0.9729176024814923 0.8321504063427483 1.001857296587253 0.81221416491735 0.9996428274895448
4 0.78640565720832 0.8189557549944358 0.8638149524824712 0.8062499259107467 0.8889011287208177 0.9590505792695279 0.8114918975348928 0.9717561421440444
4 0.9429472535994137 0.8859269094536674 0.9364211842903387 0.9403002090581758 0.9013017861709613 0.9360859107937722 0.9078280847107862 0.881712877572526
4 0.8903251883325538 0.9590526048695242 0.9212658819913031 0.9621457632666949 0.9172049906267148 1.0027548272885625 0.8862642997198691 0.999661687750687
4 0.3293725350058594 0.8826976328756609 0.2910743714066939 0.8389375607705674 0.3485963212058323 0.7886062685883825 0.3868941857131176 0.8323659130987885
4 0.21039239717947567 0.8589865210833084 0.21209247205649717 0.8266951157795229 0.24704894193007476 0.8285350966934765 0.24534901932963749 0.8608263568596444
4 0.16599485857125273 0.9766304072722866 0.13332909016537542 0.9665821508318492 0.14737090274229558 0.9209471448796837 0.18003625167602877 0.930995332230206
5 1.0018419763071051 0.3136250644314622 0.9953065187921766 0.37894868539231985 0.09522954964086239 0.288876334223695 0.1017674947369187 0.22355493655237482
5 0.4850044121873225 0.7536276064508889 0.5985035242086951 0.7674663682034631 0.5927449398338922 0.8146868430270705 0.4792458419249215 0.8008481596915484
5 0.918830188625634 0.8100303562139483 0.9312384539581444 0.8131317398572347 0.9123392002637729 0.8887290939960443 0.8999309462165002 0.8856277415925043
5 0.9482421875 0.8632812499999601 0.952892236218986 0.8140068791379178 1.0046496759563297 0.8188902126909159 0.9999999817572416 0.8681642558222673
5 0.9210548919262465 0.8604687245753062 0.9147646962165936 0.8164452493705637 0.9574217545756483 0.8103515861131556 0.9637121500998092 0.8543748196450301
5 0.9191853000831998 0.8102591521431048 0.9314869424930521 0.8131530379349715 0.9201524622105808 0.8613247221505002 0.9078508260085982 0.8584308545985027
5 0.8748618963734316 1.0010969571140198 0.8433610709618051 0.9989975164749479 0.8461181025843416 0.9576452361819373 0.8776185391290028 0.9597446638047492
5 0.8432150792873472 0.8153767965354833 0.9128115866219559 0.7968221860065348 0.9463139796332598 0.9224588860732813 0.876717599795029 0.9410131769191465
5 0.7685546875 0.8007812499999494 0.7695074849940511 0.7750641804537265 0.8014368938291909 0.7762469092203146 0.8004841984844688 0.8019638800244024
5 0.6660156525420007 0.7861327062840979 0.6627816716695634 0.7986045324568019 0.6364144303156536 0.7917686604869985 0.6396484375 0.7792968749999674
5 0.5987075153683463 0.7745763702230234 0.6454143884366204 0.7606934278377716 0.6714548320895801 0.8482852662622458 0.6247480280104583 0.8621680512721488
5 0.6286508178505983 0.9227721242134238 0.609998779962325 0.9202292801993366 0.6196735396474651 0.8492826182844105 0.6383252203330585 0.8518254375331229
5 0.2539729273389639 0.7476107844481679 0.4069047690984462 0.7711335988382734 0.36830577034845646 1.0220262183906157 0.2153741116484298 0.9985041991915189
5 0.1408399653352035 0.5312223253778281 0.21631440214673603 0.5417865274061714 0.15072631803241165 1.0102981958688722 0.07525200241968832 0.9997345684831845
5 0.09068647738320124 -0.0037571941895320564 0.14225480771256116 0.003833650676162767 0.024832865511257296 0.8015067842883473 -0.026735383194591122 0.7939163006350766
5 1.0104413557395446 0.2136772155562692 0.9474556731800021 0.2972962645297776 0.7781625601859332 0.16977769778795107 0.8411480925004753 0.08615908874018761
6 0.6985584362059853 0.13403250805801561 0.6895083345361854 0.09912473021297666 0.8370019504457105 0.06088589330393487 0.8460521038018669 0.09579358976607023
6 0.7827363636959035 0.159165287599165 0.786265561408527 0.18880941428628242 0.6901573124559945 0.20025101233919831 0.6866282001039963 0.17060696155651417
5 0.3260982589129071 0.33982568268644314 0.30369761252916305 0.4331608303957053 0.14605831940059488 0.3953275472864417 0.16845953456549978 0.3019932408924435
5 0.31981275232203643 0.4347894134082378 0.3233690690772164 0.363677683093358 0.47348187368356776 0.3711840691836363 0.46992624112704107 0.442295154018551
5 0.46814615450693964 0.3782901070652871 0.41773475675893224 0.37576962890289917 0.4208984375 0.3125000000000019 0.4713094946142746 0.3150204695416467
3 0.2359072666076827 0.2617259419402347 0.14266214003953337 0.08300582979752699 0.3257539868720869 -0.012519628369789275 0.4189992142731853 0.16619977348640322
5 0.04023070132518569 0.37107626799377447 -0.008309726867423706 0.36589246480050874 0.007124275207274877 0.2213787316945907 0.0556640625 0.2265625000000013
4 0.47246763607097364 0.15175827178141713 0.43274419703516287 0.16777576807674352 0.365795323565294 0.0017426878899286938 0.40551858457399703 -0.014274764753707272
4 0.5076494414010995 0.003495824861381759 0.5324666424232873 -0.026048420867361706 0.6268706859503936 0.053251078669234585 0.6020535029796292 0.08279530639161503
4 0.6096425267579662 0.08632543762038679 0.6258294242458078 0.050714368867363184 0.6755672127803791 0.07332248947328983 0.6593803439700423 0.10893353366826834