5 0.2833819494111367 0.8804926949647539 0.3386497641246251 0.8878596863864749 0.3228459161757655 1.006390302767393 0.267578125 0.9990234375
5 0.7040077392771309 1.004755300369213 0.6791877923436687 0.7886741536605363 0.9963313723126248 0.7522514552593886 1.0211593884705508 0.9683233996575294
5 0.15008519669254383 0.022363028684017548 0.17243387410201194 0.0007076967577743495 0.4483146271958276 0.2854193310952582 0.4259661351536579 0.3070744592803802
5 0.4274121621889435 0.2985763163842394 0.44111253165988273 0.2835716922563232 0.49807522725370745 0.3355814612603677 0.48437491597496773 0.3505860295240174
5 0.47735398625741254 0.36108236847645836 0.5102553674292949 0.3293717318248946 0.9367106628801594 0.7717987468340599 0.9038109254415758 0.8035076986693065
5 0.9576802794284731 0.9736637030291874 0.9591390992245579 0.9430411856231425 0.9995055053377655 0.9449636156749828 0.9980468742789981 0.9755859526374951
5 0.225585838826305 0.09960941303907905 0.2529297006286697 0.12695310576072916 0.20996098498176252 0.16992181603243608 0.1826171572909061 0.14257815737864532
5 0.44153213929894264 0.39495807996593335 0.3953768823768087 0.4142588019309734 0.33564120711059786 0.27141264508272434 0.38179583113867466 0.2521120722301612
5 0.36543104463123655 0.27490810823738365 0.33721262833103083 0.3118088844035662 0.2080969971864306 0.21307417456813327 0.23631532398269428 0.1761736099819367
5 0.2294922301441602 0.09960933741411494 0.16699216466361122 0.16210931964250327 0.025390704648089013 0.02050770543508315 0.08789054334567936 -0.041992072229204334
5 0.6702136542464814 0.6123935479917484 0.6512483128108215 0.6308418997190346 0.44026201848089386 0.41395938877926086 0.45922693759894173 0.39551143937826827
5 0.6820844543456133 0.5687951018706515 0.7004470447327549 0.5912357902007864 0.6639666865687559 0.6210833332514325 0.6456041992192922 0.5986427407594762
5 0.5938351747153092 0.7717173183038217 0.6126013438130258 0.7909551773934749 0.3848320638401219 1.013082515954193 0.3660667199801537 0.9938454909202712
5 0.49609469111612725 1.012693540959435 0.4716765129655869 0.9882805390349816 0.6406253216665618 0.8193397636557694 0.6650427014883462 0.8437519633264846
5 0.808371997867539 0.9364487084308976 0.7592205988295291 0.9871267240452558 0.5400686036311981 0.7746201740751103 0.5892182141560625 0.7239440985402629
5 0.02971380016629155 0.2626583209990755 0.04551922727728197 0.16256330898838597 0.1758027157577544 0.18313544708177784 0.15999781332493512 0.2832299613529254
5 0.2003446052851814 0.3523617411214459 0.3832233015007205 0.28872468474065566 0.5433691907905995 0.7489146144679591 0.3604918600842666 0.8125490260486532
5 0.3883712017362768 0.040529373634427344 0.413748927632696 0.02378546679354864 0.5445750260915929 0.22206979859197395 0.5191973645100916 0.23881362433682804
5 0.2705078119885229 -5.682902046059319e-11 0.2855135285125243 0.001667301383346587 0.2801305258527691 0.050114328710145976 0.26512480937481087 0.04844702758983089
5 0.3881156627672908 -0.0003437154595200273 0.38887392319361425 0.030744881783706716 0.33459980471252493 0.03206863855609669 0.333841548585724 0.0009800460846332304
5 0.4173913586060962 0.25895592259488864 0.4132528381951488 0.23495217995956139 0.5167233656866301 0.21711282925044648 0.5208619584859662 0.24111648039597197
5 0.822151561098508 0.5515440642932566 0.8137181640580593 0.5604586463498148 0.775662868890322 0.5244606005133441 0.7840962327126135 0.5155460566608362
5 0.7712057884535852 0.49558678969157727 0.7588803458220355 0.5074903595516175 0.619799151308257 0.36348812437783007 0.6321244177534027 0.3515847158083985
5 0.5084104248344374 0.24804995006331237 0.5246272918494697 0.22971831578852417 0.5787167245405271 0.27756695400048165 0.5624999137585291 0.29589853498775326
4 0.6764227536784801 0.1883731336383071 0.5864014251567369 0.28152568392879207 0.3318624588722514 0.035543203882198365 0.42188300531859113 -0.05760855610078854
4 0.5278887866707009 0.26831916334825795 0.6451518953890627 0.14115481063416516 0.9574287024316845 0.42910898627806815 0.8401686776405768 0.5562703539434843
4 0.8140619614862317 0.5701166962894947 0.8364644572458246 0.5413166732927184 0.9024497152470303 0.5926390853645049 0.8800474528129598 0.621438894536671
4 0.9759821694105995 0.6830396249724356 0.930056761318383 0.6906928804957861 0.9181008348128898 0.6189556354695535 0.9640255936753874 0.6113024351943275
4 1.0290531209398068 0.7354515645687948 0.964724815827708 0.8087469034465793 0.8223833998027885 0.6838380588734722 0.8867106278946721 0.6105442514628665
4 0.9991119584435637 -0.0000023868495494612626 1 0.41503906249995387 0.5360134949697795 0.4160254971891647 0.5351313155545085 0.0009891624630882754
4 0.9999999358993819 0.4843747669358232 1.0000004424167628 0.5947265625020263 0.9179685523147327 0.5947261705800424 0.9179687814752242 0.4843750913593044
4 0.8833608832303526 0.5538711987839312 0.9317347986055893 0.5357327533300668 0.9490717278941929 0.581964709951472 0.9006978529282605 0.6001030778842423
4 0.98046875 0.607421875 1 0.607421875 1 0.640625 0.98046875 0.640625
4 -0.022402049209972574 0.3012889888652019 0.11754305715248847 0.2178640416760413 0.21686184501140815 0.3844664745156461 0.07691738146877469 0.4678905726882529
4 0.27068078251238603 0.4079157251560719 0.22811277425614662 0.47885967060075346 0.13246681344776334 0.42147229190255914 0.17503481174617264 0.350528821184172
4 0.23892498828752196 0.43355131086540405 0.31705534180935047 0.5019078547379662 0.1364797623243703 0.7082810777299929 0.05835094976600885 0.6399261598302243
4 0.005289610302725123 0.6508234577654085 0.047215306721568595 0.589176439691505 0.09160931955261731 0.6193650075537065 0.04968398335711299 0.6810117052009694
4 0 0.6640625 0.267578125 0.6640625 0.267578125 0.9990234375 0 0.9990234375
4 0.2332882165500223 0.9181415872285988 0.28521133296226253 0.9061627477081223 0.3043697360976694 0.9891838191972164 0.2524466696844456 1.001162510380267
4 0.3064961544896505 0.911178407206644 0.2569152673312374 0.8603682853286769 0.34980836349643596 0.7697432435937236 0.3993884370736396 0.820552503228152
4 0.26171875 0.767578125 0.30078125 0.767578125 0.30078125 0.8134765625 0.26171875 0.8134765625
4 0.3007187558607711 0.7441559971094728 0.2751517359747595 0.785986574619466 0.2175970676188399 0.7508146308329059 0.2431640625 0.7089843749999805
4 0.19560600251145388 0.6785753311518724 0.24269636998224087 0.6571738419765897 0.26784605262196237 0.712503614861518 0.22075576881434245 0.7339049664818744
4 0.5558915960414197 0.772526652489071 0.5577302200653094 0.8203080101145179 0.4675687593866087 0.8237760060493442 0.4657306785422861 0.7759951735023475
4 0.4528426132108052 0.8264440426228726 0.48738231525044284 0.858439975561319 0.33106098594180366 1.0271449579529754 0.2965222941633101 0.9951500617894803
4 0.5700051279617355 0.7178035785071403 0.6124457720666214 0.6653855016540527 0.6553715478520417 0.7001356132771097 0.6129312427889317 0.7525533760720594
4 0.36491814125724886 0.411537868481346 0.39415600280358376 0.37394845566129087 0.4330980779224092 0.40423699101399735 0.40386034177379315 0.4418262885602841
4 0.6414095824212609 0.46890997662490724 0.5873461919101146 0.4639954184192534 0.5922612238166494 0.4099322509867613 0.6463242219281256 0.4148467911878279
4 -0.005168157047478417 0.014626984868067927 0.02815837469017879 -0.010971591082180399 0.13446348998479607 0.12742583204128874 0.10113700171518758 0.15302435798968442
4 0.13454011453359271 0.181490237395939 0.1639875818186738 0.13731966379735808 0.23542676167107857 0.18494602195528997 0.20597941429127786 0.2291164889253373
4 0.26959154655150996 0.3115769506759245 0.30892440734930915 0.26732914832198046 0.39299622595888195 0.3420603042636585 0.35366363085131525 0.3863078553058566
4 0.22949216562494712 0.1718747644718329 0.2607425571496833 0.14062494539415776 0.3671874759720595 0.2470705606656554 0.33593723492344907 0.2783202302021153
4 0.0665674981793245 0.5434077428734535 0.06480988447935943 0.4853997626103391 0.14315857748067629 0.48302597024412697 0.1449165367406522 0.5410335929631469
4 0.14773137963129557 0.4484751082734366 0.19672472601268964 0.44484623454555255 0.20239757287788507 0.5214299844512946 0.15340422898623274 0.5250588376246957
2 0.0009765625 0.1582031250000009 0.02685631140445821 0.15776449021611227 0.027832872338308334 0.2153816784613542 0.001953123474208951 0.21582031252586042
2 0.09570307954186319 0.196288957762069 0.12695341220705814 0.16503913729901343 0.18554691499900855 0.22363289438700445 0.15429666698423716 0.2548826304419567
2 0.0009765625 0.33984374999999983 0.06391135290209604 0.3392767982210202 0.06488790915670961 0.44767523943070725 0.0019531188809196465 0.44824218755512396
2 0.15097664733434613 0.2656101716543346 0.19171939518639647 0.22772781885927493 0.2726283680480037 0.31474396045234715 0.23188581199315195 0.3526261133675253
2 0.0009765625 0.4726562500000003 0.02486125559505581 0.472479343170205 0.025837807934294688 0.6043152826781264 0.0019531148577698332 0.6044921875751195
2 0.04238555780250408 0.5377675068060049 0.01269787996204741 0.5346427339335527 0.018958764293188324 0.47516599301769047 0.04864617002499472 0.4782907514313159
2 0.3179292179809181 0.4382822096080326 0.36852894620983534 0.39395258751946316 0.6123146159170574 0.6721955840709366 0.5617161958315364 0.7165238094412363
2 0.48242723657233455 0.6611320767530222 0.32811903740048365 0.81542329000507 0.19725749054305197 0.6845627212393304 0.3515625680648782 0.5302745876982046
2 0.3824803563200021 0.8383548573634869 0.4143270346935424 0.8739947525661679 0.3256603131708289 0.953204380806187 0.29381423986558275 0.9175650661121894
2 0.4650262279292292 0.7802792695136342 0.48419669723853076 0.800682358819064 0.4451468219654089 0.8373656336034109 0.4259764905572183 0.816962678912313
2 0.24837072315892783 0.614869955777811 0.22873088764276872 0.5974139477303595 0.2900456898635184 0.5284354999065297 0.309685343316346 0.5458913678497653
2 0.22829333905633575 0.6005263961800215 0.26473021092988347 0.6358015982055131 0.19355550700106505 0.7093101468043891 0.15711898638039656 0.6740353034064772
2 0.4329891500218537 0.7713858618801966 0.451287471889259 0.7921199697095407 0.42945355111419303 0.8113851520780427 0.41115530561000924 0.790651117056854
2 0.21388009015004172 0.779965290113294 0.27083947339224324 0.7710672404676862 0.28633957179465597 0.8702685973868503 0.22938021427557942 0.879166534444918
2 0.11997346495218153 0.5591943675824733 0.14548570658337212 0.5580852514905094 0.14663546766871605 0.5845298202868686 0.12112322620316718 0.5856389338211168
4 0.7734584197344248 1.000004106715448 0.7732511861555622 0.951595856724271 0.9997911721721948 0.9506239338620367 1.000000030613819 0.9990305322231154
4 0.974609375 0.857421875 1 0.857421875 1 0.9150390625 0.974609375 0.9150390625
4 1.0000014091716594 0.9501953125 0.9277337399412318 0.9501953125 0.9277350554075383 0.8085937499999998 0.9999999902142918 0.8085937499999998
4 0.8464427912249448 0.7787101852393877 0.9053423475044156 0.7799630842255325 0.9023216762401489 0.9219366104364469 0.8434221205341146 0.9206837345133715
4 0.189722865040153 0.5852633718040436 0.15133315383923218 0.5699087867221457 0.19753515779495956 0.45440488759665804 0.23592418627617917 0.4697593183358545
4 0.0390625 0.6005859374999933 0.05252324746834347 0.54136671783906 0.11499149196140479 0.5555645765677016 0.10153112872126258 0.6147834632140565
5 0.14257811271443188 0.5400386081172414 0.1428220061538923 0.5490589231715549 0.0705563378583065 0.5510124482793435 0.0703125 0.5419921874999901
5 0.17404794123206102 0.5395960516220648 0.13922903314937685 0.5289997719963675 0.1611328125 0.4570312499999845 0.1959513490144218 0.467627469050861