2 0 0 0.083984375 0 0.083984375 0.1240234375 0 0.1240234375
2 0.0009765618297024048 0.11914062498085032 0.016310027000940863 0.11957872130207416 0.015333465160438209 0.15375840850587202 0 0.15332031250000153
2 0.3460198362746496 0.08306060154271383 0.31091637985684883 0.03391571033462495 0.389991585075677 -0.02256649865329442 0.425095037823894 0.02657837081788548
2 0.3010216384986961 0.04006910943290944 0.2811448306896409 0.05552884435240175 0.2647385816126189 0.03443509555389727 0.28461538547378495 0.018975362997084615
2 0.2986881322897261 0.08126798252710755 0.31167010094372927 0.07101909088135781 0.3337177442607526 0.0989461298986635 0.3207357801859416 0.10919501652103637
2 0.34765625000636646 0.0009765622895031586 0.3472244125777024 0.015227207511764243 0.314997849603742 0.014250644904199906 0.3154296875 -5.499967970899924e-14
2 0.259765625 0.0009765623850656228 0.25976562508935785 0.008789062456108098 0.23632812496521183 0.008789062471240396 0.236328125 0.0009765625000566294
2 0.294921875007617 0.0009765622345385978 0.2945140450026429 0.015250624436756557 0.2603343569763865 0.01427406182646875 0.2607421875 -9.851488584894442e-15
2 0.14486800677241263 0.04283403757822187 0.11200162230079513 0.07980872279119512 0.032112074952806324 0.00879579036954522 0.06497843765748712 -0.028178870616007143
2 0.1423509874047113 -0.00006929676939913676 0.14291434025199123 0.021901435318147828 0.10212585134490837 0.02294729324687337 0.1015625 0.0009765624999755167
2 0.25280303929662296 0.03720936175987098 0.21189405934273964 0.06950591820392099 0.185546875 0.03613281250000061 0.22645584423958098 0.0038362621994120637
2 0.18497249716381248 0.19985061647624236 0.11707240658768114 0.12063430061468707 0.18993557288376905 0.058180267957329654 0.2578355627445035 0.13739642582356346
2 0.2964573453692765 0.1027535506839788 0.2586321383195127 0.12954636990246232 0.21439327809673614 0.06709153759130765 0.2522184315225786 0.0402987458065007
2 0.05453420451738111 0.29135593650810404 0.0167880683986823 0.3149467980750868 -0.029132411773275635 0.24147401336295538 0.008613510044483519 0.21788324114335034
2 0.025993637874080378 0.15661836224385695 0.06541243446224598 0.12777576576022978 0.1423490492139763 0.2329230040287797 0.10293034928145062 0.2617654886344215
2 0.014547225499768501 0.22093853988673143 0.05374988310620665 0.19537209203458786 0.0923331575853581 0.2545333701589202 0.053130552122752306 0.28009975272130705
2 0.06503359839348377 0.12455465883065667 0.10600065282619653 0.09485386839427615 0.18461503291007375 0.20328795571036534 0.14364806521291484 0.23298864528932148
2 0.09222804328953771 0.48902153391937764 0.03339583666456747 0.5354652259167083 -0.02754768245699779 0.4582703119950956 0.03128397207206035 0.4118269561296169
2 0.10366535264290633 0.3703417408879364 0.1428787972416785 0.3442007634379977 0.1837440019846781 0.4054990286134584 0.14453064893848477 0.4316398921914722
2 0.13908416265871892 0.42723180405251926 0.0985993974328494 0.45483373072149413 0.06054220068290306 0.3990165495063697 0.10102671277991249 0.37141474277620334
2 0.2192849240321948 0.3647814953799585 0.18486090123474241 0.3882516489625953 0.14153514216559415 0.32470730366083234 0.1759589602605729 0.30123724723619016
2 0.3549873349442123 0.16903411839514768 0.41119733956259097 0.24354371333523522 0.3450948117592816 0.293410385229316 0.2888850495743327 0.21890101102963216
2 0.2351135079317146 0.25830919239913697 0.28182255270940004 0.22457573391242616 0.3471018464277904 0.31496277948213475 0.30039294360869917 0.34869607409337827
2 0.17984423899520152 0.3020116852808494 0.22997328497899616 0.26166531151386624 0.2847698230308424 0.3297463611708001 0.23464092859887842 0.37009256625577075
2 0.6096754674227896 0.111853964796301 0.5945763359662806 0.03635813335467749 0.6591796902896476 0.023437517813818594 0.6742788590399869 0.09893329433704387
2 0.6523437500703722 0.0009765544069742554 0.6519039923551873 0.051550186638589325 0.5386652508375391 0.05056549478745695 0.5391050301484483 -0.00000812183147207749
2 0.48077622375342344 0.1270167469833764 0.42284372113272184 0.17636646629800193 0.3889202181781002 0.1365432186506964 0.44685264560257565 0.08719355242954525
2 0.47135688032517464 0.19028304794658335 0.44645540999658806 0.15580429533222742 0.4959451549713094 0.12006176671889279 0.5208466076893501 0.15454046883634012
2 0.4535743793187521 0.21298564114798663 0.4915310841099654 0.17977413012302365 0.5379305083996542 0.2328022909611894 0.49997387787504977 0.2660137224568457
2 0.6254394930531362 0.2580974774018614 0.6232955988406275 0.35674779391293804 0.485452596072264 0.3537513802349776 0.48759710738022477 0.25510166663959777
2 0.5355146560566482 0.33632114090687965 0.4682576665865099 0.3435919792375916 0.4594865064499345 0.26245612684654984 0.5267429939217436 0.2551853160582089
2 0.5742188896143716 0.25683590492378056 0.5259359755912101 0.2681017561227142 0.5022012078427451 0.1663808671590588 0.5504838005784904 0.15511505572540907
2 0.48828125 0.18457031249998093 0.5245194436475913 0.1563854088843927 0.5629056729202375 0.20573925449798974 0.5266675246438126 0.23392410629823365
2 0.46195054834026905 0.40772665895168697 0.4287089116525067 0.43630169417162734 0.3640033464909038 0.3610323080228944 0.3972447461471802 0.332457443032197
2 0.374336262316433 0.4820460771555986 0.29220251638651007 0.39127165263359187 0.34201433240252754 0.34620418766222294 0.42414777011413207 0.43697821128890646
2 0.27663959075346156 0.40546051570967107 0.3030943617845878 0.38875324790272214 0.3539838622507432 0.46932867953879975 0.3275291734966004 0.4860358411932939
2 0.3108117222951705 0.5019231784095981 0.2715177154768753 0.5319695755162571 0.22062588123230853 0.4654189055557125 0.2599195639934351 0.4353726949645236
2 0.1337428406413892 0.5416971125902568 0.17330361734548205 0.5136777826170367 0.2267938925380122 0.5891942229194643 0.18723330390389492 0.6172133285343389
2 0.08682658415830247 0.5835353407113897 0.11162499063630094 0.5604210398375132 0.17552251443271416 0.6289666901487734 0.15072430205066212 0.6520807909732804
2 0.10602766145302667 0.6766085092757627 0.06476683237792713 0.7088630525232449 0.008541307735640657 0.6369471035510496 0.04980164459163916 0.6046928553060459
2 0.05597697825044179 0.705385569324671 0.019044991137548095 0.7322415159965121 -0.02601474036748641 0.6702844492624234 0.010916835164607619 0.6434287190210075
2 0.0470076861133748 0.6008390865160729 0.06972158740904888 0.583633836455972 0.12834887669237105 0.6610229274088251 0.10563511553914395 0.6782280171344701
2 0.07909057736651448 0.5964909994321507 0.10195655986012753 0.5809440959391646 0.14900015001944666 0.6501266353603441 0.12613426856864862 0.6656734151237065
2 0.17420595788996707 0.5078097429189021 0.21563920710821094 0.47788861141307043 0.27512324940880717 0.560252298557259 0.23369020821542108 0.5901731836557051
2 0.8588582340283892 -0.00009296170530087988 0.859460799902763 0.053534411927716914 0.7598420512700841 0.05465371231225684 0.7592395089893671 0.0010263657338429777
2 0.8885295325676452 0.04094862064788188 0.8890895269588555 -0.0010491630207528119 0.9677734375 1.9213780526888004e-14 0.967213454023522 0.041997769939714186
2 0.8850277734976544 0.09809485247790126 0.8777397827839195 0.16733195944163284 0.751872826183444 0.15408288116126095 0.7591609645276094 0.08484594987531967
2 0.8856057312401617 0.09548105862898597 1.0013324020210348 0.09976720326717825 0.9983144276285429 0.1812526460555521 0.8825877566072222 0.17696650891481805
2 0.8232591277887877 0.293606548896624 0.7402600955753087 0.2839556496414192 0.7531215411897847 0.1733508704499041 0.8361198891022923 0.18300172820005242
2 0.916015625 0.197265625 1 0.197265625 1 0.3359375 0.916015625 0.3359375
2 0.8365697288028286 0.18289145703577486 0.8764114336114517 0.18740175031546144 0.8635064314464671 0.3013963036326483 0.8236647298041362 0.2968860295049198
2 0.9016574099093759 0.30354603725172363 0.8603220396518054 0.2964889024173208 0.8792495367565607 0.18562938119666228 0.9205845655227449 0.19268648606493124
2 0.913476512486227 0.21601572117648676 0.9574999756329134 0.22230464835718472 0.9446874995251164 0.31199217529355827 0.9006640408996418 0.3057032709932264
2 0.0765597551803694 0.8267745493535247 0.1286998980167482 0.8945402725295029 0.02378174857585691 0.9752447801254228 -0.02835705709640024 0.9074802796584017
2 0.12319898762746107 1.000066592168307 0.12265787458397881 0.9616162934303927 0.19672410024998044 0.9605741087920585 0.1972656326526021 0.9990239808446142
2 0.11715147266488657 0.7912539499860782 0.1878911654765716 0.7389820713034488 0.33705691764748735 0.9408046837536238 0.26631870177538985 0.9930748243495222
2 0.2591067142935799 0.7056397459816797 0.30687054730799446 0.6701291027781453 0.3686178992800251 0.7531699443012085 0.3208544164374416 0.7886801803771927
2 0.5157023521768451 0.6038340314759242 0.4842756855130119 0.6234737565384956 0.44751781881052466 0.5646613156406576 0.47894418940882133 0.5450217128229488
2 0.40238565221670797 0.7301638043292749 0.3675700145162182 0.75661966416932 0.30422843210840256 0.6732748918580689 0.33904353944274135 0.6468193332965665
2 0.4965459476719616 0.6403254715392842 0.45147181792469837 0.6703716008345729 0.403093563338075 0.5978045037059747 0.44816714465309815 0.5677586254545275
2 0.5405132761047753 0.48152480577723916 0.609272801879797 0.577779550838195 0.5582804827641894 0.6142020650241707 0.4895215171577547 0.5179478226874713
2 0.4737963185800709 0.541606012877053 0.49493326667368365 0.5262353715628596 0.5590794739329112 0.6144374278308793 0.5379426517538377 0.6298079215333554
2 0.42856311454306706 0.5811205304731832 0.44863033258400264 0.5666738600472135 0.4975492279855871 0.6346174492832565 0.4774821045720046 0.649064007694534
2 0.359248504859238 0.6184107835317012 0.39562689010074337 0.5916091552612711 0.4381641363521567 0.649339003716415 0.40178591211599723 0.6761404451392643
2 0.4094425685125316 0.6931192345080068 0.38473962075806867 0.7101003702031409 0.33456168317525226 0.6371147766778509 0.35926431171606055 0.6201337940563445
2 0.4042971730643785 0.8369137691148142 0.38671721604998766 0.8193373285688074 0.41406221704187374 0.7919924853148281 0.43164208926248193 0.8095688411612506
2 0.41540586495545995 0.8707426513824502 0.3807956615654575 0.8959083309610222 0.3374252376353297 0.8362742342895162 0.37203497972564037 0.811108797877392
2 0.5676254441805213 0.7610327093439303 0.5326586898355572 0.7901668895151952 0.4900733452128634 0.7390645892821481 0.5250397695173206 0.7099306317137555
2 0.5336832414794799 0.7951544645246288 0.5023437829830755 0.8192576248523646 0.44091810713496216 0.7394044900866831 0.47225708247879084 0.715301609970238
2 0.4244473116885956 0.7813117250028001 0.4592367848149479 0.7575964483729327 0.49888593968501027 0.8157493478829818 0.4640966329584444 0.8394644209228398
2 0.4581728957278983 0.8433369060854194 0.4204904788980457 0.8694193613728745 0.38076371704630674 0.8120361204071139 0.4184456580129563 0.7859538959976771
2 0.606026811929155 0.7258461312777728 0.5644395353508571 0.7588978251960351 0.5197491141885848 0.7026745853116251 0.5613359692642916 0.6696231516426037
2 0.7900260422467227 0.6036939625784771 0.7129860385870188 0.6678877636968519 0.6327001290562748 0.5715445717705464 0.7097390701502491 0.5073514871182772
2 0.7900962341736886 0.45835429211124384 0.7583204524792109 0.509850275956579 0.6852745022309819 0.4647796518645118 0.7170502558126373 0.4132839788110466
2 0.8551090480278845 0.5684755903388155 0.8131188304882926 0.5224899319407857 0.8802713694145723 0.46117718139543057 0.9222613218429387 0.5071625062657266
2 0.7399348513870336 0.5356984984397876 0.7944324800971572 0.4981177264663077 0.8422446513690147 0.5674463171103832 0.7877472423359677 0.6050268220656826
2 1.0075146903558334 0.4062521164114689 0.992834005522127 0.5188086225296729 0.8007878885706532 0.49375959725537394 0.8154698314978077 0.381204540882117
2 0.8241142961047672 0.4834993948790647 0.7965390222356064 0.4830156475950705 0.7976202770479404 0.4213912548324612 0.8251953125 0.4218749999999997
2 0.6495822642568783 0.5414485560460874 0.6082279461578537 0.5726729791466755 0.5523510209633287 0.4986741143314459 0.5937049406254573 0.467449914891222
2 0.5976496328823941 0.44731439967501607 0.6364226626650407 0.41735560191533627 0.685668852066101 0.4810866347192602 0.646895974423046 0.5110452603065563
2 0.6696327726872369 0.6562215806725629 0.6260235234537959 0.6918976065496374 0.5666758967120131 0.6193615502590405 0.610284641922135 0.5836858524929966
2 0.5634764276956048 0.6210935804299139 0.585677288669217 0.6490199045892843 0.5452577738507216 0.6811482582197763 0.5230570679025277 0.6532220774732171
2 0.6547408668849357 0.605393893043538 0.6308053474226654 0.6270475676540375 0.604847293253215 0.5983571301372823 0.6287827169727507 0.5767035317899537
2 0.8359646953906577 0.8359023372881106 0.8853273422457733 0.9364250071648972 0.6809857611136749 1.036737906122259 0.631626963430449 0.9362185219063661
2 0.711228430541837 0.7453632935338855 0.7704168796948352 0.8269270774247568 0.4860346451418991 1.033239637627378 0.4268504878070871 0.9516797161773372
2 0.7186574990565759 0.741332865610535 0.7450304508029149 0.7229552608794844 0.802085005930735 0.8048174343186006 0.7757122344216896 0.8231948223064549
2 0.958984375 0.544921875 1 0.544921875 1 0.6279296875 0.958984375 0.6279296875
2 0.8904686175775396 0.6193843709008334 0.9502284872377231 0.5717705468844724 1.0597579018761962 0.7092239026627588 0.9999988131972941 0.7568368830789447
2 0.8725707286580473 0.6183698163946018 0.9497323476169868 0.7051642779202913 0.8896040210187266 0.758610792963928 0.8124431644918104 0.6718170619074443
2 0.7917575376941386 0.6901166585628766 0.814571475794537 0.6730089338625506 0.8568752651054865 0.7294145040744984 0.8340614402244455 0.7465220979809118
2 0.7587571859612581 0.7423992343195736 0.7962663586714598 0.7145748453746876 0.8309965454309349 0.7613856808395811 0.793487532096492 0.7892098842178077
2 0.958904384606285 0.7231316514020663 1.0053628220415476 0.7881616901818957 0.9636082629094744 0.8179859879967641 0.917150262485734 0.752956341806469
2 0.951639548021376 0.8258867090209775 0.9105025853668849 0.8536765170171232 0.8783746266300341 0.8061272293723608 0.9195111638210847 0.7783376198100084
2 0.8826729111738132 0.8510912110885988 0.8494095487883442 0.8794810304167198 0.7978219136211919 0.8190500814932888 0.8310848730468479 0.7906605472760527
2 1.0000009607670108 0.999023426459733 0.8867336816924762 1.0003249915233883 0.8857590045395227 0.9153640485577179 0.9990234375 0.9140624999999994
2 0.6431413129365637 1.0000737397281927 0.6425451847932209 0.9493453387426898 0.7318250913610882 0.9482964668241489 0.7324218838169827 0.999024186928542
2 0.5882164688681542 0.9728541954927729 0.5761734295670067 0.9515529851079283 0.6201303928814923 0.9267079382662757 0.6321734360592473 0.9480089924103718
2 0.17734700879168486 0.910243878716153 0.1996675601598099 0.8918671585281094 0.23078758310259673 0.9296562846336976 0.20846714649565 0.9480328790110778
2 0.33789103033450374 0.48925750712803795 0.3179559840771162 0.5042762076460876 0.26424480949003737 0.4329873561370026 0.2841796875 0.41796875000001243
2 0.1902722358987603 0.6200913370115068 0.16920912479088202 0.6351348835951394 0.12460339383358132 0.5726872180873024 0.1456662957050412 0.5576437786403974
4 0.1992187500501359 0.0009765596416339127 0.19853786427188425 0.0397872609081949 0.1383179064472415 0.03873076742288583 0.13899879900827727 -0.00007992738378867056
4 0.05927647505291134 0.050305925655184866 0.08520294085064961 0.02762030794892805 0.12077398275755513 0.06827296702294183 0.09484752755417958 0.09095857337477599
4 0.00918980920175727 0.22893237351117596 -0.025878081263385866 0.18635034564151562 0.01834714592587261 0.14992969139610507 0.05341499552446294 0.19251164686095273
4 0.21679687975017714 0.05957030947129841 0.19628905987383405 0.03906250038631019 0.21874999859585387 0.01660156421799905 0.23925781454556727 0.037109369369498366
4 0.22534840923367483 0.200723197531542 0.20349449862408164 0.20436547550459758 0.20019531452749106 0.18457030179112682 0.22204919994305783 0.18092802596045743
4 0.09915877443847876 0.37432382439159945 0.08428461314690594 0.35201332118531825 0.12845536010456726 0.3225662805592179 0.14332950808261558 0.34487672044991224
4 0.3282050464005124 0.3065445069736724 0.3683561872029486 0.3028945261359117 0.37226243087729927 0.3458633154789377 0.33211129113556126 0.34951328849350394
4 0.2573920232630371 0.4429237235946144 0.20618970047064522 0.4493236934640186 0.19556800105226557 0.3643478089846981 0.2467697845395378 0.3579478734607872
4 0.19063908304042343 0.40412967897616037 0.21143430026450005 0.44449434670111193 0.16615754805445704 0.46781868239450297 0.14536249108618904 0.4274541520944586
4 0.04621068870142153 0.38355469272961096 0.05769552870287953 0.39886695725465965 0.006445546938493862 0.43730453244261913 -0.005039225598352459 0.4219923292084334
4 -0.00002538882313274371 0.5941172254011773 0.020609370085367118 0.5932575453505564 0.02258787516564098 0.6407418866387382 0.0019531165072521617 0.6416015628538221
4 0 0.751953125 0.033203125 0.751953125 0.033203125 0.8037109375 0 0.8037109375
4 0.1286184944475508 0.7469096878375833 0.07304019939613227 0.7272968003052714 0.09438686771261473 0.6668158671511328 0.1499644649578613 0.6864286200197531
4 0.25063401581121525 0.6121986911765881 0.23428998054873773 0.5897279535369305 0.26878097352380337 0.56464370328193 0.28512497865631303 0.5871143545698365
4 0.4184972434489964 0.5279695404790049 0.414034643993773 0.5804079101629338 0.3066009886483698 0.571265236007899 0.31106401619069857 0.5188273382603825
4 0.27079457825277586 0.543140804972078 0.2971636271481657 0.49919647408436585 0.3278964557617883 0.5176363850312125 0.3015275528011898 0.5615805889177828
4 0.5323563284314332 0.3860977483820382 0.5379564240752188 0.42249588760368056 0.48159786384781 0.43116642811347183 0.4759979130387819 0.39476841894488934
4 0.3845093189113413 0.5344501929662296 0.35378416258129164 0.49571214289611853 0.4656188150286198 0.40701646567741506 0.49634376590051943 0.4457541124064558
4 0.5792081974110488 0.41190995847229595 0.5815823616735543 0.4364408516005335 0.5458159408477741 0.4399021491564961 0.5434418384500077 0.41537131295982654
4 0.5911630412799695 0.31532408056626476 0.6072636744337387 0.33786398128304745 0.5348396805293305 0.38959554035681454 0.5187391672499189 0.36705574746020103
4 0.4510253640183919 0.01295985289319539 0.4927583377134397 -0.0374932967338974 0.6280111189729496 0.07438277210949885 0.5862782206789916 0.12483584833577069
4 0.2854412998680118 0.014500631866311342 0.29925042538002344 -0.004486909580055549 0.3302576005650053 0.01806377001664148 0.3164484770712761 0.037051309651543324
4 0.39469797865388045 0.12056972039769513 0.3913157413344379 0.15100990681827803 0.35508764030078055 0.14698456631656343 0.35846989733965984 0.11654440229103329
4 0.326171875 0.08203125 0.359375 0.08203125 0.359375 0.1171875 0.326171875 0.1171875
4 0.42773437268147063 0.08300780940091773 0.4443359615237341 0.06640626354954703 0.4628906303431677 0.0849609464982217 0.4462890471056653 0.10156248677188454
4 0.42279410215485314 0.08909696602628671 0.4336512165102704 0.10719208486974593 0.4069393550071254 0.12321919798185071 0.3960822510937305 0.10512408825210337
4 0.3818359435070988 0.08984374505580657 0.36523436610741555 0.07324218928294529 0.3886718733708676 0.04980469165865677 0.4052734449071522 0.06640624159392285
4 0.642099664625789 0.15375275813433154 0.6995140531647621 0.11356323440762815 0.7789299459036556 0.22701510659983448 0.7215157023490519 0.2672044651394189
4 0.8858374911832243 0.2237518692832884 0.8526105080688922 0.22006002997520677 0.8567073432732286 0.18318886445870444 0.8899342498633587 0.18688069944630556
4 0.9999999999812417 -2.103242809213033e-9 1.000000003625587 0.06054687570836451 0.9687499984530632 0.06054687117288622 0.9687500032246135 1.562935693094526e-9
4 0.943749995490748 0.03535155783556921 0.9515625067781457 0.058789060919816484 0.9199218789558472 0.06933593435150467 0.912109375 0.04589843749996108
4 0.8867187499623697 -6.602244638047302e-10 0.8867187511648353 0.03222656288713979 0.8535156238153832 0.03222656163394001 0.8535156250381988 1.252317579349525e-10
4 0.8736046056792475 0.2953465953069324 0.8722354572799986 0.32546912031167097 0.8152685837958416 0.3228797857278565 0.8166378089476893 0.29275734144002696
4 0.9164291490296819 0.33934971724372 0.9183708845235969 0.3141084507747874 0.9465993038287479 0.3162799100659282 0.9446576065042791 0.34152114068148304
4 0.8760518140589966 0.4886572724428327 0.8317307116145685 0.4975208769928328 0.8224910743178953 0.4513218273118743 0.8668118858687421 0.44245825275612166
4 0.7355330313672539 0.4851228360832743 0.7616118631291329 0.5159408211994244 0.7359586473714899 0.5376473018551233 0.7098799014120232 0.5068293974626138
4 0.35546598121970874 0.9794893726496727 0.38476738430279056 0.9501967392425699 0.41894743936222767 0.9843772256260891 0.3896462481739036 1.0136696474044589
4 0.6317888403908682 0.9391149102757532 0.6588057078473639 0.896350540974106 0.7174453254235686 0.9333871328876238 0.6904289414552522 0.976151078035142
4 0.587890625 0.9990234375000092 0.5878910632950465 0.95898409557435 0.6445313116831812 0.9589846197601699 0.644531211381377 0.9990236244349235
4 0.8319677627173405 0.7454735052859901 0.8780224356097506 0.7618124988295831 0.8590794353128786 0.8151971817118557 0.8130248169512697 0.798858298198391
4 0.9217096323936858 0.8595035531502057 0.9390355114700242 0.9080035791329792 0.8822452122871027 0.9282856370044887 0.864919802918962 0.8797860096051472
4 0.9343464087245366 0.8800319958309095 0.9155636164665566 0.8518635521527436 0.9800158918560555 0.8088960960293152 0.9987986234061736 0.8370642546472542
4 0.8017582773883305 0.8027339186407239 0.7880850898569634 0.7890632961314431 0.806639994085117 0.7705084585024216 0.8203131385067763 0.7841790379283885
4 0.98046875 0.8173828125000154 0.9960578105586819 0.8000652777385797 1.0155889637783275 0.8176435011985953 0.9999999625518967 0.8349609791001465
4 0.8339829806623129 0.9599600501917754 0.8454053542482143 0.9420157299015325 0.8622142967403761 0.9527124329146798 0.8507919824055534 0.970656701158764
4 0.8408210496235142 0.9726568909675932 0.8222636807350909 0.9912089854614325 0.8076149672405109 0.9765602719555406 0.8261722791286275 0.9580082343962023
4 1.0001685975340706 0.5511223880376268 0.9747413352096146 0.5519425519609913 0.973596323458537 0.5164451615132849 0.9990234375 0.515625000000001
4 0.8749990277320876 0.6083974500404526 0.8984379461278422 0.5849612836554562 0.9189459003569027 0.605469410811758 0.8955070447664184 0.6289055144197104
4 0.6467954094695187 0.7223075459307727 0.6313542336687306 0.6985551302137687 0.6890214280462033 0.6610718356549313 0.7044625751796048 0.6848240787072822
4 0.5179926772894987 0.654507079309152 0.5491760850504761 0.687835956068885 0.4940737591242623 0.7393832977911904 0.462890625 0.7060546874999699
4 0.34657703232619497 0.7848964774917407 0.3728843054035451 0.8089113047440201 0.344173753788823 0.8403561291972262 0.3178666026889232 0.8163414286102504
5 0.8253118352679394 1.0193032679157616 0.8069062340804294 0.9901690377442736 0.8817855410158018 0.9428775059341926 0.9001910996834113 0.972011357296821
5 0.9862868636278108 0.8341825055868419 1.0267963594984622 0.8708244557161968 0.9338839301578901 0.9735174356453712 0.893375096104478 0.9368761815115643
5 0.994346563753993 0.46050798076393645 1.0205108849611406 0.4956905032692773 0.41327513633314084 0.947208780476736 0.3871141438464747 0.9120291491615878
5 0.45184791399583446 0.997307906173719 0.3900599891208003 1.0376243500432196 0.18227006328413609 0.7192404697908857 0.24405358187868842 0.6789259511612095
5 0.3575570421165821 0.9334985848498127 0.3788775418328214 0.9602388686183626 0.2954468970749531 1.0267398574848983 0.2741268609374856 1.00000000000001
5 0.012962327958348396 0.4086396134437329 -0.026951858950724272 0.3501610271079542 0.32402295471626985 0.11061009164588852 0.36393675946771964 0.16908752501268648
5 0.017543979361789752 0.1588323843503858 0.0065955695554293925 0.14324694973463634 0.179167438504237 0.02201931796628866 0.19011584074291932 0.03760471327048549
5 0.2558203149297924 0.04519530655574002 0.268007826824487 0.03605468904249815 0.3056249974105185 0.0862109524069075 0.2934374905654522 0.0953515642051228
5 0.44238272945005974 0.007812480316953527 0.4814453054682417 0.04687497446671132 0.38476563113908924 0.14355463612948796 0.3457031178579655 0.10449220175847738
5 0.6793826056737089 0.21920673787658823 0.6447784121440918 0.2500697525813982 0.4939507287106153 0.08096002136694233 0.5285546875298905 0.05009718664848386
5 1.0085272585448593 0.35459183063207683 0.9978651872851287 0.41551954877061803 0.7318418899784547 0.36896624838931336 0.7425046625162395 0.3080394447324928
5 0.6023419833505841 0.15416355754275832 0.5960624482872845 0.12162397629504759 0.6826803547648979 0.10490836083939657 0.6889599322648792 0.1374478861563665
5 0.7425815703566059 0.08597534313919009 0.742089634115473 0.053012753639333166 0.8316510756327489 0.05167610552554855 0.8321430421855212 0.08463866460152064
5 1.000202654021109 0.05509347218505482 0.9995301519587656 0.0893941059981408 0.837521314713058 0.0862175676772561 0.8381938753674376 0.05191699058169667
5 0.7099609375 0.06249999999999996 0.7142295321625625 0.06229673393996271 0.7152060944473533 0.08280454649641396 0.7109374997886562 0.08300781251006333
5 0.7399167752671474 0.12132729153116459 0.7029678632882224 0.12063014289757304 0.7052477242924624 -0.00019948284970686716 0.7421965356263627 0.0004976647190478596
5 0.714673778296401 0.1458022982379722 0.6839297165873859 0.1477857811648725 0.6764856233228329 0.0324016321063997 0.7072295881893069 0.03041815232587314
5 0.7020382778974863 0.24933781324482185 0.7585716826501994 0.3313998663946868 0.6813654685490746 0.38458602154071453 0.6248324929313185 0.3025243510732581
5 0.6573759317393524 0.2918083516932197 0.6300318143748882 0.24883973450356464 0.6788140667348443 0.21779662119828033 0.7061581710399878 0.2607651411117648
5 0.5318573082846569 0.41591940840496505 0.5595282694522439 0.4538834701465262 0.4280578025043269 0.5497013500081398 0.40038734852055313 0.5117377435044195
5 0.6513216568073403 0.2976730400429616 0.6939366210784783 0.3471590452053465 0.5762714294079387 0.4484818335865905 0.5336569226336678 0.3989962616738338
5 0.31663983012913377 0.5484822815282059 0.3576314159516869 0.6025735676239126 0.016162068916287353 0.8613045649166089 -0.02482675565147474 0.8072157652913781
5 0.2401313535153804 0.996361836039566 0.20329334184498293 1.0221419781012395 0.10956275636021928 0.8882423878169351 0.14639956420205635 0.8624628365370907