4 0.9990234368916617 -8.698253850870477e-8 1.0000000919926606 0.139648436856703 0.8603514533367616 0.1406248897759942 0.859375 0.0009765625000385904
4 0.8395014793633209 0.22825222929217512 0.8107709648220407 0.2309248244338323 0.7893128000455363 0.000249245292580198 0.8180431030662021 -0.002423340511631846
4 0.9895805544437053 0.17508916427660684 0.9160053702798905 0.2309353747893251 0.7758804729179474 0.04632676077893817 0.8494551810573512 -0.009519180299287182
4 0.8949085818286449 0.34905288125259454 0.8671687023014556 0.35008025421424127 0.8646270566968042 0.28145333290556945 0.8923667532793615 0.28042596333731656
4 1.0000003665541044 0.7539062500000001 0.9550779356212615 0.7539062500000001 0.955078217584628 0.6884765625 1 0.6884765625
4 0.8828125 0.78125 0.955078125 0.78125 0.955078125 0.92578125 0.8828125 0.92578125
4 1.000000643374051 0.999023425805622 0.916114300485674 1.0005481972351324 0.9151384387350845 0.9468372591576611 0.9990234375 0.9453125000000009
4 0.7483754510496965 0.9661670466337586 0.7525155711340403 0.9901707851485545 0.6442701445644161 1.008834370524063 0.6401304725329737 0.9848310309510301
4 0.7502351960072247 1.012118400715176 0.7367787426717314 0.9802561714716597 0.8279484190527455 0.9417630729320923 0.841405030633041 0.9736248352084295
4 0.427734375 0.581054687500008 0.5768551073016397 0.5487494209880921 0.6069339464752375 0.6875772121284744 0.4578133572028946 0.7198820310787358
4 0.42268503098182464 0.46629783058924024 0.37253059945965106 0.4809770528301841 0.23203862404648135 0.0009696469995574463 0.28219149169478897 -0.013709341513155006
4 0.4491136288512507 0.500093604832056 0.4126441786780788 0.5098181138277889 0.40017988508998315 0.4630766270406481 0.4366490885994381 0.45335215278644003
4 0.4391837287478211 0.0012796332356341648 0.4795932146348605 -0.014884158002479166 0.4986530173779329 0.03276535866693565 0.4582435331707302 0.04892914741999918
4 0.4772840373412919 0.08428912397109628 0.5411525082854496 0.06550436438987287 0.5640114994444048 0.14322505251800383 0.5001430397398963 0.16200978551011194
4 0.7136157935121901 0.027848078720978383 0.7877917973385138 0.061031958256280404 0.7323638279694933 0.18492977502687488 0.658187862170621 0.15174596890777442
4 0.3257995628775916 0.04068663068646212 0.3126261155704242 0.01901417551680195 0.3733089825955176 -0.01787146905142816 0.38648242765225405 0.003800980581013316
4 0.6754481836637751 -0.0004752533733082975 0.6761261254017654 0.042234731014645074 0.5846623032664411 0.043686529898871486 0.583984375 0.000976562500014084
4 0.38679787025023415 0.16649064873748953 0.403294013332129 0.14339631727240013 0.4505912714269016 0.177180182623037 0.4340951677003204 0.20027447875760904
4 0.732421875 0.000976561288533541 0.7324218756402843 0.015624999794488708 0.6757812495501412 0.01562499971016046 0.67578125 0.0009765624999902749
4 0.6425910866804543 0.503200320364484 0.6106594187301653 0.4527298440645915 0.7587693311044177 0.35902909483552986 0.7907009007677743 0.40949895761314936
4 0.8835422519741769 0.6784458770826375 0.8780854106544211 0.6366133264208437 0.9377028859651091 0.6288375290645415 0.9431599389705525 0.6706698268561878
4 -0.011115201725147017 0.9218842735493452 0.014298981273668687 0.9014349169577438 0.08475546446470617 0.9889735988487668 0.059341583709510815 1.0094226213208604
4 0.08226880538757086 0.46209553360836825 0.13271986694962834 0.46531547094376713 0.11947701723556747 0.6727896865287234 0.06902596007978445 0.669569807851969
5 -0.0000015916189113340806 0.00028574899235730386 0.1240234375 4.969616689786745e-17 0.1259780819716525 0.8483470787353279 0.0019530525729578585 0.8486328126668605
5 0.15561923104985453 0.0010716488055825197 0.30800136161747105 -0.028546169775326945 0.5060340776673229 0.9902588638373993 0.3536525342378809 1.0198743196972155
5 0.21094448772191754 0.9990175715791147 0.1498526483353544 1.0503014180241916 -0.032595157838613886 0.8330133111295595 0.02849384234423269 0.781731408040506
5 0.7412951476431999 0.0013598087902542196 0.7904912467212171 -0.004390078553779333 0.8636827510453031 0.6218208114717828 0.814486679229617 0.627570517044784
5 0.998330783237634 0.23594300976635776 1.0026433256334712 0.2646911664843167 0.8255726656290108 0.2912524148347258 0.8212603536924235 0.2625044629460622
5 0.8043107158600833 0.6261113651719629 0.864451627499875 0.6200983160493125 0.8968907848920935 0.9444914010353987 0.836749910393678 0.9505042169647314
5 0.8360753815474027 0.88684317423369 0.8456871561141952 0.9178048814655053 0.7297040769361729 0.9538001595149826 0.7200929197862251 0.9228389775355377
5 0.7106597622779418 0.914464982946369 0.7357369419283941 0.9564925615713142 0.6022214925196749 1.036134929902011 0.5771454350051499 0.9941083242727388
5 0.4175322543750326 0.5294249933811893 0.47030650890542347 0.37562313433236727 0.7530573696554939 0.47263623872962446 0.7002872587875117 0.6264345727596975
5 0.43914537298314826 0.5092025197529522 0.5268871450853112 0.38037240372873193 0.7123058210785302 0.5066457937659841 0.6245665297537926 0.6354736941555085
5 0.5772085370758759 0.14795670656117074 0.5400841012931323 0.10022533315886788 0.6965294389968903 -0.021454280937625688 0.7336538130656436 0.0262769770336217
5 0.5282337587532311 0.14386044576633011 0.5579612650107038 0.17014091134371293 0.4893171179686533 0.24778767601716736 0.4595896864717588 0.22150729118435858
5 0.3259765252411171 0.10996075266530302 0.3775391631390903 0.08417971866846131 0.46054678268592397 0.250195533116408 0.4089842339066081 0.2759764358580297
5 0.5736192410181502 0.39851192703154886 0.5046574449100945 0.44448536789178467 0.383713664746665 0.26307054464442925 0.45267436303140585 0.2170975990465457
5 0.4611278453293153 0.736739660897552 0.49159531226507625 0.7340676209743773 0.5041227821478742 0.8768829643228142 0.47365532147591694 0.8795549573365087
5 0.6615374872665143 0.7187158289952925 0.7013005267481276 0.7154030154343471 0.7215517560003946 0.9584257797881299 0.6817887287005533 0.9617384900006488
5 0.6796874707955567 0.7958984462734096 0.6796875060526872 0.7675781140632895 0.6875000089261221 0.767578131576806 0.6875 0.7958984374999957
5 0.6953124839468501 0.6289061993130258 0.6953127094574256 0.7470703691221339 0.6542966378680148 0.7470700666545343 0.6542969162478585 0.6289063955465196
5 0.6920188545325345 0.6651298494033252 0.6632428905157894 0.621305755374872 0.786351025690351 0.540479016172357 0.8151268797367948 0.5843025107566762
2 0.3398437500217142 0.000976561130036051 0.33949248410021937 0.023106403447212414 0.27796904424087643 0.022129840268434196 0.2783203125 -1.227495322377326e-14
2 0.3038389659278664 0.11089859790870737 0.27922138306496436 0.07157428486919354 0.423980474386326 -0.019046975565051152 0.4485980574224868 0.020277294987665614
2 0.4767091242324568 0.4504680196025005 0.4196366700417684 0.4733984157811523 0.2746185806926178 0.11246655417877723 0.33168937783261754 0.08953652944325437
2 0.46321824369624665 0.4608337434486579 0.43866166817247176 0.42698702592429283 0.5160662332887114 0.37083123491990977 0.5406227383235773 0.40467774675650325
2 0.6811942004720777 0.6197365696106752 0.6412774910404551 0.6449202641631275 0.52904078164363 0.46703843019842056 0.56895644338897 0.4418551735875766
2 0.5357472567498007 0.5016444421703844 0.5606227228998932 0.540380607169396 0.4530750096656675 0.6094380807907488 0.4282000198921878 0.5707023354618366
2 0.5439799854235616 0.21901359273529727 0.5158271660510536 0.1773962710782289 0.6953806219494254 0.05593459791507632 0.7235333889888125 0.09755171763572977
2 0.4779031429823135 0.004254415024515866 0.5178475941095257 -0.026670276219661202 0.5879465331383926 0.06387430921789568 0.5480021003099864 0.09479898008381063
2 0.44536993710914885 0.06227020306018287 0.4806985632284295 0.04107308658646535 0.5118910974842947 0.09306072136141554 0.4765624830442903 0.11425782267340703
2 0.43884423190831967 0.056756407291168286 0.5086559734885441 0.17144652858375187 0.44973073809035213 0.2073138992485099 0.3799191794788612 0.09262393725525625
2 0.5380065497627129 0.20457665045547863 0.5902667423684989 0.2777393379966751 0.5148862438870765 0.3315822565268307 0.4626263608346335 0.2584198457696031
2 0.6145734382987484 0.2827974827770836 0.5857271199013212 0.28640321501390015 0.5742338020057787 0.19445608765904393 0.6030799254175463 0.1908503678665764
2 0.6243991042397283 0.24323907730470992 0.5943508124980781 0.19816697600204453 0.6840443618599465 0.13837149321226117 0.7140926279824953 0.18344345659143496
2 0.6830958939343645 0.3269282133710681 0.6534889872565373 0.2832978520602525 0.7199976061993993 0.23816724752231175 0.7496044743531911 0.28179745456924105
2 0.6571939539987852 0.4122517883535987 0.6358515380812833 0.37810484335249406 0.7422422135531406 0.31161146991523425 0.7635846016046344 0.34575817645934775
2 0.6308825403200444 0.29655373241049926 0.6667858674425133 0.3487747580559992 0.5847641629335385 0.4051644185689083 0.5488611489990944 0.35294367107846897
2 0.6379894672377304 0.49945842550738906 0.7600576915068586 0.4271283494712614 0.8261110938179854 0.538595712257887 0.7040434346088205 0.6109250398774962
2 0.8641107456207919 0.5209631752062845 0.9121053040699962 0.515171357976914 0.9269567386455719 0.638227570366583 0.8789621918753028 0.6440193241493817
2 0.9899402674207067 0.7393672493227736 1.0241633632745106 0.7987952224454846 0.938906582217669 0.8478820490605925 0.9046842963920199 0.7884547771492769
2 0.9019488990859372 0.6719748707233664 0.9469932825663818 0.665690620187337 0.9605925727695421 0.7631531615161454 0.915548203131948 0.7694373444089735
2 0.4892238318038835 0.7684205732115376 0.4639445959446675 0.7272397885769875 0.618813523349786 0.6321856876462342 0.6440926977556956 0.6733656790957634
2 0.6597489142740187 0.6791518210803023 0.685273067568005 0.7250860996940183 0.5295578170117778 0.8115955004389178 0.5040347359098405 0.7656621451860053
2 0.5364327188523248 0.9259509030600546 0.4892096785824833 0.8372801199921146 0.6612011841700678 0.7457026398103485 0.7084244233324171 0.8343711972802363
2 0.5415868374169577 1.000443667105767 0.5180455733907365 0.9635496016318637 0.6410446208824396 0.8850876207070074 0.664585782200561 0.9219809180180001
2 0.8433391279287434 0.23543184705526918 0.8240419330489885 0.13667450187629213 0.9250477910434256 0.11693811380905099 0.9443451943753871 0.21569518750232824
5 0.8173473555528972 0.00009860661826565805 0.834222203735294 -0.000738156342847862 0.84706870524019 0.25833395660926345 0.8301938574740007 0.2591707157498125
3 0.39960845171674464 0.9854526593540835 0.1892645755151534 1.025385256486503 0.0521476179894762 0.3031785077402828 0.2624603730959052 0.2632490448100071
3 0.27200008100373907 0.38770820797027267 0.20181787084197822 0.40906785280458563 0.08194014846344544 0.015185729240004376 0.15212069870960931 -0.006173646569119549
3 0.2365000586584074 0.3401419128538446 0.17677252852649872 0.37943571953078686 0.06643099861025803 0.21171744379298277 0.12615774978564787 0.17242398668264125
5 0 0.9990234374999769 6.658049187535653e-7 0.9316406113021704 0.04882830513361114 0.9316413019804767 0.04882812499954525 0.9990236362175764
6 0.7919574411304211 1.0130548462619218 0.7830026677876276 0.9987021442308224 0.9142259497535861 0.9168527131110343 0.9231806977992392 0.931205100642469
6 0.9201381167621321 0.9334930120064543 0.9102184675477929 0.9205573357911688 0.9799049544981244 0.8671319349490751 0.9898245332375382 0.8800674533236511
6 0.17968621017178066 0.9619127253773999 0.1923834425710993 0.9492192801841554 0.22558722506096274 0.9824234963510375 0.2128900810283767 0.9951168532056339
6 0.08385748157786566 0.753434419363259 0.050043964156770926 0.7608557930587858 0.026759602141623873 0.6547815047493927 0.0605723469810755 0.647360219768866
6 0.20384666616018876 0.9411635680798618 0.16802555387596385 0.9652351141365545 0.057007638901950486 0.8000659060067128 0.09282739115656113 0.7759949867457042
6 0.1346564263538994 0.8795389227162614 0.1189625829108536 0.8932050036529283 0.021387450927704776 0.7811753717476496 0.037080939106203914 0.7675095523367689