5 1.0459858574171221 0.2862731686622819 0.9723723387645578 0.4392486939139295 0.36523654542827444 0.14708251162831315 0.4388521216682193 -0.00589182498150508
4 0.5471609510262851 -0.004456573097427326 0.6412670472785749 0.0004963736161839239 0.6328448671935121 0.16051773546540574 0.5387387728837894 0.15556479851922353
4 0.7635721536340725 0.23361233256434666 0.7329920972026684 0.24473220137776494 0.7176807500637779 0.20262591838750396 0.7482607237769798 0.1915060661224334
4 0.7675380656248763 0.2271990376948164 0.7903359206871983 0.19832228082987322 0.8229489818879756 0.2240695373253841 0.8001511718840675 0.25294625270402066
4 0.844600165429938 0.0647632727437089 0.8541821486949175 0.18932681144619176 0.749931006371412 0.1973459910815787 0.7403492981552517 0.07278271215101573
4 0.7445325380124359 0.361660164604043 0.6714689504459557 0.37261936048833205 0.65918454091684 0.2907217751477247 0.7322475399822679 0.27976262405056385
4 0.5793358338962662 0.2575000434312077 0.6023987538286519 0.2908123221815716 0.5705079217683533 0.31289053076855516 0.5474450650065137 0.27957830843218595
4 0.8300550322110212 0.2542933075561423 0.8582418205830891 0.29321687090109316 0.8142812119262999 0.32505034995325777 0.7860945269692365 0.28612687998610414
4 0.8937754943593745 0.339506958267478 0.9135181294852828 0.31428141741623455 0.9844553254008588 0.36979797170753315 0.9647128240513894 0.3950233895642125
4 0.9123497560561873 0.051201914633089325 0.9354867846381012 0.03798077177110539 0.94930889602972 0.06216947821922604 0.9261718698159029 0.0753906178705467
4 0.9563891631706838 0.11011078943656277 0.910624450348223 0.1309128697090833 0.8927654140833283 0.09162294979609964 0.938530073301763 0.07082088391456953
4 0.8238661890053436 -0.000024960326853314998 0.8244465106804455 0.014483077081091224 0.7994084462329738 0.015484599403240295 0.798828125 0.000976562500048709
4 0.9111328124920419 -2.4885544264240816e-10 0.9115307466740887 0.012335953735712949 0.881257308792442 0.013312516062103173 0.880859375 0.0009765625000063842
4 0.1683039900873382 0.09826016182438159 0.1822507412316554 0.031063240764446127 0.39277940511112774 0.07475838082996929 0.3788328735735149 0.1419551026960211
4 0.4113626182401049 0.11724494216258838 0.3479434473273386 0.1013901836486321 0.3626493815174854 0.042566659890006846 0.42606846299770496 0.05842140663055938
4 0.3690033780529802 0.011676514252736055 0.3493665583924894 0.07549620049779757 0.28870354183004565 0.05683065278257216 0.3083403729067413 -0.0069890142356687805
4 0 0.07421875 0.037109375 0.07421875 0.037109375 0.1396484375 0 0.1396484375
4 -0.005516423267636128 0.2137615776143989 0.0002375591202508076 0.1792387497930153 0.07815140513389451 0.19222457646730398 0.07239751727547628 0.22674732116213833
4 0.3620658130988659 0.12816892857733594 0.35558852395820395 0.20751927483321447 0.16774565953119236 0.19218534124915113 0.17422327748568023 0.11283534498005089
4 0.32664430754948626 0.21091231483146064 0.3122075064687806 0.2773223170083108 0.1715224395933319 0.24673894259624096 0.1859594793749011 0.18032927316573338
4 0.20663865455117048 0.22820988269248707 0.1658417923209754 0.24957937908705116 0.14538960806646628 0.21053424115292074 0.18618637227325507 0.18916477587263103
4 0.10501902853491174 0.18436399668298747 0.12676897440212542 0.21615192093268862 0.09070980718297506 0.24082394929906362 0.06895991194028284 0.2090360700888184
4 0.019463345127633147 0.09647263295018008 -0.014864171532508408 0.055501073979204334 0.08373346369819501 -0.02710768988050274 0.11806096176439951 0.013863836634210444
4 0.12211211395720056 0.31181085409536613 0.1257073688024093 0.3783136427427856 0.0019659704584000792 0.3850025556671637 -0.001628822805969321 0.3185002212370034
4 0.2580750435497521 0.3152014063713639 0.2626906694938498 0.37981346066164945 0.13790850311715985 0.3887263544004391 0.13329333523972764 0.32411472315471845
4 0.4931719823403 0.41505503374192093 0.45899833271073476 0.49682709958873694 0.24068311372707285 0.405592758830874 0.27485722216033537 0.3238218261562286
4 0.12132518810449255 0.4026827985637944 0.11989798288846032 0.35843691045721393 0.17087810377233836 0.35679255393068343 0.17230543542643773 0.4010383104920871
4 0.6380624226410418 0.46352008080088697 0.6219152668165862 0.5146507235183264 0.4797399277853174 0.46975353919357565 0.49588737768385727 0.41862343603657975
4 0.729202459833914 0.5184533351650081 0.7684418995564783 0.4670540519124425 1.0177744063930731 0.6573812239048937 0.9785365719336596 0.7087790513227311
4 0.6901473088605599 0.5496891817843316 0.7795611004055445 0.5401781794541541 0.7947120733464317 0.6825984558247983 0.7052983025296271 0.6921093304049974
4 0.7949860186520255 0.6307545274111738 0.86544680000884 0.6141027701660892 0.9025544353369241 0.7710991318818614 0.832093756832478 0.7877506005269768
4 0.9999999250075007 0.8359372680790299 1.000000263720267 0.9013671875005999 0.9609375004781668 0.9013671013523781 0.9609374998136673 0.8359375189888597
4 0.9078958054310533 0.8025309664090636 0.9282828825461138 0.8340315800582658 0.8948384315185649 0.8556719959504617 0.8744515343549892 0.8241715407939603
4 0.9725215917461583 0.8153719682885662 0.9346924574234663 0.8399564403597161 0.8624483632632973 0.7288110922592715 0.9002766355362155 0.7042269963222322
4 0.7583548432776297 0.906727137367192 0.7895585059336554 0.8621626872270051 0.8663695528690596 0.9159318864312791 0.8351665398346313 0.9604957555943133
4 0.9263096680358558 0.7127799895093846 0.9542403335162817 0.6913487964764624 1.0254712738189937 0.784166913694894 0.9975408642798129 0.805597819438318
4 1.0009820584701856 0.92270064979961 0.9980021626680582 1.0001860728309215 0.876786472885442 0.9955240955852994 0.8797676833769401 0.9180400496207433
4 0.6464850557150612 0.7705077533164476 0.5838630052629696 0.7759523119123869 0.5743619182580915 0.6666821508369805 0.6369824937467001 0.6612376561459985
4 0.6563515749694488 0.5053913253740866 0.6897254238319874 0.5333506112453839 0.6467452758992067 0.5846494797649404 0.6133715709174794 0.5566903496595568
4 0.553352392351826 0.6844257893997253 0.522927286491381 0.6551520807431658 0.6212842569840404 0.5529389137122532 0.6517089355870667 0.5822122317059321
4 0.031056802673788297 0.8728052747080189 0.08298714531144924 0.8312717067675338 0.14367793474457358 0.9071371496871518 0.09174808578700322 0.9486701690671056
4 0.047235252271548234 0.849888135662622 0.06840586668329252 0.7186628010694538 0.11212727393979094 0.7257153031984572 0.09095743881732687 0.8569399482581779
4 0.31795602835711634 0.7242365273959946 0.28296856437998485 0.8136389264112242 0.1651374256616691 0.7675327835035507 0.200125392038899 0.678131696029572
4 0.2060575330518759 0.9863255402019321 0.14647889752586707 0.9267631266644251 0.21386372406050214 0.8593783309046309 0.27344156064634717 0.9189399449128618
4 0.2947907825606535 0.8615089673927894 0.288038199992684 0.8978675350019457 0.09235827214854453 0.8615303669416117 0.0991115844885826 0.8251727317910814
4 0.6002838930669441 0.9375065077297081 0.6256023395259263 0.9618621716580784 0.5672923636092264 1.0224592136472859 0.541974217494726 0.9981038545220937
4 0.5715602023333304 0.8102620447428555 0.6414713764164617 0.8775899094368207 0.533836151344758 0.9893260438194783 0.4639264041544493 0.9219996241116356
4 0.4448095479276617 0.9548344812976024 0.447265625 0.9990234375000355 0.3739245187995266 1.0030980219926242 0.371468950277972 0.9589095505794382
4 0.12729255599526823 0.7182242028560215 0.10337387735000902 0.7093666610527942 0.1286305770368017 0.6411743837437383 0.1525489321132909 0.6500318595317729
4 0.5185569489826776 0.9882818258190872 0.4775352026708788 1.0292925529868364 0.4169865897187037 0.9687445806554114 0.4580078125 0.9277343750000242
4 0.7011777310538037 0.9345751831454042 0.6542964160141764 0.9814447698125973 0.6058009344022821 0.9329494621452842 0.6526817875922006 0.8860803347184625
2 0.0976983320100544 0.6999946753949446 0.04604173205632378 0.6931346147494599 0.08436323970670401 0.40461432033530076 0.1360172471365786 0.41147420232532167
2 0.03973690110171901 0.4590333677270689 0.07885548817171184 0.46449133345670246 0.06588726179472815 0.5574308033327413 0.02676868259038656 0.551972877057089
2 0.04966925780206566 0.8434353014925474 -0.012859393668691155 0.8352257090545109 0.014825193326601038 0.6244119502880537 0.07735103089362383 0.632621360783112
2 -0.001363900379487859 0.630765748252172 0 0.5966796874999732 0.07885829055214799 0.5998345544177337 0.07749465221252194 0.6339203625736067
2 0 0.999023437500052 0.0000020795555428776424 0.882811872525159 0.08203186050695876 0.8828133890617195 0.08203114470029504 0.9990236025401268
2 0.187439595653359 0.3823317749032988 0.23269843065020268 0.39830446437924866 0.19281880728078704 0.5112972464638684 0.1475600371403516 0.49532468741447044
2 0.23922692892506348 0.5270528977466371 0.25797916778503804 0.47783468595750445 0.3938579817328218 0.5296002333616374 0.37510642175607245 0.5788178701938661
2 0.4543664371169598 0.6044252482221363 0.4116236579344559 0.5882972472018373 0.45329147495431243 0.47787935338041587 0.4960335226875259 0.4940072032799781
2 0.1767497731560752 0.4856172149979227 0.26268842640490675 0.516864717058316 0.21279151099622595 0.6540806517319251 0.1268530589245529 0.6228335461017482
2 0.31593740498806255 0.715814669128705 0.3561981827008367 0.5857668408027317 0.4623753308618461 0.6186335772602185 0.42211626153823545 0.7486799594557321
2 0.5661009866114455 0.5694557597454895 0.5283235774285231 0.6350633132418749 0.4555140350453257 0.5931428193594053 0.49329144529713176 0.5275357529815005
2 0.3290565752394059 0.6732842052516479 0.3123828342269235 0.7189135590476938 0.20051522521225706 0.6780401210966207 0.21718921755916654 0.6324113263345686
2 0.15515456921855275 0.7833162617734735 0.111926809108013 0.7677566584779092 0.1513671875 0.6582031249999923 0.194593940265122 0.6737625284606564
2 0.11907141620986295 0.830518611434732 0.13251236930682353 0.7691762076510421 0.24632134454191146 0.7941081804608516 0.23288141153534525 0.8554496926289578
2 0.3487123177715148 0.7069983187396247 0.40324367556797824 0.7525566646112211 0.2977045002680825 0.8788576880452609 0.2431739867156466 0.8333002538159546
2 0.5258641784059819 0.7512395383677163 0.5842671956145296 0.8258988730122813 0.37171539341989046 0.9921265574178093 0.31331524777567665 0.9174698829217397
2 0.2441406250001137 0.9658203124999779 0.2740708424781815 0.9376089287612965 0.3274064142217412 0.9941778613379992 0.2974765142965907 1.022388918774501
2 0.09963219683390889 1.0000225052536753 0.09851729099182194 0.855801448462752 0.22739811873134386 0.8548062690461943 0.22851563417430043 0.9990246213373153
2 0.8196729663663973 0.9555406259495319 0.7395977410296837 1.0341696869563748 0.4906211025005405 0.7806651451975235 0.5706925272392027 0.7020396834196877
2 0.9053613495796071 0.8892432038132512 0.942200787591787 0.8568775458308633 0.9898609079554035 0.9111125057275269 0.9530217726070305 0.9434778427669032
2 0.8615153547071941 1.0001582146390577 0.8610718118840168 0.9650815945017006 0.9507278766711806 0.9639479974629858 0.951171883941015 0.9990241438165448
2 0.5185447586540022 0.48623183456442065 0.5792973381894626 0.5093737089013636 0.5587993984389641 0.5631808303808461 0.498046875 0.5400390625000085
2 0.5990988542627065 0.5652333558509257 0.5682094114794154 0.576193143898476 0.554071695517905 0.5363503738802626 0.5849609375 0.5253906249999977
2 0.3676816707547914 0.5877009769697289 0.3857421875 0.5566406250000224 0.4456930095035432 0.591496317700997 0.4276327165787279 0.6225564755306396
2 0.0009765500909679758 0.4160156249298985 0.07640670629882607 0.4164417483243464 0.07539848688657003 0.5948987299632233 -0.000031669123814026534 0.5944726124228966
2 0.09683873244841834 0.1333780238080015 0.09378099794605532 0.1975926119608452 0.0003358033345648437 0.19314285306716467 0.003393679553369111 0.12892841647567163
2 0.12924844896315335 -0.00797555068311388 0.18501966961423477 0.04617900430887029 0.07331524336416351 0.16121782619417113 0.01754411658259869 0.10706336719467217
2 0.25306997164045697 0.03444406098382399 0.2003787531513126 0.031670839175824694 0.20219160299848227 -0.0027732215667256328 0.2548828125 -2.282917666870786e-15
5 -0.029720827618120893 0.2971102966948295 0.0702002305310998 0.10994403146893061 1.0998643425015189 0.6596006853970064 0.9999620470528043 0.8467507851925228
5 0.04055606531653666 -0.0155101103694661 0.05710018382626458 0.003791359994608166 0.0033777547288309506 0.04983915095082136 -0.013166360253535458 0.030537684214940332
5 0.9998024291530783 0.10673325583604512 1.0048027467933025 0.14887721428926262 0.8531698445843858 0.1668677795477449 0.8481696723374625 0.12472394614654772
5 0.16226142456832804 0.22661287414418704 0.10194463297386847 0.22067497205937867 0.12425413273615504 -0.005937866718428381 0.1845703125 -1.8139100917721617e-15
5 0.44335960201613034 0.475585273292056 0.42420192923680133 0.5316369214692974 0.33261991535141533 0.5003372792759218 0.35177778925151415 0.4442860322088961
5 0.2470703125 0.3769531249999967 0.2634039946565281 0.3758642729124398 0.27014484794892724 0.4769773572704607 0.253811166518517 0.4780662021894004
5 0.3261717589815589 0.4394529507151606 0.3261719245533641 0.48242186826359823 0.26171874358385594 0.4824218759936364 0.26171877257047527 0.4394531531617336
5 0.9199235564336732 0.8525319245083055 0.905131359846564 0.9153270248755548 0.6832800781468222 0.8630747683201646 0.6980735532246172 0.8002815280135271
5 0.7041323562691559 0.8079632693451496 0.6364012494351527 0.8191406196468886 0.5980717802661957 0.5869011209220194 0.6657994209570006 0.5757240700330217
5 0.2942386240044925 0.9581335960233096 0.24979451079946102 0.9109209455503947 0.5071060801864178 0.6687488917602393 0.5515483922583826 0.7159594483732886
5 0.5539295853296835 0.7159118677886065 0.536694744127999 0.6958071364409122 0.6059392339251417 0.636455402148693 0.6231739524500881 0.656559945798638
4 0.27539489771368153 0.5461582170959811 0.32295303019873245 0.5687652896340616 0.28186939653028276 0.6551827603849454 0.23431139092633657 0.632575886742882
4 0.2752674182698911 0.6562808296620011 0.2825283565659902 0.6322676812088572 0.34466321910963416 0.6510530812190681 0.3374024625667289 0.6750660747403859
4 0.30175806003910566 0.5507811822944281 0.2958982532842356 0.5683592402175407 0.25136682300819757 0.5535155348122477 0.2572266652592816 0.5359375457535756
4 0.36866028292911324 0.5751734293509017 0.3610777113792665 0.596836126508773 0.30505020938062444 0.577226694833592 0.3126328347075287 0.555564110728403
4 0.50117115728915 0.697386287337772 0.49480814865523826 0.6702018745095407 0.5500047377589681 0.6572838473349594 0.5563678554360649 0.6844681005234406
4 0.9218812246521111 0.7958988716213702 0.8212856748077684 0.8964794912323835 0.6005802517922803 0.6757746252725827 0.7011721301544185 0.57519764348016
4 0.8791494584136217 0.9452912348967801 0.8641760360731041 0.9326245584744873 0.9081824359350321 0.8806175240841273 0.9231556863884407 0.8932840809479862
4 0.8410452159918123 1.0002086781288515 0.8393915267251941 0.9555649727444868 0.8725491057650743 0.9543371622012758 0.8742030071055069 0.9989806460247572
4 0.9626611581597899 0.9029695574983135 0.9821665040127527 0.8844957062832066 1.0195050459468575 0.9239092553279074 0.9999998367641183 0.9423829671030525