2 0.0009803454761367902 -0.0006547808056033443 0.11720433610696546 0.000017031870018736836 0.11619253674086849 0.1750585987903142 -0.00003145364951251395 0.17438678776425964
2 0.21179017273198042 0.19672820424234264 0.24084092236932975 -0.021144092049989852 0.4079219570776331 0.0011344501232879141 0.37887190123194614 0.2190060083120315
2 0.37103736429287437 0.2671145984466959 0.34954958128810176 0.4277694407996968 0.19017844590075583 0.4064529852858743 0.21166735657004665 0.245799533424521
2 -0.000006774804319320538 0.35382146513728124 0.08319971420189631 0.35298105211275266 0.08515958954421876 0.5470111607449823 0.0019531004518285044 0.5478515627479418
2 0.6750570723708051 0.4361152038911053 0.4713740277487659 0.40795364722986255 0.5316762890031441 -0.02816091289506216 0.7353515625 1.2921003393445538e-15
2 0.7878188597696862 0.24563163657089943 0.702820836012279 0.2948405031639944 0.6208506297622307 0.153255334144168 0.7058480198974166 0.10404669647992522
2 0.8663699152634763 0.20695512803760546 0.7892224602222768 0.2439855957521536 0.7351395668281384 0.13131252551670644 0.8122865948765821 0.09428217891228131
2 0.8744763931779289 0.19626930018305383 0.8079827368389942 0.08038045424725858 0.9143807449075894 0.01933265915251766 0.980874404859037 0.13522126387142863
2 0.9401613186105351 0.03499612519990492 0.9813852535356773 0.01221453611106753 1.0363809556180286 0.11173073754038142 0.9951570440815658 0.13451229830868544
2 0.8964843750651426 0.0009765574887640514 0.8960071317201255 0.03772462681828513 0.8208118111953127 0.03674806090119788 0.8212890625 -4.778286447229955e-14
2 0.7585860148391248 0.05558671012348588 0.7385906524147003 0.03922687072423891 0.767916539443263 0.003384128898231309 0.7879118972430206 0.019743965276108704
2 0.9492187500079581 0.0009765622043434109 0.9488324023379846 0.01527144152422235 0.9126995892480636 0.014294878970982578 0.9130859375 -2.973383785708032e-14
2 0.4428666653664095 0.6415850218105744 0.5013824911982283 0.20989088521859206 1.012847369662154 0.27921762455201427 0.954350121986181 0.7108938453979229
2 0.41642716930823553 0.7448636208527167 0.5096928904414426 0.7572326632534114 0.4786859982355054 0.99098159291913 0.38542035206887704 0.9786129363373517
2 0.516711355971438 0.772991762641498 0.6328660278977623 0.786654162897097 0.6210673487702252 0.8869432056111873 0.5049127085121654 0.8732809801952223
2 0.7669052310438929 0.8083541305236238 0.7541364703554336 0.9123252761942346 0.624308587742803 0.8963827997943425 0.6370788592673762 0.7924134316177706
2 0.9213499741726991 0.9287008614395007 0.9288320020691572 0.8284834653246393 1.0074808780238982 0.8343542024912846 0.9999999842797251 0.9345705230919791
2 0.9288351588431851 0.8362919834090362 0.9162655967062392 0.9326495979134988 0.7804143546038631 0.9149300899274933 0.7929854068219129 0.8185742116119711
2 0.9116499188602347 0.9472925684556416 0.9068991228972436 1.0185944968174454 0.49064852988010443 0.9908494719919877 0.49540340678936445 0.9195517290903928
2 0.7588603336570259 0.8316485113216674 0.7948513851440566 0.8383571527205654 0.7833877132976568 0.8998444490698155 0.7473966769284743 0.8931358631190773
4 0.11823757322827078 0.001532751283752093 0.22456528215411709 0.015950016239559526 0.20058347295378098 0.19281606768700288 0.0942557682557208 0.1783988417470722
4 0.21582031247294253 -2.1909661631020743e-9 0.21616706714848988 0.028086961030250688 0.13706550006679663 0.029063520771724295 0.13671875 0.0009765625000103955
4 0.13422768274654118 0.5280358781707916 0.07054444816458272 0.5476292109526067 0.0526181774722545 0.4893681727009851 0.11630085304057047 0.46977493200551973
4 0.8438145144435794 0.034785329896424584 0.8038524927983417 0.0629067502855584 0.7690241554574868 0.0134138463849863 0.8089861633142164 -0.01470756683816239
4 0.7145070554803397 0.1534550114867224 0.6747630780628242 0.1588746214277462 0.6661879840448819 0.09599033876571662 0.7059318694873582 0.0905707350740095
4 0.705078125 0.099609375 0.73828125 0.099609375 0.73828125 0.142578125 0.705078125 0.142578125
4 0.7329176697338653 0.12994290037008802 0.7684945995330281 0.12549581857296668 0.7769681509512338 0.19328427346950394 0.7413912225108561 0.19773134778078488
4 0.6170536798184685 0.21183473932923577 0.5841578459666152 0.2094850633123572 0.5864679248647917 0.1771444783505172 0.6193636963057543 0.17949415214183992
4 0.9451805323215012 0.043760556761482244 0.9307960293996302 0.02362225369482354 0.96238914739547 0.0010557442031076272 0.9767736492868835 0.021194044385092765
4 0.10251987178321542 0.7680557938911787 0.13435988315836767 0.7101765425644134 0.25394414287143263 0.7759496248545427 0.22210521980412068 0.8338279383653814
4 0.013343574025157068 0.9107840831427345 -0.024003526878914272 0.8844272355595206 0.038759471802904955 0.7955141505133484 0.07610582911911479 0.8218706257264509
4 -0.0005752691992029213 0.9765227048940642 0.0003916478231076326 0.9388369612893466 0.04143028131215942 0.9398895836362982 0.040463595587766577 0.9775751020208522
4 0.0692441038220295 0.9702084007995245 0.09605563849709142 0.9465581326677215 0.12318563783560421 0.9773058257613199 0.09637423931542344 1.000955950049016
4 0.2784081370214153 0.9981211972095024 0.2347653932497451 1.0017570404098797 0.23070456290031416 0.95302344575514 0.2743466762802882 0.9493876289331945
4 0.2524667830131193 0.7876766249065263 0.30061079890822384 0.79195512110337 0.2876175385968054 0.9381307113563024 0.2394735341155183 0.9338522974658828
4 0.2491103580747449 0.7351562451198017 0.2640257569944424 0.683790609874017 0.32555967897678784 0.7016558857072462 0.31064470191938653 0.7530211599877078
4 0.7527330196545563 0.3583671761870958 0.7379053722776234 0.3314574997514494 0.9927890763168534 0.19101511769873455 1.0076167280002437 0.217924446497967
4 0.7168810828654841 0.3447215188720486 0.7333120154455628 0.37456297827292473 0.5426946706385252 0.4795115996670767 0.5262642069732237 0.44967054543719537
4 0.4691688508371499 0.5167091606146221 0.45402310318445416 0.49107954556840067 0.5047566575266274 0.46110085899857156 0.5199024026840107 0.48673036268886183
4 0.458169396402468 0.3370959090257697 0.4614023620911212 0.2821389722020118 0.4987271848992805 0.2843346447353547 0.49549432199262355 0.33929148378283897
4 0.4906613517248388 0.09414769722131737 0.5328680946772693 0.10231665874253017 0.4979175776363718 0.2828945405713604 0.45571084690141106 0.27472562194880557
4 0.5039063877804892 0.6904296875 0.4550780425050789 0.6904296875 0.4550782642094191 0.6484375000000001 0.5039061902953108 0.6484375000000001
4 0.4549780848468572 0.7088167567760728 0.4775583725654542 0.7340493496250418 0.4482710983340894 0.760253687544612 0.42569092640883355 0.735021205685347
4 0.4953134427960322 0.7689448401679342 0.48144438764109054 0.7412113372623231 0.5142565756447084 0.7248053468097484 0.528125650157449 0.7525387330232689
4 0.6833385964437184 0.7588791366168884 0.6790561122804775 0.7931339612572902 0.6434790279897697 0.7886868461335511 0.6477616354649172 0.7544321663414991
4 0.956881790184184 0.728741414995869 0.9269452173498394 0.7621947590621059 0.8929187453867371 0.7317500864149157 0.9228551912826788 0.6982969122100074
4 0.871415838296798 0.7915211034709233 0.8651647852959741 0.8196459721862228 0.8314559776359829 0.8121551718945886 0.8377071143555668 0.7840304215389146
4 1.000000086247951 0.755859375 0.9804686858668674 0.755859375 0.9804687665504161 0.7177734375 1 0.7177734375
5 0.3919581392982536 0.22303955258003455 0.386839197080576 0.26655646406233213 -0.0037797197601321386 0.22060491710554012 0.0013397313431369184 0.1770885337756301
5 0.42213168604644125 -0.01028390784813739 0.5199175722888185 0.0027944906820371053 0.3850556825600506 1.011077487727014 0.28726997518595 0.9980001085107177
5 0.29660300702084896 0.4345762490697786 0.3267389608412259 0.49062220766151565 0.05888126755394296 0.6346341820036262 0.028746940646783514 0.5785896209289664
5 0.19299089937078406 0.5865094462147612 0.20158426121349748 0.6024660195886271 0.04819244111104126 0.6850635212120403 0.03959939267804202 0.669107217247139
5 0.24870455057180152 0.5701172210964754 0.24152618074595011 0.5402717521285108 0.32846735584962516 0.5193625033587477 0.33564587576483973 0.5492077520493189
5 0.212890625 0.590820312500043 0.2050591054422739 0.5767249091903796 0.236733245808864 0.5591282678916638 0.2445647676780709 0.5732236265571891
5 0.33188103998975294 0.5295221410250686 0.31553483641027924 0.5274790326328292 0.31789363481289 0.5086088674679073 0.33423978983023517 0.5106519727903279
5 1.0129592321636665 0.7703642969034824 0.9977829180244271 0.847270483802366 0.4621269152178229 0.7415600116971409 0.47730698178816056 0.6646580840672582
5 0.9889038331833717 0.6151818868190064 0.9927188417054822 0.6367973203756745 0.964752442240524 0.6417325626472978 0.9609375 0.6201171875000114
5 1.0001425541925073 0.6132167427631996 0.9630824894210264 0.6134029608012267 0.9619647340252868 0.3908112144507326 0.9990234375 0.3906250000000004
5 0.9557840857091833 0.6066560029341166 0.9903995831521115 0.6109823427125227 0.9760968258004823 0.725405246370735 0.9414813379819407 0.7210789573327232
5 0.5792219292890195 0.37459112839228403 0.5810665556764434 0.4280705640643572 0.48157532554330373 0.43150160138677846 0.4797310367234786 0.37802249278166705
5 0.9867661883750998 0.1385097043056772 1.0251493977114023 0.20979017939544717 0.5983996075160576 0.43957763081794937 0.5600181076965782 0.368298615584272
5 0.4615191817923687 0.47875701499773354 0.44505946501692506 0.4074351147267724 0.5226579142469063 0.38952798280546247 0.5391178906818368 0.4608494959045171
5 0.5186387336080998 0.5016786815010719 0.5302792018400169 0.5236641947368288 0.45032238365388366 0.565994274428305 0.4386821045158058 0.5440089232581147
5 0.4654855816881991 0.5757980956204289 0.43195446389552217 0.5158811325737077 0.9840799277880024 0.20690498230488524 1.0176111369240743 0.2668196706936733
4 0.7116327768784458 0.05174394452603329 0.7173871854847675 0.016066718918996813 0.762152560211689 0.023286960657719794 0.7563981624252847 0.05896417611216392
4 0.7876009518237197 0.12290268464498999 0.7631999703124848 0.12720872709350523 0.7561805289293488 0.08743183311198043 0.7805814803571138 0.08312579333768143
4 0.9066790397997693 0.08481981448233601 0.8588330826761421 0.0921807259297154 0.8470240403152047 0.015421781665202387 0.8948699382568748 0.008060875014349567
4 0.6497659315390365 0.9057811503063435 0.6445460509804661 0.9344841781010397 0.6075928483309099 0.9277654777622724 0.6128128447552399 0.8990625999264663
4 0.7469785503348021 0.9113508281843474 0.7166588485268903 0.9090191018312962 0.7198185175435583 0.8679460546652725 0.7501378814172313 0.8702777679418551
4 0.7293316746752225 0.9365482783532079 0.7474145838439199 0.9112391226199017 0.7777146417530503 0.9328822629036083 0.7596318819631733 0.9581912844093896
4 0.8662130850016183 0.9355447876383847 0.8457025939725327 0.9150395167536262 0.8701162024385667 0.8906259898237222 0.8906265949476619 0.9111311622499727
4 0.9518006670513159 0.9827964307968496 0.950591241784764 0.9501443297690286 0.9993523605379551 0.9483386551576864 1.0005620109686788 0.9809905225506925
4 0.5578745472172386 0.9269469959760128 0.5593492311543287 0.8945208223397554 0.6490074499002958 0.8985969841366617 0.6475331879549913 0.9310227519848008
3 -0.013621105460970284 0.32216000811368095 0.0013003537150098055 0.2163663041794683 0.21202850717702404 0.24608667457610905 0.19710811492097946 0.3518794605032522
5 -0.008849861216617683 0.33452666958945415 0.06763358660180074 0.28469949456259136 0.16931314816849863 0.4407686752158108 0.09283014481763985 0.4905952886942295