5 0.23893793209117575 0.15614211789118718 0.7605695798686156 -0.02276921168190993 1.0555619857258307 0.8372876358314413 0.533941064974897 1.0161863156312474
5 0 0 0.2421875 0 0.2421875 1 0 1
2 0.08974261030323305 -0.000010063346045799234 0.08991031659991222 0.01458032306457879 0.004073954862747087 0.015566947371183111 0.003906249999886313 0.0009765624999956297
2 -0.006216766378656757 0.09403580486585061 0.0022389674444411867 0.017935385435350577 0.08498480296043454 0.02712949840021082 0.07652913423862628 0.10322985914853396
2 0.3033204399656597 0.1369140719497677 0.19875299689203985 0.12384315395731926 0.21574542297082644 -0.012094328249442352 0.3203125 0.0009765624999969823
2 0.3182239998025125 0.13905959046184452 0.3417043368984878 -0.029989238996402864 0.6376974224596097 0.011122871061783368 0.614217725658591 0.18017122428484492
2 0.7596090858507978 -0.012867183183958191 0.8651576976344586 0.0017471894759734758 0.8356880396281667 0.21458377054688874 0.7301394371345395 0.19996944720072635
2 0.9057918900127788 0.1688483037086577 0.8981298493246186 0.22439856180759124 0.8246357632980335 0.21426151215381564 0.8322979039677421 0.15871137388427928
2 0.9839098119880418 0.1634599647467869 0.9297348876809792 0.1575714046662696 0.9404106018952234 0.05935594944807311 0.9945853432809599 0.0652444993812847
2 1.0019602277334343 0.1746170012910877 0.999884608931211 0.2285862870157039 0.9217249793067595 0.22558019965722717 0.9238007219624933 0.17161104142099717
2 0 0.27734375 0.046875 0.27734375 0.046875 0.5693359375 0 0.5693359375
2 0.1451169804803385 0.4949223615492063 0.3408987465372775 0.5228882892548932 0.3080467664880189 0.7528501936802547 0.11226511722895793 0.7248848841823993
2 0.5886231277514753 0.314168340018434 0.5736942037841573 0.4166880899081975 0.323445134926601 0.38024603553177505 0.3383751844296512 0.27772769699227023
2 0.31494080515744827 0.32165942376549456 0.3849320332114985 0.331313000936361 0.37620793710721045 0.39456282331174203 0.3062167157190743 0.3849092796934608
2 0.33554731344713673 0.370502992783834 0.38951690807027717 0.3760380229825957 0.3798186854659207 0.47059614959613766 0.3258490963830809 0.4650611532183352
2 0.5652471651352471 0.48171950745971825 0.5494927649097008 0.6182759632500255 0.2712684832447394 0.5861761491361323 0.2870255575336387 0.4496229016437766
2 0.5289835625829937 0.780843567449489 0.37633684406671364 0.7617654267222063 0.3949391531746187 0.612967534845585 0.5475811478811465 0.6320453801829605
2 0.718367432830405 0.3181934036291675 0.8918681609042096 0.3435135871892578 0.8614217581290404 0.552129150988055 0.6879211066983544 0.5268093267595398
2 0.6715094947163607 0.652120092948135 0.684620662663292 0.5381857742784737 0.8191088914512648 0.5536602268448034 0.8059992623855123 0.6675931657405012
2 0.863129669242312 0.7598282800385513 0.6899421479706689 0.7343634247920334 0.7013134137190491 0.6570487363710751 0.8744980679887249 0.6825133777739614
2 1.0000008207648534 0.5283203125 0.9335933319443939 0.5283203125 0.9335939235975275 0.36523437500000006 0.9999999421261236 0.36523437500000006
2 0.9254173699137027 0.5735953274466646 0.8652393225373771 0.5640943077536869 0.882263764537015 0.4562766311327033 0.942440808401102 0.4657775704948653
2 0.9103650147270628 0.5414400700008234 1.0041150871604714 0.5492518212269974 0.9996700287684916 0.6025924440783706 0.9059199605455888 0.594780729270702
2 0.8923673069016331 0.7043342091424944 0.8993514927442448 0.605189205950469 1.00698304115042 0.6127702578438611 0.999999990919946 0.7119141914167507
2 0.99999899036834 0.6953108674979808 1.0000000537004325 0.7539059772378548 0.8779297589064754 0.7539068814377864 0.877929483870048 0.6953125546027407
2 1.0041350258373996 0.7669327588253256 0.9971919707596726 0.8044205775359247 0.929419662320015 0.7918704773482081 0.9363629517858953 0.7543829640004668
2 0.8554686088623384 1.0000004547256507 0.8554716103160445 0.7578106901184606 0.9999999344971684 0.7578139020746678 1.0000016425103695 0.9999988794935969
2 0.7132831546334728 1.011520639557359 0.6242482497965511 0.9953365381423478 0.6690005459054191 0.7492144158734315 0.758029576137119 0.765397967572648
2 0.8320264418072156 1.0140500899849614 0.716795783550424 0.9990232951678756 0.7492232195113502 0.7504531151296736 0.86444652128705 0.7654794370018694
2 0.2626428493574622 0.9731414006580124 0.26155087482277395 1.003725255472666 0.08522681691283651 0.9974289901654051 0.08631957027546378 0.9668459474076665
2 0.2688216878498224 0.9723669197523422 0.17518859803124087 0.9587153708856277 0.20208724453016202 0.7742858375166992 0.29571578648449304 0.7879370504410914
2 0.10893309268271878 0.761588865817543 0.20526733342148873 0.7751857199493776 0.1776672167718516 0.9706905245287211 0.08133304858040447 0.9570940260388086
2 0.49688033358711436 1.007785304737599 0.40719476327922166 0.9958300848740864 0.43235777493157457 0.8071292648609458 0.5220387241897697 0.8190841742105315
2 0.4077239516800546 1.0106791589053268 0.29834630119376016 0.9970106213291153 0.3246860504751794 0.7863139514066141 0.43405745180007216 0.7999820954240393
2 0.1800899861113976 0.2440157139575405 0.2819851182716775 0.2568667424569211 0.2519678727876453 0.4948631557020655 0.15007277239703853 0.4820122998108832
5 0.11328121403050773 -0.014648416480963516 0.1955378395698517 0.0018028788780656982 0.17210036699566444 0.11899035816251174 0.08984374652027327 0.10253907989874081
5 0.13978449622732114 0.7673682217245303 0.14369478559876825 0.7334892038779518 0.2866233745318141 0.7499822258009231 0.2827137026325772 0.7838606790301692
5 0.29880343939589693 0.9622826359614194 0.2638283437726159 0.9553754922055928 0.29931598945643145 0.7757288202324839 0.33428942055763855 0.7826357936200393
5 0.2954437581744287 1.0035560483698784 0.265904729977251 0.9942306182098559 0.2813430545365918 0.9453435221194512 0.3108816662746676 0.9546688816511684
5 0.3483035061060491 0.756504267657256 0.3056706796760409 0.7506020599969666 0.32680120257998624 0.5979992229057872 0.3694326930171883 0.6039013367529251
5 1.0228678708504049 0.27496581682561994 0.9885862084541941 0.34733778023936374 0.8597105469164035 0.2862919169650078 0.8939923215322096 0.2139203669357462
5 0.2606438051444684 0.5123724654486792 0.21566764743204203 0.4988804962281896 0.25144248732647156 0.37963259732979987 0.296417922935575 0.39312444972667954
5 0.24815189695527806 0.45103665196607856 0.25 0.4658203125000163 0.2278847031980149 0.4685847313995903 0.22603662555002302 0.45380109386585754
5 0.2817020149690279 0.26435134218600403 0.30508212528593504 0.26792314106618625 0.2753444365272344 0.46257151904760635 0.2519643347983447 0.4589997595203276
5 0.5380859951267212 0.814453125 0.5097656070404355 0.814453125 0.5097656716947085 0.796875 0.5380859375 0.796875
5 0.5159708024365273 0.7794606395777292 0.5115534654536305 0.8147983259324665 0.3711681293540323 0.7972515597958368 0.37558597790734893 0.761914474594547
5 0.2944494764138881 0.7979033631298686 0.29237274191802953 0.7594807816946084 0.38479672054313596 0.7544859041513546 0.38687385128196183 0.7929080644644486
5 0.7123126646714582 0.0009959279014537825 0.711865641648501 0.032734793371193574 0.6344162137095282 0.03164395381041556 0.634863242781762 -0.00009490518707180813
5 0.9786655402740507 -0.0076320755467780485 1.0182993006023935 0.008360487444527241 0.9927111948323954 0.07177449353184714 0.9530774369458186 0.05578193615074779
5 0.9121269223734316 0.10137817329200363 0.93535375019394 0.10359023762133186 0.9244206382090852 0.21838789729575578 0.9011938112574853 0.21617583912524527
5 1.0007680987647518 0.0994417063215957 0.9247223346084184 0.10077584157851821 0.9229729776227487 0.001060095790105541 0.9990186296166712 -0.0002740385041227902
5 0.8666435840762006 0.7416851072505227 0.9418893398033106 0.7504619235215245 0.9240813939052259 0.9031037469922497 0.848835665836873 0.8943270983874981
5 0.8412013729146111 0.8935621940033308 0.867586842621904 0.897002844844524 0.8557156636780974 0.9880157621020976 0.8293302026766014 0.9845751566067491
5 0.7554379625094043 0.9529873119164575 0.6425918201090326 0.9298440396498023 0.684532637232337 0.7254055294441435 0.797373098165508 0.7485482094964365
4 0.1821631150387475 0.17540115475535867 0.19099985818161258 0.11943619967398934 0.25980259729169575 0.13029992617318176 0.250965955294987 0.1862647910484572
4 0.29023242360938184 0.2138864181093056 0.285649380193604 0.25971725438009213 0.22531518847256393 0.25368387597006264 0.2298983195044002 0.20785313812135212
4 0.14377672097396044 0.25225428288073815 0.1815619923813756 0.27884323559620333 0.143363065485687 0.3331258502535308 0.10557786028653027 0.30653697636489285
4 0.12242599231933582 0.29798133811063476 0.09820938847576599 0.29425578525007756 0.10690255354609235 0.2377506431581369 0.13111904615766434 0.24147618730151008
4 0.5959808453043252 0.25684526942651703 0.5894251814188465 0.31191530593743544 0.35341886644505394 0.2838199020700691 0.3599749928462188 0.22875042555886357
4 0.6315775228576967 0.025159254976121277 0.68544771557481 0.028152040387920633 0.6824489184692766 0.08213040562145088 0.6285787258717619 0.07913762155112025
4 0.6732169293411516 0.17234502110838834 0.6207113652499174 0.1749702847220289 0.6172630443766138 0.10600207202258018 0.6697684470002514 0.10337681258415525
4 0.7143938205565519 -0.004318397014497651 0.7578125 0.0009765625000027285 0.7485105412445137 0.0772526171267183 0.7050918620429911 0.07195766002723811
4 0.7460937875143827 0.13671875 0.7011718534823785 0.13671875 0.701171893742071 0.08007812499999997 0.7460937448510094 0.080078125
4 0.6754056418586742 0.05558894057942113 0.6817908692570427 0.02366285656628615 0.708458534259421 0.0289963966491323 0.7020733132338819 0.060922475093678624
4 0.9214610570401192 0.05487026985415471 0.9452587753520447 0.08868799132494196 0.8977978114361349 0.12208642365782875 0.8740001224493881 0.08826872852258537
4 0.9569441241886807 0.04656642094657312 0.9359026457879054 0.04382188050721835 0.9418491536238207 -0.0017679774541080892 0.962890625 0.0009765624999961499
4 0.775257865322601 0.24588930029150916 0.7862826576691759 0.1941595078203909 0.8870160360635282 0.2156276839047679 0.8759914588725906 0.26735728823071314
4 1.0008139321909084 0.22671620905789494 0.9997134908608132 0.26743828936679087 0.9078253335701447 0.2649549934979671 0.9089259113281969 0.22423305331806623
4 0.7835017054594573 0.3223044115593132 0.7967976183058454 0.2681751306331949 0.981255869978213 0.3134823084155626 0.9679605391156656 0.3676110823191037
4 0.58203125 0.35546875 0.619140625 0.35546875 0.619140625 0.392578125 0.58203125 0.392578125
4 0.6849429350066885 0.5199776310497666 0.6451159493291243 0.5140039234774298 0.668138649312823 0.36052366048512735 0.7079648106009699 0.36649730470785313
4 0.6214536991781188 0.40735637224418103 0.656583314373961 0.40322371629590054 0.6629492930425158 0.45733471151969174 0.6278196805390053 0.4614673526443937
4 0.6791670468398934 0.5952432027899012 0.6437826342632889 0.5930318957320023 0.6464274597195754 0.5507168497398737 0.681811610828504 0.5529281485961208
4 0.6733739753860846 0.7100560039305968 0.6315934364905615 0.7084492797846943 0.6349202248798065 0.6219637168522134 0.6767000208120635 0.6235704265661186
4 0.06347671888534023 0.5634764167733742 0.05941535101874251 0.6122103820187742 0.008822634879834368 0.607994346530438 0.012884202879263285 0.559260602799158
4 0.07890602448844675 0.5814458644468591 0.13304681691965925 0.5891792552581443 0.11421881198373285 0.7209759711547007 0.06007804083321844 0.7132426830038626
4 0.3925780475457259 0.6328124133368291 0.3925782182768671 0.6777343800951696 0.3535156224338607 0.6777343705337981 0.35351562694893346 0.6328125792805446
4 0.37665366578505655 0.7552706512800655 0.34559996219536515 0.7531044614637947 0.34882942876481593 0.7068181963845155 0.3798828125 0.7089843749999976
4 0.07425812186841085 0.965905117505329 0.02884017822475471 0.9585418982238009 0.044204587429135245 0.8637996528259035 0.08962134283308387 0.8711627740252749
4 0.523988579226284 0.8160535747200756 0.5554045426894163 0.8193598000421137 0.5504709603756055 0.8662290154706196 0.519055000021126 0.8629228101204117
4 0.5159280553399412 0.8727775435909824 0.5484442487994556 0.8746897913291202 0.5458243721789131 0.9192278630850922 0.5133081797355317 0.9173156269846161
4 0.6648149116746254 0.8646983228870009 0.6169794382576583 0.8615099102289835 0.6246198730696051 0.7469149659407517 0.672453997220714 0.7501033333676345
4 0.639392441783798 0.9129737057591949 0.6359177583567543 0.9511878259798994 0.5987601837421153 0.9478098965419635 0.6022350483561922 0.9095959778381238
4 0.6386717818190846 0.9824217478533862 0.638671875 0.9990234374999823 0.5878906249998863 0.9990234799155847 0.587890659057166 0.9824219176634114
4 0.9225621251150642 0.4177776030888384 0.8826676532189595 0.41299047801428623 0.8904864808432649 0.34783501162003655 0.9303806436269042 0.3526221176713899
4 0.3974609616851694 0.19531248767976575 0.3701170748105369 0.167968839113262 0.39550772795325884 0.14257821568767592 0.4228515894025122 0.16992183873481723