2 0.09749273227930644 0.09684548776039348 0.08458136094498059 0.15017535085212935 -0.012911431144630114 0.12657195012802863 0 0.07324218749997768
2 -0.007931554355195658 0.16394111627162863 0.0005673872598208618 0.12744643375689607 0.08330229525631694 0.14671368794899137 0.07480343692725455 0.18320829984766304
2 0.16992189343181963 0.14746080438031617 0.16357405855660545 0.1933067356827305 0.0956455031545147 0.18390131947874294 0.1019934046302069 0.1380554667660953
2 0.1041401041569543 0.1416306078983651 0.11078754386062428 0.0980537504262385 0.1791775993178817 0.10848626290433475 0.17253022360955583 0.15206306348759283
2 0.17838093805653443 0.10680853744332218 0.1683154308623216 0.19236615341854074 0.07550525385317997 0.18144730112109753 0.08557091330169442 0.09588985650758099
2 0.1455863786906093 0.21126674786393623 0.14112409010226656 0.2387844474629446 0.05872576244769334 0.22542272896031346 0.06318811211656339 0.19790510582705667
2 0 0.232421875 0.03125 0.232421875 0.03125 0.2939453125 0 0.2939453125
2 0.04861392564612288 0.23438955802596734 0.08151211399876956 0.23868054195765484 0.07755866732327377 0.26899031978568766 0.04466047999062539 0.26469934088890995
2 0.000980034962026366 0.3298939408556771 0.021756838283749858 0.3302859402313762 0.020776803289663803 0.3822279357664003 0 0.38183593750000017
2 -0.00003976967104790674 0.3966257700743779 0.005713554532349008 0.39635181707105327 0.007706444140467283 0.4382026104616797 0.0019531199899347484 0.43847656273855834
2 0.17594803110932844 0.25345351252816234 0.1653725041311418 0.30280578272694 0.09067723639657288 0.286799759937846 0.10125287408754957 0.23744764293424747
2 0.09320830692718118 0.27925630404765883 0.07551959587499368 0.27593973756818707 0.08192071185794703 0.2418006256556085 0.099609375 0.245117187500008
2 0.056988230816955365 0.35267452636320046 0.028287541074405453 0.3480204897321177 0.04175801694850634 0.2649535964031369 0.0704584769490566 0.2696076136738421
2 0.061875699993379385 0.3847975676413304 0.024542108521018235 0.3814037433676826 0.027487876024224533 0.3490011283733219 0.0648213319008164 0.3523949464246671
2 0.05518691133465836 0.4053216736633823 0.052323606678896795 0.43490858015965367 0.01711901582586961 0.4315017307864265 0.01998237988254914 0.40191489106390943
2 0.16505003296515497 0.30701354497933353 0.160406486364991 0.3557715467269838 0.05957239115321045 0.3461684115209322 0.06421615696172012 0.29741065748869866
2 0.15828129033138794 0.35785139676655037 0.15144527208951786 0.40570306165349956 0.0759764674392045 0.39492191364417334 0.08281265875370991 0.3470704581279426
2 0.07141346190985587 0.4476113844882049 0.07699905737854351 0.40053802192159604 0.15083992291329196 0.4092992589764057 0.1452545784816266 0.45637239189618406
2 0.14506449684688505 0.4617924514661906 0.13709867473471604 0.5122412413430315 0.0362010662549892 0.4963102185232865 0.04416719127095803 0.44586180849756335
2 0.13518191229388776 0.5120226893149727 0.13055517181351206 0.5629161974080511 0.05236596246720637 0.5558081977242607 0.05699299356399479 0.5049150123803947
2 0.03662399792369797 0.5392881277681776 0.0036013842283182385 0.534208143234967 0.008614117543856992 0.5016260666457593 0.04163656156924844 0.5067060378868532
2 0.12072295121470233 0.564559445702068 0.11863969981425271 0.6145624470653203 0.03431331600734211 0.6110490034834837 0.03639692820536311 0.5610463754981616
2 0.021829988526633315 0.6496624030784215 0.029746928582085275 0.6003437454616208 0.11801528028058783 0.6145113198384282 0.11009881743643746 0.6638295513479627
2 0.11102962127233695 0.6653884596310056 0.10319978621714654 0.7154960848633632 -0.005237329982037409 0.6985533289230629 0.002592965323287899 0.648446282043884
2 0.10137672709913659 0.899000071885847 -0.0014172191073384965 0.8969446269919295 0.0009765625 0.7773437500000007 0.10376733345890443 0.7793991628943049
2 0.7486163909600236 0.1980984205054365 0.8269507877860178 0.14137455857830908 0.8837068929100269 0.2197526204123079 0.8053726365635612 0.27647630794629535
2 0.4723683141764923 0.2986345941948624 0.4731046862909807 0.25667224711653364 0.5493215508594176 0.2580096569413165 0.5485853170088149 0.2999718670274738
2 0.6877319104407889 0.2592386095112949 0.8072812000048089 0.26133585052052505 0.8026009712507403 0.5281122556856965 0.6830516807481217 0.5260150490300458
2 0.7860549917035087 0.32593134826047976 0.891451975319228 0.28181381268679345 0.9461675971621162 0.4125250287326702 0.8407708278227801 0.45664220678020656
2 0.8777349882119552 0.4307044504527799 0.9437973263891308 0.4019836530485134 1.0011489238808053 0.5338928349977998 0.9350867657635717 0.5626133288784531
2 0.9336878379990594 0.5461140228852226 0.8749098179023349 0.5716675867594974 0.8508917094442268 0.5164256265932187 0.9096692322734725 0.4908721864789584
2 1.0000001396663265 0.3232421875 0.9374999072271066 0.32324218750000006 0.937500057300781 0.26953124999999994 0.9999999860333446 0.26953125000000006
2 0.9990233111628868 0.3203123138273521 1.0283715845068855 0.3635603558788776 0.9589490255898454 0.41066849004705536 0.9296009760633979 0.36742064873116115
2 0.451171875 0.673828125 0.677734375 0.673828125 0.677734375 0.955078125 0.451171875 0.955078125
2 0.9435096684889004 0.7497259789324588 0.9161129680439899 0.7999461320871107 0.7903551248620033 0.7313515944356582 0.8177518857223731 0.6811322491849074
2 0.970703125 0.662109375 1 0.662109375 1 0.7080078125 0.970703125 0.7080078125
2 0.43752930006417046 0.9862591833928438 0.4164079074714664 0.9949537765010412 0.3987315730183809 0.9520254897116158 0.4198527095799136 0.9433309562285136
2 0.39841484702878915 0.951224940195174 0.42625082364679656 0.9398408340459067 0.45028350089501146 0.9985879877384886 0.422447584594579 1.0099719867360668
4 0.2322507793458044 -0.00006506404360911052 0.232714760285603 0.10338731621103932 0.00015731249948203185 0.10443004017439772 -0.00030647461471744464 0.0009779372052991736
4 -0.0063852864331011006 0.5530342046724456 0.026292146583500653 0.5464994235291645 0.04011427052626004 0.6156104709219712 0.007436849239297771 0.6221452107786611
4 0.17325577021392746 0.09707780852869023 0.2224521573060656 0.10590782991708486 0.19622314212733727 0.25204136343982847 0.1470267635510254 0.2432113768953754
4 0.20595949212258802 0.3018769612064138 0.17123188233836117 0.3057354957860573 0.16472947772456337 0.24721315446059805 0.19945691600946702 0.2433546295717735
4 0.1641455017154385 0.2971585778474485 0.1951059596686946 0.300873648047913 0.17241720089532464 0.48994771485980537 0.14145675032796134 0.4862326878622803
4 0.12423368189934081 0.54030976245912 0.16389721693929005 0.545267183609879 0.15434200842582868 0.6217092380098739 0.11467847942833487 0.6167518505937786
4 0.30577615297738703 0.07309115923431915 0.27172970812512176 0.06859446049750736 0.28138327324461443 -0.00449669649600793 0.3154296875 -1.832546154358862e-15
4 0.2974626950168613 0.09996282412413988 0.2947407513423741 0.15712492441064543 0.2333100562003665 0.1541996625268411 0.23603206455914005 0.09703762967885549
4 0.2764306901152622 0.25971575033518435 0.24685692668811043 0.28306303881807365 0.2189098234175617 0.2476633715178832 0.24848351934849688 0.22431612406247145
4 0.23632815430744358 0.6923828170082111 0.22091755634426136 0.6900122837301271 0.22548996909495145 0.6602919719181587 0.24090047393656278 0.6626624979402247
4 0.217773517268256 0.615234187172576 0.20078111085717865 0.6095706715650899 0.21191397931727352 0.5761722636037553 0.22890628499658305 0.5818357609267606
4 0.25234394446397346 0.4240236477215405 0.21718739355196703 0.4357419244353941 0.19980464100888184 0.3835934573879837 0.23496097316512987 0.3718752202181208
4 0.171875 0.615234375 0.212890625 0.615234375 0.212890625 0.669921875 0.171875 0.669921875
4 0.19525532142893098 0.7297212855399609 0.15481344967906807 0.7196122911929704 0.16906000906897134 0.6626276252687687 0.20950140094396374 0.6727365568201535
4 0.19832671348206077 0.45794594241316156 0.24485185187916159 0.46510306504390275 0.22628032027046174 0.5858185289508417 0.1797551977584817 0.5786614752673956
4 0.19436529596873697 0.7780305308870206 0.16713553508691348 0.8003054030656981 0.14625083982366505 0.7747796355410416 0.17348046685629015 0.7525048505429246
4 0.14453125 0.84375 0.181640625 0.84375 0.181640625 0.873046875 0.14453125 0.873046875
4 0.12812416714746178 0.9458983067757071 0.13320385384372457 0.9103514833149373 0.17175828309495955 0.9158595301267214 0.1666788150685079 0.9514061567622023
4 0.12126310216365255 1.000027832493606 0.12061352909358902 0.9811923570465433 0.1497409749512144 0.9801881265360946 0.1503906278167051 0.9990235191651834
4 0.3231461974086187 0.03404715092961476 0.40663392365149775 0.04740516138153303 0.3953478565373416 0.11794312303136187 0.31186013027661375 0.10458512308170954
4 0.3099759462241991 0.1048076952525641 0.3302743104006822 0.10726808508087686 0.3203619933790378 0.18904481084611102 0.3000636299977941 0.18658442557458765
4 0.32999894325473633 -0.01026710294284991 0.4151974235758189 0.003932643383485711 0.4094436233452825 0.03845544718312038 0.32424514385945713 0.02425570195533236
4 0.5150707479220955 0.055083401429073954 0.4232210715332485 0.0397751267886841 0.4288693070782301 0.005885770173376621 0.5207189579782607 0.021194042873340643
4 0.2906640998843386 0.37648436509843036 0.2696093060582143 0.3734766272797248 0.2853126105346746 0.26355475416782514 0.30636717804190994 0.26656247548766293
4 0.27343750872421424 0.40527343712070607 0.26767393761736 0.4055240154658893 0.2666973819732448 0.38306307800539635 0.2724609375 0.3828125000000001
4 0.27148441074871243 0.4951171936279817 0.25061316697508573 0.4915394844563532 0.2636471046495217 0.4155091747395422 0.284518133577194 0.4190868652865071
4 0.2685847243021726 0.37573623338300544 0.2911808956794175 0.378560622458754 0.28769532503554274 0.4064452097941406 0.26509915452538735 0.4036208254498215
4 0.25593844577497293 0.4790172102718563 0.27905928699078686 0.4828703498085316 0.26219387298283436 0.5840632772697485 0.23907303960038462 0.5802101696249039
4 0.23637757265294113 0.5800407114095413 0.26644706686442987 0.5841406168004926 0.2558039340643745 0.6621904614265917 0.22573444596423542 0.6580905865789906
4 0.23955843005694533 0.7710335751710717 0.21004922902739054 0.7696286026268429 0.21521967009289256 0.6610578653202991 0.24472817423634297 0.6624628212700017
4 0.33368110978778986 0.9267251000703106 0.2267198156548602 0.9154683003767962 0.24867860254198604 0.7068925239548409 0.35563432020319397 0.7181490262540166
4 0.2678186606408417 0.9072561534317175 0.24089528533409066 0.9038915386797396 0.24514722890467056 0.8698770880604115 0.2720703573368155 0.873241687207194
4 0.21503362819635186 0.8980571165779943 0.27656586882574175 0.8996759390151923 0.27388828660866693 1.0014248940185932 0.2123560467639436 0.9998060954205855
4 0.5435473921717175 0.0590331281441629 0.5486517661677226 0.0247617178276559 0.7900554199958378 0.06071613223341604 0.7849511324263858 0.09498745950550576
4 0.8028019901603329 0.09875386679985612 0.8083857797370229 0.06732597245348078 1.005583572354908 0.10236186222018673 0.9999998963990038 0.13378964562010304
4 0.7380219738071219 0.22950949062491835 0.7331737463040326 0.15678580236545822 0.7806190877576 0.1536228441417991 0.7854674086848945 0.2263464309556542
4 1.0043233496177209 0.16283650150005566 0.9996285636204902 0.1970421808511086 0.8826532895866421 0.1809870125978728 0.8873481654792386 0.14678143319751696
4 0.8357791551302398 0.1933857615771958 0.8058487216151207 0.17200707309042595 0.8285472602299251 0.14022915458679341 0.8584776519312527 0.1616078216284049
4 0.8132762138817498 0.31949946891247116 0.7927521673233286 0.2807327318280721 0.8378904582834821 0.2568360392126941 0.8584145146091942 0.2956026900840697
2 0.5806267581482416 0.2510641156383674 0.5843438555601779 0.3309698066218946 0.4731201316884608 0.3361431186841644 0.46940344641302545 0.25623781537188806
4 0.375 0.37890625 0.623046875 0.37890625 0.623046875 0.5595703125 0.375 0.5595703125
4 0.5751953524596729 0.2011716752006511 0.5643029473425258 0.2556339948606142 0.4767877734476542 0.23813109356260714 0.4876802994351692 0.18366893070483462
4 0.6516839491431483 0.2139197366413038 0.6372730097679096 0.30038532631585474 0.5574586450287597 0.28708298904448143 0.5718697943850657 0.2006176806935566
4 0.43531966630257557 0.6766072394746179 0.4436455276340894 0.6100208384703185 0.8032598947461338 0.6549765442410843 0.7949367395071931 0.7215604434309941
4 0.400502313928655 0.6462289335356795 0.45298071049319333 0.6509988481495109 0.4338019843891061 0.8619677824850526 0.3813236033033718 0.8571979843750154
4 0.6900628538918454 0.7536531019711022 0.7920815369036518 0.7463674737510375 0.797975563910768 0.8288846859054111 0.6959568894882295 0.8361702413442459
4 0.9258072433706275 0.20101349960653037 0.9652664024977184 0.25625502801445604 0.8813875051904461 0.3161684445093273 0.8419285912923442 0.2609271361473543
4 0.9458984041583562 0.39863270744133605 0.9810551313846645 0.38105532316675006 1.0058596743106136 0.43066470314581745 0.9707029881589051 0.44824202561058335
4 0.8862679734460244 0.21709738185122984 0.895432756572518 0.23084432336781183 0.8643330095367219 0.25157747187335655 0.855168247117831 0.23783054864677922
4 0.9833984374384954 -8.554712572369271e-9 0.9836352807499225 0.0329203946365172 0.8478087793507711 0.033897558332344584 0.8475719480856014 0.0009771690044696477
4 0.8397123814858105 -0.000012615789236082459 0.8398720247005258 0.010683463214815392 0.7735971425457819 0.011672640120459352 0.7734374999998863 0.0009765624999834339
5 0.4367997253418707 0.0042444375386645 0.45234924880651306 -0.06831871268906968 1.0149628988917812 0.05224381636803769 0.999413630360209 0.12480670057820237
5 0.5227182974622337 0.02144875000636505 0.5572050795427685 0.025911737587787493 0.5456966444784257 0.11484060420880227 0.5112098628624153 0.11037762074730866
5 0.31263393386041116 0.04690442719090709 0.31215099029236626 0.0010213518228661689 0.40772016567780156 0.000015437259409525932 0.4082031255373977 0.04589848855220358
5 0.42262325888987107 0.04978743695465731 0.423916294967853 0.039325693553323195 0.518871145075309 0.051061762059701525 0.5175781176492364 0.06152349697383151
5 0.541015625 0.06738281249996286 0.5439534431951643 0.0500824430991558 0.6135846938046825 0.06190666620869018 0.6106468891390477 0.07920702368230678
5 0.7583506303877812 0.08357545526034753 0.7568512368940219 0.09831982042384586 0.6027575762623201 0.08264948086943029 0.6042569953951897 0.06790514315171842
5 0.7455017659691521 0.09889054083517325 0.7466796941804432 0.08671874352094915 0.7843810448479189 0.09036728372631603 0.7832031238544914 0.10253907433713962
5 0.8021786348439264 0.11114467848535241 0.8031498321926165 0.09269248527561189 0.8659897332536275 0.09599991954518608 0.8650185551514369 0.11445209408361483
5 0.8582210626341293 0.11640966367816881 0.8603750866144537 0.10510116686786478 0.9228408800802299 0.11699947118577639 0.9206868705750821 0.12830795539925025
5 0.9170266460404264 0.128262857365776 0.919462338856647 0.11730236175672765 0.9781939387030434 0.13035388341531673 0.9757582608137909 0.14131436606493947
5 0.9992826929300236 0.13279521037107186 1 0.1435546874999955 0.9850923034724701 0.14454853622118133 0.984375 0.13378906249995165
5 0.4307618854742259 0.14699991061948514 0.36208751984008813 0.13582040667232215 0.3701336684302987 0.08639441418970674 0.4388079146228847 0.09757390827174006
5 0.7898211095211991 0.06109467625969044 0.8111408535337432 0.06482561667616529 0.7959683214372717 0.15152588511132536 0.7746485788183008 0.14779494997995057
5 0.43747349586988094 0.14371300333056286 0.44745099438739544 0.0838513958470528 0.7133393018217475 0.12816781986760514 0.7033621755753074 0.1880291118287682
5 0.7925651071731181 0.13762291101859397 0.7941625840755933 0.15336901219272567 0.7156566888800171 0.16133347421361705 0.7140592427107322 0.1455874014791514
5 0.5810170470194862 0.32379441622337574 0.5971492456367287 0.31961217062614045 0.6175515235480589 0.39830700549832315 0.6014193319422247 0.402489232285513
5 0.606478928574461 0.4154429915390393 0.619915212126557 0.40968491307308036 0.6356749151784697 0.4464576227011083 0.6222386404157305 0.4522156860396135
5 0.7027703879821274 0.5962052971622355 0.6809048981310752 0.6063832449060265 0.6195056375530612 0.47448955406925064 0.6413706860495267 0.4643117262299007
5 0.9990225430537976 0.5917947774651384 1.0504698210565948 0.7124404459889057 0.9230826722933898 0.7667526912896214 0.8716374376567728 0.6461087607611575
5 0.8339741681065789 0.6250653621267599 0.8286263477207285 0.6611679882390048 0.49409790508013884 0.6116144775412026 0.4994466699529312 0.5755129834132808
5 0.8203128939790076 0.7724600538314526 0.8132149034030363 0.7883803455151588 0.7226589474973935 0.7480130326325533 0.7297569903180374 0.732092923886354
5 0.6667668812257261 0.7654908919774213 0.6616972580751508 0.7456050052132733 0.7296257970392617 0.7282903361483312 0.7346955236470194 0.7481760647989028
5 0.6572267337255653 0.8261713650817072 0.6345850565893443 0.81999753292779 0.6517127713207174 0.7571969908263881 0.6743541112731464 0.7633707743354662
5 0.6800145687942631 0.8689628907609783 0.658187073323802 0.8778904029710476 0.635631414304271 0.8227543212650525 0.6574586127253497 0.8138268777213019
5 0.732411771816146 0.9186507996646813 0.7198037684481733 0.9322445283998231 0.6621968077464544 0.8788279549000703 0.6748046875 0.8652343749999774
5 0.9762586115671184 0.9157378976374623 0.9791851613847484 0.9654351412228432 0.7348547032449915 0.9798142914765987 0.7319300010118468 0.9301188076988182
5 0.8657000453098362 0.8084028663198807 0.8891648715790552 0.782537056009491 0.9405017848798707 0.8290992980024569 0.9170371909897312 0.8549648843884599
5 0.8787428955946552 0.7956919209751832 0.870907803686805 0.8124783002371 0.8444974984971623 0.8001535423234938 0.8523326047996989 0.7833672225026208
5 0.9205613355615014 0.864598917101015 0.9448570859258325 0.8416220863458735 0.9907384169241595 0.8901260022878423 0.9664428670404277 0.9131026281581818
5 0.7425786422188594 0.9275381662289571 0.7324818350265332 0.9217700281088869 0.7437195211513199 0.902104164322542 0.7538162778748756 0.9078722842534421
5 0.8511514750988454 0.7615231650917046 0.8639958901011369 0.7714754224286213 0.7588488228951746 0.9071499440893129 0.7460045991441575 0.8971979037561639
5 0.12897790786848873 0.744473406968098 0.12407091163379391 0.7886335028351826 -0.004550282682998841 0.7743428777580663 0.0003572884392042397 0.7301834565980115
5 -0.0016192227147939775 0.998808638322087 0.0004328067528831525 0.8901721542289913 0.10402177094317722 0.8921282787997826 0.10197138992873533 1.0007631504143448
4 0.8436367750933869 0.7917722385158231 0.983645248662242 0.8984189841050781 0.8833949156761491 1.0299949185621227 0.7433885467127084 0.9233505919946002
4 0.9102313661378503 1.0000098958965562 0.9098505965880577 0.9653078740857033 0.9996187802225904 0.9643228733181008 1.000000010873805 0.9990244272805788
4 0.3534079252558513 0.16538406558702634 0.48862452131595546 0.18507503448628224 0.4381734527167964 0.5315083485978624 0.30295693431912696 0.5118177421234389
5 0.130355876986755 1.0054506633903089 0.08367428865551574 0.9983091934191851 0.23751517769278507 -0.007139400549952453 0.284189281603517 0.0000014678421474840269
5 0.20789348975893063 0.7178837962131924 0.22115300719713105 0.7198064651022705 0.18027731260519886 1.001643113805273 0.16701781051631315 0.9997205165925844
5 0.22949206285341006 0.5820312298982454 0.24097513545495985 0.5838831051554764 0.22519771175552705 0.6817038753856783 0.2137146433091175 0.6798520178623557
5 0.21509932607852988 0.6714031676286374 0.22635278994368946 0.6733887796209095 0.2168952176239145 0.7269817544924554 0.20564175673007412 0.7249961540074282
5 0.24999132916809685 0.42096245402845434 0.26444791472931684 0.4228898540160216 0.2444818076263573 0.5726365207360443 0.23002522644969758 0.5707091425743979
5 0.2802205813566161 0.22590266644966092 0.29574004539665566 0.22848917510274436 0.2677364669604003 0.3965107309253322 0.2522170081031163 0.39392424294241835
5 0.29087670387298203 0.24567120038418214 0.2777191332008897 0.2437362846211085 0.2967667270148695 0.1142131751127537 0.3099242021837654 0.1161480836135802
6 0.5039063155935537 0.9990233981554394 0.4938526272546824 1.0050538333461434 0.47627487935449153 0.9757576029769836 0.48632848779209326 0.9697271987153318
6 0.4163426340959404 0.907326520189902 0.36395280853616896 0.9011397826005263 0.3954344152181193 0.6346193662984679 0.4478209431939604 0.6408059059519022
6 0.421875 0.9130859375000321 0.4377243042797545 0.8996788092229693 0.4954343293294414 0.9678828982819753 0.47958518427344643 0.9812898546974103
6 0.42046898051466997 0.9149606408535486 0.40953048527308056 0.9067588164381584 0.4167959044464169 0.897071626800396 0.427734375 0.9052734375000256