6 0.5589783835597473 0.5505440594326149 0.5330026368289964 0.5640305295336178 0.47685023562053175 0.45588571115300364 0.5028255845170406 0.44239936588655854
6 0.5104996719120436 0.396822474345052 0.45530415973416893 0.4366851152778731 0.1625916794218938 0.0313895963674861 0.21778538509670398 -0.008472082265725009
5 0.9150473363810079 0.6499272477166053 0.9102028753300146 0.6762253961176348 0.6088528474093664 0.620715590489349 0.6136978991899014 0.5944182452360417
5 0.26362006695558193 0.5234717055829456 0.25821455384505043 0.5549231967177088 -0.005184464991543791 0.5096539902407148 0.00022156750537760672 0.4782031635641807
5 0.5999941503773698 0.5907588762604711 0.5907939522033985 0.6389280954107174 0.26485901899138753 0.5766752631163679 0.27406030519068736 0.5285073730325415
5 1.0043395372957775 0.6668547590408215 0.9994456907501217 0.6978462257355779 0.9477933009956132 0.6896907434781072 0.9526872825937289 0.6586994436285588
5 0.05175785993390036 0.9550776222797259 0.0491178730375168 0.9830569684112326 -0.0026401779779234857 0.9781744444429369 0 0.9501953125000431
5 0.07625753372280997 1.0002337491793927 0.0759206126654135 0.9340177702310581 0.31216080400236024 0.9328147329786906 0.3125000250540779 0.9990283273466076
5 0.07603902728715184 0.991385410670005 0.05050383502634759 0.9897899175255089 0.05287506933905206 0.9518524119495344 0.0784099758038792 0.9534478961534513
6 0.0009765615005790096 0.4433593749333759 0.02560668513217479 0.4450012804818241 0.024630123489373545 0.4596497163910597 0 0.4580078124999986
6 0.029507886343026257 0.46122779767573835 0.0317568012094398 0.44698583026765903 0.07458299449945116 0.4537479493433377 0.07233412787945781 0.46798987365412953
6 0.15095049686487982 0.4697762228075771 0.14550759048472628 0.4882811146869874 0.09792349309111614 0.4742858874685561 0.1033664376990373 0.45578106157579057
6 0.2023503030336542 0.4917159266098878 0.20911942549605556 0.47592267024056745 0.2645140293722079 0.49966344119453354 0.2577449915299894 0.5154566258205788
6 0.2898417321234774 0.5166169016395791 0.2918475471574311 0.4999042887242235 0.38349641595038975 0.5109027800667423 0.38149073396573385 0.5276152702241433
6 0.5891456467300031 0.5696667067003749 0.5903803927994886 0.5552635713898603 0.6354731863150391 0.5591288374196365 0.6342385004614925 0.5735319167016132
6 0.7035913294904503 0.5768866622501104 0.7004412234715574 0.5918485365879392 0.6483699556118836 0.5808863131410409 0.6515201123935412 0.5659245090555769
6 0.9531315368859623 0.5946164849602226 0.9511368115194045 0.628206559305731 0.7229613943123923 0.6146553383363047 0.7249567806439927 0.5810659734960477
6 0.9990231022810576 0.541015244370398 1.0086533728635914 0.5519500765098145 0.9427144838738286 0.6100161823646287 0.9330843012883179 0.5990814344951766
6 0.9078849063315602 0.6326578329656594 0.9084815687645005 0.6201303914942231 0.9474556549187128 0.621986406873036 0.9468590412842559 0.6345138014855508
6 0.9528285915770311 0.6402537753945421 0.9533321690649927 0.6226342063406994 1.0005034928342411 0.6239821582157 0.9999999975775609 0.6416016472688939
6 0.2871729783715864 0.3960829488122041 0.27501048527290095 0.3793601392384881 0.33226342781347284 0.33772178243482887 0.3444258992913092 0.3544445271330175
6 0.25406255355994745 0.41394526083186906 0.24316378490891566 0.39941419497892083 0.2798826029945758 0.3718752033392052 0.2907813557594636 0.3864062292931574
6 0.24261048991149892 0.40300994867089984 0.25683054719036136 0.42239973879976517 0.20060762647381125 0.46362991379932983 0.18638766735534773 0.4442402126380434
6 0.19047977946479477 0.4422995817450204 0.2061907676387591 0.46717347920175467 0.1545314167883589 0.4998004666984487 0.1388205520363499 0.47492667755243356
6 0.40824194689469095 0.5358593234932297 0.41054692989371233 0.5197265282122928 0.5147265926751743 0.5346096834035462 0.5124217641525775 0.5507423388485293
6 0.9100724167817589 0.056288543774385594 0.9203997371910191 0.03950672087495817 1.0088854609675764 0.09395961088577777 0.9985581635347671 0.11074141362085724
6 0.5985922274853692 0.16169706748913326 0.5890171304744172 0.14820489798393813 0.6980644549695398 0.0708166843649137 0.7076395411792191 0.08430882081083045
6 0.7133307045215815 0.0667165190464622 0.7088407354817718 0.013733559404579146 0.8985863093822672 -0.002346254301777017 0.903076324230824 0.050636662048743224
6 0.5618987777106668 0.169846616638049 0.5705227811341729 0.18093441893870055 0.4812802091081494 0.2503455743274404 0.47265625 0.23925781249998526
4 0.676860068146766 0.6460100442303425 0.6689202892478079 0.6949823748376365 -0.007655035359789508 0.5852841596973816 0.00028718188775656017 0.5363152574802819
4 0.9192947790323842 0.6252411138906429 0.9799160809144496 0.6425590337626911 0.9519461019802975 0.7404540671032582 0.8913248737180766 0.723136330866744
4 0.0145478779008954 0.48218595930901814 0.004242903256454156 0.4581425263191508 0.02875800279343821 0.44763608895705287 0.03906299208688324 0.47167947660535553
4 0.059963672268395385 0.48818087667151105 0.060819356734555186 0.458238718291553 0.10799066620563735 0.45958663996844257 0.10713508637547875 0.48952869713187197
4 0.21679691717031346 0.513671875 0.18066404983801476 0.513671875 0.18066414480301773 0.484375 0.2167968505856379 0.484375
4 0.31132572101398637 0.5186751144901117 0.33085991710458984 0.5025395901038152 0.3540428655347796 0.5306033380383993 0.33450871258230563 0.5467388153549217
4 0.369140625 0.517578125 0.412109375 0.517578125 0.412109375 0.552734375 0.369140625 0.552734375
4 0.4669025126187307 0.5667492549633945 0.4418812459362016 0.5625794287968635 0.4465529747750452 0.5345494238507971 0.471574124776339 0.538719240099761
4 0.4992635365293836 0.5721189749979381 0.5002933380317245 0.5463788797604856 0.5377334428293352 0.5478766089887657 0.5367037266677244 0.5736166220554872
4 0.595132759660487 0.561368666485757 0.5926960137607011 0.5857344295661797 0.5636892053593101 0.5828337740010133 0.5661260060078348 0.5584680728845076
4 0.626953125 0.572265625 0.658203125 0.572265625 0.658203125 0.603515625 0.626953125 0.603515625
4 0.6849393360541853 0.6018260838196988 0.7036801907923973 0.5755918403622085 0.7262203208040319 0.5916920497517131 0.7074795396014224 0.6179262271574918
4 0.7514213183817446 0.5991740995121028 0.7821685710673592 0.5960997280598762 0.7851949409366625 0.6263635028063884 0.754447689605513 0.6294378655291875
4 0.8281598904510474 0.6432208770421064 0.808317704158867 0.6305955440539095 0.8242412700952855 0.6055728845224246 0.8440833721516583 0.6181981817968256
4 0.8744741501728868 0.6217697497044543 0.8992338170530729 0.6186751709830159 0.9027343872535312 0.6466797837027474 0.8779747219422234 0.6497743539864473
4 0.966796875 0.576171875 1 0.576171875 1 0.626953125 0.966796875 0.626953125
4 0.45311149161045705 0.47676657692715285 0.4267157676829356 0.4361599493254612 0.4860993363366788 0.39756087083863667 0.512495027334694 0.43816730508337565
4 0.3740240420432883 0.4921869741765819 0.3339836259162894 0.4521490699182934 0.375976103817834 0.41015674594892293 0.41601635635618095 0.4501944863483712
4 0.2441406117520728 0.3847655864369902 0.2441406691013981 0.41406250071947437 0.21093749852263954 0.41406249903800124 0.21093750028637714 0.38476564368491156
4 0.49252598821487936 0.29251424226820294 0.44708187453898063 0.28796992982659786 0.4518777456813723 0.24001203629492382 0.49732168373509467 0.2445563399166292
4 1.0000114229437713 0.6035156250000001 0.4531164966929282 0.6035156250000002 0.4531330510822045 0.031249999999999695 0.9999979544817279 0.031249999999999844
4 0.6980670654044161 0.10453933035541428 0.7004647234248296 0.0637796282004882 0.7383620752918887 0.06600890591152019 0.7359644383766408 0.10676858832426428
4 0.6106557667953894 0.19782592606973629 0.5701523773873305 0.19414383526473214 0.5737224818498134 0.15487322032965792 0.6142257851897739 0.15855530717261188
4 0.567092745897412 0.1601272081066849 0.5636892861009528 0.19416189408006604 0.5205658005905889 0.18984954980978186 0.5239692951279267 0.15581490231568945
4 0.5361033169036773 0.20193976245710346 0.5584360714557306 0.22952682952216255 0.5280957368605641 0.2540880260455244 0.5057630224204104 0.22650099623830924
4 0.982421875 0.02734375 1 0.02734375 1 0.0908203125 0.982421875 0.0908203125
4 0.780468757973722 0.06308593241932528 0.759937493118855 0.09274217921766659 0.7302812448846225 0.07221093366170116 0.7508125065801323 0.04255469820291889
4 0.974609375 0 1 0 1 0.08984375 0.974609375 0.08984375
4 0 0 0.181640625 0 0.181640625 0.3408203125 0 0.3408203125
4 0.23760522844179377 0.18599754877762012 0.18314299773192033 0.17510518021985427 0.1962139817193247 0.10975062853416064 0.25067605693209316 0.12064298130395562
4 0.13521617221476845 0.26532395448256374 0.1852468358117676 0.2319712335230614 0.25180307950824954 0.3318063208888637 0.20177256349688832 0.36515885791832925
4 0.0730831034595667 0.3560343599698928 0.0710813841989193 0.31399791812292926 0.11469525892835009 0.31192115977728535 0.11669706689099257 0.35395750734723885