2 0 0 0.07421875 0 0.07421875 0.3466796875 0 0.3466796875
2 0.0009765550328211248 0.34570312494300154 0.05716662691474994 0.3461320332631422 0.0561629860164885 0.4776099586848177 -0.000027085839292340097 0.4771810538812788
2 0.21375528905207375 0.23129820168896623 0.11530970575745414 0.2179948016741843 0.14514643190182142 -0.0027937607735004097 0.2435913386905213 0.010509596173988998
2 0.08659158847126491 0.35183813951425635 0.09692129153597762 0.21756639537705713 0.21565969275013686 0.2267009200196457 0.20533073388298817 0.3609719734922986
2 0.11968337181804145 0.49249018374252634 0.05519939034593335 0.4824845655429298 0.0747680639869941 0.35637940164726783 0.13925100018889225 0.3663849373045907
2 0.321522772270896 -0.009453026780516946 0.4415619308388159 0.00769507248358666 0.3859765988132722 0.3967964920514828 0.2659374737041844 0.37964859448824645
2 0.3947742521836517 0.40120308194524706 0.38907184418644647 0.4371292050507686 0.2542914919337136 0.4157364565830346 0.2599941459304773 0.37981063836823653
2 0.5479101257094499 0.4996597462814443 0.3870128373649777 0.47735770424790747 0.4561846533891867 -0.021640271484313266 0.6170752194580018 0.000661257702356448
2 0.46235794978485956 0.14108537537236718 0.41680305735792444 0.13392675455088526 0.4388202478810399 -0.006182046652308895 0.484375 0.0009765624999923481
2 0.6469744886035187 0.050628948140501104 0.7632755104194757 0.06758943261949485 0.7467275138102423 0.18106155979677901 0.6304264983044732 0.1641011096853503
2 0.7087723904099903 0.5636505295487592 0.5751462315195113 0.5502888253713952 0.6137766698816449 0.1640144771546389 0.7473963746381287 0.1773758314764193
2 0.5725224537103486 0.30810682203048007 0.6078017952230539 0.3118203014137715 0.6016213638592944 0.3705345513470772 0.5663420241262429 0.3668210833022186
2 0.8109472082383036 0.5821143148043367 0.6913467067175816 0.565837953320855 0.7421904209821832 0.19227943889232046 0.8617852020706778 0.2085553842732002
2 0.9213530227905267 0.43286624204702095 1.0215507467529505 0.44635327460259583 0.9996101765864296 0.6093411175781709 0.8994124817878628 0.5958542613404559
2 -0.019969174555512836 0.7032008819460548 0.0011733245848972729 0.5552666247858319 0.3558220627984383 0.6059432245253505 0.33468544965057845 0.7538721579219608
2 0.378309106086931 0.7575055072519109 0.40269866811092925 0.601464111876242 0.7633958890530721 0.6578304733784063 0.7390132490431824 0.8138656381254309
2 0.8190824532040324 0.8260959972460687 0.836141784025699 0.6762180812418137 1.0170555926448515 0.6968072166814882 0.9999997533581109 0.8466818547938175
2 0.1603760738986466 0.8788148016529506 0.07270112679350405 0.8855577275048094 0.060995425327860175 0.7333637687376122 0.14866713084848016 0.7266209673148067
2 0.12235628564394574 0.8865724999524326 0.12538194856119844 0.8520926881754777 0.18420833514221613 0.8572534904026886 0.1811829627640691 0.8917330331903992
2 0.20105741824045253 0.7476388866107803 0.3276583739408352 0.7627072219007711 0.3099178484633285 0.9117291427907297 0.18331694164726287 0.8966610929136535
2 0.2545205879516743 0.8954488675728431 0.27417496536395447 0.7558643450585352 0.4744282780230833 0.7840544314902033 0.4547779017943867 0.9236353814051766
2 0.7379003358555565 0.8247174652483524 0.7226559314162841 0.9619139161728191 0.47827663432076406 0.9347614255613143 0.49352496634583076 0.7975696299852119
2 0.8368354017002275 0.8384397381060453 0.9423828809774477 0.8535141519542864 0.9271876041091218 0.9598820634085693 0.821640170195792 0.944807871821108
2 0.11137905935686376 1.0000645687908836 0.11117777046388255 0.9727943939174991 0.2518091110033538 0.9717557892771075 0.25201097149056295 0.9990253822297448
2 0.3919333432500025 0.6756663615413836 0.467720748925899 0.6878277918709701 0.45436139417085997 0.77106733303601 0.37857401526400736 0.7589060158422525
2 0.3158654737260349 0.5189753390146135 0.2459132750813069 0.5102319882214192 0.24968449842560858 0.48006371597771386 0.31963637667445255 0.4888070464771955
5 0.2408901434478139 0.5187743779206139 0.18767975173693685 0.5129909986411226 0.19974928284216276 0.4019558277425978 0.25295885371087934 0.407739162204961
5 0.2643309941554435 0.3969032366933508 0.19664539490645438 0.38784304713513823 0.24953351962597026 -0.007252106532647516 0.3172176655268686 0.001807989865452703
5 1.0104175232839907 0.6098668316435683 0.9966382786209351 0.7190109096531706 0.10105343434679526 0.6059101338190487 0.11484052275920931 0.4967744331215505
5 -0.0007303168068801824 0.5546678718445571 0 0.49121093750001704 0.1332889336703147 0.49274433643195054 0.13255930068157795 0.5562006026367984
5 -0.04596201184097026 0.661329837046755 0.03340928530849396 0.646134704186816 0.10072491244557114 0.9976881897839127 0.021353803521719783 1.0128826283825243
5 0.7851561341053639 0.9374997585630689 0.7851565278064072 1.000000084290463 0.7363280912367145 0.9999999807712492 0.7363281475438725 0.9375001045324359
5 0.8038696574607229 0.922798421153377 0.7342302728872028 0.9161958376392846 0.7589938813958952 0.6550744228719139 0.8286289852703703 0.661676804720994
5 0.08800708535000012 1.0000537041529103 0.08785736175605052 0.9083475604659582 0.6775970454198159 0.9073685293228358 0.6777546013667006 0.9990665243426317
4 0.10851333223911297 0.07082950140214864 0.0827780298612879 0.0643956808270695 0.09679458322466417 0.00832950661976364 0.12252986447958847 0.014763324129064687
4 0.14127432444524857 0.1831925332760651 0.1324271374954833 0.21194571736902196 0.09310593657710342 0.1998469087698713 0.1019531428346454 0.1710937585688162
4 0.06915990788138515 0.40428078660945493 0.03481999816960979 0.40115911452145514 0.038870422953664274 0.3566054416358527 0.07321015581760548 0.3597271056390759
4 0.396484375 0.03125 0.435546875 0.03125 0.435546875 0.072265625 0.396484375 0.072265625
4 0.39284897176071354 0.12818634493241307 0.4286681901457996 0.14490187153164943 0.41569486888772644 0.17270182790091881 0.37987565803643975 0.15598631313271283
4 0.3476561812038881 0.5117186959151478 0.34765628319098596 0.5419921895838785 0.27734370079372184 0.5419921757075187 0.27734376956755113 0.51171885407995
4 0.44596761306718236 0.5475018925971218 0.42539138739221016 0.5625898062010628 0.40862606281780245 0.5397280016587519 0.4292022223232834 0.524640123379318
4 0.4987945153728788 0.5554005396761611 0.5238643798417115 0.5264766289921388 0.5521201363467299 0.5509651644834189 0.5270503681651917 0.5798889838800573
4 0.14843754657294994 0.5146484375 0.11718745342705006 0.5146484375 0.11718751164323749 0.49023437500000006 0.14843748835676251 0.49023437500000006
4 0.697761484658713 0.5634159933077172 0.6935246010697256 0.5973104995867534 0.5759761322376562 0.5826174340559619 0.580213313704121 0.5487232791004689
4 0.8311346047538564 0.5516616576588964 0.8344970059081334 0.5886430300298727 0.7934652734626297 0.5923731789128435 0.7901030155212538 0.5553919393411874
4 0.7562502425474804 0.5798826807860267 0.7416006038005207 0.6238277322799255 0.6847645418525872 0.6048825190031412 0.6994143013238272 0.5609377058616887
4 0.8717697925976609 0.6117788353648423 0.8702146876603365 0.5635677587635987 0.9288732816547736 0.5616758396246632 0.9304286312151362 0.6098866622201002
4 1.0050969973189012 0.6105136290268337 1 0.637695312499965 0.9542449742152712 0.6291163433577448 0.9593420625950557 0.6019347781147223
4 0.893232951623645 0.14793192090258042 0.9109261560173536 0.17573518524223566 0.8525391154253157 0.21289058663290902 0.8348459701220463 0.1850873741741925
4 0.35500815397517727 0.585897630913393 0.3457291562884848 0.6178564607032554 0.2470643160208965 0.5892123755017892 0.2563434872416792 0.5572538392254395
4 0.369140625 0.58203125 0.41015625 0.58203125 0.41015625 0.62109375 0.369140625 0.62109375
4 0.472335116780755 0.624879593671562 0.47307907715480724 0.6047971334549628 0.5043584745658336 0.6059557439702641 0.5036145752139873 0.6260381451219833
4 0.6243237894187814 0.6460336299143925 0.6264332299419948 0.6200221789966126 0.671376274299746 0.6236664398403771 0.6692669552858206 0.6496777770380575
4 0.9458412799405096 0.6965695950453114 0.9447297574216691 0.6754520377448627 0.989630003651655 0.6730890078771782 0.9907416196655277 0.6942064657493136
4 0.8427592012604919 0.6774362781735109 0.8470205526418795 0.6493174421018537 0.9426006013896995 0.6638001391652063 0.9383395607299008 0.6919186967905101
4 0.0009811970869577635 0.8397092416845254 0.014031417329533724 0.8401591484242505 0.013050220159470882 0.8686139675727454 0 0.8681640624999997
4 -0.0011721293608388805 0.9076158037182224 0.022852095959024155 0.8996099556346193 0.051367535344184034 0.9851573172800717 0.02734335900993301 0.9931630613060972
4 0.17406673997470534 0.8211330055378666 0.13488955778996115 0.8128867114937128 0.15069106050361825 0.7378316376565796 0.18986755314745096 0.7460778567436191
4 0.08049529316542703 0.8649303537554606 0.03347462924273259 0.8692041624165814 0.02044382631413555 0.7258578778949125 0.06746285272686237 0.7215841443394683
4 0.6753643224268444 0.9544221890329719 0.7149814795994871 0.9498168985272439 0.720703125 0.9990234375000019 0.6810859737886403 1.0036286940338826
2 1.0000017013632032 1 0.9238280801207566 1 0.9238294085200778 0.8554687499999999 0.9999998898420017 0.8554687499999999
2 0.8883955088946323 0.17543183480932778 0.9053540748027444 0.030346248207703857 1.0169582572552827 0.043391332642698434 0.9999999928736543 0.1884766234692285