5 0.015620693702999233 0.9999994061659933 0.015626375337433274 0.9238260707435983 0.43164163962660496 0.9238500849632268 0.43164061254788066 1.0000185944131919
2 0.20106263979505457 -0.00005893835860476433 0.2015370861071233 0.038370781975593835 0.10953721201883582 0.03950657755151 0.10906277668527764 0.0010768690137402666
2 0.10295765409307478 0.05380024956199785 0.18197608813034094 0.06328226178863298 0.14386276338359494 0.38089615738918453 0.06484434951050844 0.37141424631920084
2 0.19469916689126876 0.10286902711264692 0.3007678873675559 0.11534755280744584 0.2815632996550903 0.278586946193602 0.1754945879636125 0.2661084792096276
2 0.1422782709468038 0.37338182036513295 0.1541328052035169 0.2956746553613774 0.2410274821047551 0.30893033474111115 0.22917334523231148 0.3866371435279214
2 0.4109990847248355 -0.033654586552760414 0.4489976411216503 0.007010488131573268 0.3318911508057454 0.11643788039861779 0.29389263056418713 0.07577284729198716
2 0.3393179350905484 0.17743387294675975 0.30513818049917063 0.17059797183926023 0.3134765625 0.12890625000000666 0.34765624998215117 0.13574214411226318
2 0.31445576221233296 0.4000421152452376 0.2708019658153944 0.39536507055416265 0.28468237679101094 0.2658184612626656 0.3283355814614879 0.2704954732732253
2 0.27103244191846443 0.359835501095774 0.23380354074038223 0.3548718001389037 0.24277611345644345 0.2875785760181421 0.28000477171667626 0.29254226069725486
2 0.4943361866887699 0.21933563705478723 0.45175766010129337 0.30449200443644403 0.3462886539173269 0.25175764598450834 0.38886723369626 0.16660164592878576
2 0.3170838980595363 0.40512668781871025 0.31979183161024594 0.2914437613198446 0.4708165619011879 0.29504087822660047 0.468109568306204 0.4087228905116666
2 0.517175194581796 0.28140970000760374 0.49346170691262614 0.2783166948987572 0.5007914328978131 0.2221226007055386 0.52450481883659 0.22521559909663297
2 0.5872792958907667 0.2687944293040067 0.5672143221478336 0.30364350535961093 0.5233860112709863 0.2784090981574908 0.5434509843538535 0.24356009684167004
2 0.6066558455478344 0.28093785651402964 0.6366316133739929 0.2848476188675396 0.6277881152129794 0.3526478707711453 0.597812349728315 0.3487381213126568
2 0.5517413059598084 0.42812211583698895 0.47266421939912107 0.4158217073565972 0.4911752051922349 0.29682616364303605 0.570251272012456 0.30912649206262516
2 0.7805482904281007 0.466456791171573 0.6662791719637653 0.4541040107504299 0.6789379605874046 0.3370180835964682 0.7932053987765357 0.3493707707161617
2 0.5662580477752499 0.33357356286636813 0.6201845203290759 0.3367455563894592 0.6141635348162708 0.4391028235886317 0.5602370638827097 0.43593084919793484
2 0.6617668158843344 0.44616375986503076 0.6077567717254624 0.4360373183707937 0.6280329108315073 0.32790051441946644 0.6820422855558945 0.3380268922165577
2 0.7994781407816163 0.4670464382045622 0.8162294041064797 0.38702210002264614 0.9776277600736876 0.4208049529173472 0.9608775267597593 0.5008283828666404
2 0.589257443328961 0.097562802242704 0.5265027654586447 0.022854832324994533 0.5968134753413779 -0.036206066613833174 0.659568115775869 0.03850184724349337
2 0.482421875 0 0.53515625 0 0.53515625 0.0400390625 0.482421875 0.0400390625
2 0.4562206925075998 0.20020618186814584 0.36912986086292676 0.11882647246710255 0.45557301846611153 0.0263174436622047 0.5426636262395732 0.10769696350657916
2 0.6637763256485414 0.04188719899172832 0.6968510674038271 0.07309845655319669 0.6228393271668438 0.1515288413991634 0.5897646339242328 0.12031763297335211
2 0.5519648806347277 0.10294962586698762 0.605975437116058 0.12510760126273904 0.5634705398578035 0.2287133807425808 0.5094600161806966 0.20655546753417967
2 0.5069351771131778 0.21232541970529784 0.47466384144649965 0.18435720182266163 0.5249295364517366 0.12635836819212673 0.5572007914242931 0.1543265272992187
2 0.6069586032696179 0.21145741876231877 0.5832609527764134 0.1814405117402412 0.6627359393138477 0.11869738145251323 0.6864335549432781 0.1487142149736388
2 0.7236327973432708 0.11523438539743491 0.7568362550260872 0.14843760227881098 0.6513671840837105 0.25390623061138773 0.6181638658387101 0.22070315173972918
2 0.5605466974569708 0.2080076305514968 0.5849609705272769 0.18359374676082515 0.6152344001278607 0.21386728268105842 0.5908201608717718 0.23828113271256918
2 0.685288922094287 0.1319096349779553 0.6610885484935807 0.10550930356074954 0.6913362135227317 0.07778230326082702 0.7155365736055046 0.10418261762301906
2 0.7677573474389874 0.34074761532163134 0.6845547318009721 0.2673351491945131 0.7719897444032995 0.16824243408071052 0.8551918601019679 0.24165452243605254
2 0.8821359635887802 0.36482477274763175 0.8477629865999461 0.3289583476719787 0.9005558571725487 0.27836542975248674 0.934928715436854 0.3142317243047665
2 0.8291810190235083 0.338391912596747 0.8063501580038519 0.3064295308980269 0.8780349811903534 0.2552261729075532 0.9008658003959908 0.2871884255614002
2 0.9592211619803948 0.43258429504299567 0.9197271754929943 0.39517061413446525 0.9655846163349224 0.34676580346268077 1.0050784321828132 0.3841793341528873
2 0.8003427534438288 0.46672439216161304 0.8176834140379015 0.387737129541822 0.9778855564032938 0.42290526110059307 0.9605459185113432 0.5018916203163534
2 1.000000153147198 0.4970703109837798 0.9748825155055556 0.49731898598950897 0.9739061430019547 0.39868617329000844 0.9990234375 0.39843750000000033
2 0.9560548912241984 0.3417969558478233 0.9111321830192765 0.3867181226099066 0.8886712526410747 0.3642571785631015 0.9335938848028036 0.31933608757701004
2 0.9091795664414803 0.35546880111237744 0.9267581160632972 0.3730465623635566 0.8984378006862244 0.4013668718732124 0.8808592914429028 0.38378915104589945
2 0.9849418049867609 0.4139982615165346 1.005590719894144 0.43299410367932206 0.9726582647512032 0.46879024779080763 0.9520094096289995 0.44979446774703147
2 0.6661092033508567 0.44870314068475353 0.6869859569030723 0.3338904879322606 0.8000788609679148 0.35445373237764366 0.7792030349364722 0.46926555223258254
2 0.6636139989286676 0.447028038471332 0.6091370343685867 0.4379489419419918 0.6274018597895292 0.3283628333377932 0.6818781387871695 0.3374418722909529
2 0.4909397673480953 0.30043637733892486 0.6261028949762704 0.3166553029728294 0.6116392853978141 0.43718551406891315 0.4764761776813202 0.42096669870994546
2 0.4775767259591248 0.41989335442617304 0.4529904883764857 0.4165022952599366 0.4653748751937883 0.32671663104569343 0.4899608617294007 0.3301076725955875
2 0.04643957316841352 0.4956375245860637 0.14197553600570245 0.5085897999342722 0.10031082605803476 0.8158708525940785 0.00477493773473725 0.8029189848570297
2 0.20420773665250636 0.524970422053673 0.3240888879385011 0.5428609816667319 0.2932364490754935 0.7495727698090758 0.1733553742960794 0.7316825751811405
2 0.16537284038247435 0.7880140260927081 0.12464249526044568 0.7834892085484165 0.13126436994923552 0.7238949432549889 0.17199415630682324 0.7284197294235982
2 0.1913522560802221 0.6260416960920824 0.18400463451939686 0.7013545778013042 0.0893921259283843 0.6921245304878287 0.0967403847271271 0.6168123691301285
2 0.25037522833827097 0.7256902475564037 0.22018622061432325 0.9269245648199645 0.15953773905323487 0.9178270124463908 0.18972800472306517 0.7165942174507873
2 0.21883869596467775 0.9266514717428247 0.24962397978606532 0.734903301008946 0.3431563917516769 0.7499175116385108 0.31237371031966177 0.9416633696776765
2 0.07577911646023949 0.7783349599557909 0.1708344643216151 0.7910062404388699 0.1549537092450919 0.9101127137938552 0.05989840308836847 0.8974416292052044
2 0.3827441203136459 0.5512931319471037 0.4080751631148587 0.5546702150099484 0.3936272880838487 0.6630301538262624 0.368296252042569 0.6596531047274231
2 0.35891282564625726 0.6313509311408306 0.3295188591149554 0.6273791840786364 0.34025149980629976 0.5479595344548234 0.3696450475177926 0.5519312527749878
2 0.40675318188357323 0.5538432208563977 0.45280949439495544 0.5599834176938467 0.4366726630391895 0.6810088721963654 0.3906163646429377 0.6748687458328998
2 0.46244828379383307 0.5742437600687061 0.49822495439229897 0.5804113427920866 0.47378853777820495 0.7221438140001675 0.4380118889213236 0.7159763187066992
2 0.3899775524606639 0.7253377783566037 0.4437100364758635 0.7328336409497854 0.41180906893373503 0.9614619866571649 0.3580766304411327 0.953966346579556
2 0.31751265620073355 0.9411724950624354 0.3288674686207287 0.8526337167068138 0.37114064855950346 0.8580539597864731 0.3597864072581842 0.9465922203614383
2 0.5379562205466755 0.5624415900907642 0.6969175296659387 0.5809229897519845 0.6727069516058464 0.7891346926107569 0.5137457043957738 0.7706536891686265
2 0.5274560497507537 0.685290665126836 0.49434836080638433 0.6822812242612192 0.5047548364353815 0.567815127470438 0.5378618060756253 0.5708245355156326
2 0.49908227943762995 0.7125568928672684 0.5201407556094182 0.7162724646108857 0.5111551155627012 0.7671913323502697 0.49009664505092587 0.7634757822822573
2 0.5691742341707595 0.9805530526247492 0.4763480311129342 0.9707842872796568 0.4898664595458513 0.8423770304366656 0.5826893598425613 0.8521456204653738
2 0.5931611101618728 0.8608601426688516 0.6664676553172058 0.8706317473178892 0.6510135319053916 0.9865391210162272 0.5777070179942712 0.9767676770135421
2 0.8755375560600669 0.595663370436106 0.8583430326934831 0.7143906332915421 0.6860659059799445 0.6894418111958849 0.7032620938907712 0.5707165999589979
2 0.8455429075598886 0.764391006935701 0.8471563991136009 0.8063216351501359 0.7530193261580962 0.8099425646609985 0.7514063249604988 0.7680124092484611
2 0.8002125038152599 1.0045725558819258 0.74609375 0.9990234374999987 0.7547431627566539 0.9147005879499469 0.8088605981844239 0.9202496385969862
2 0.7304919425550906 0.9741225281561002 0.6547489925162608 0.9637963756871527 0.6750147703878611 0.8151939445219847 0.7507546842115289 0.8255198879186717
2 0.9689648935575406 1.004905247582938 0.8877188838615666 0.9958805604990781 0.8926022321455775 0.9519355610183179 0.9738471774834352 0.9609601883090534
2 0.9785624538423008 0.9615531500667567 0.8379317535893733 0.9439780738915929 0.8795559607423229 0.6110452121534958 1.0201750135800012 0.6286195314770555
2 0.4345556107318771 0.8083033746653417 0.4893044736198817 0.8123579289436066 0.4781958089190539 0.9623242989389295 0.42344695526446685 0.9582698269562332
4 0.35877434155270294 -0.03877101664893185 0.39792369432609576 0.038523749326850085 0.24299103164833014 0.11699608962604034 0.20384175870071886 0.039701396610871104
4 0.44282057749205705 0.0015827037581773891 0.4845433739907321 0.01946389443300995 0.4623181577597961 0.07132273188172472 0.4205953638910387 0.053441546853438285
4 0.6377659370673427 0.0034703210652111266 0.669473839436364 -0.02521773061526509 0.8003745400800426 0.1194621135161577 0.7686666857546243 0.14815010995379424
4 0.820364987546327 0.18687736553468137 0.8032586859385447 0.19885167810145501 0.7783464869352201 0.16326284302140384 0.7954527604580335 0.15128854431494057
4 0.8027803211085711 0.14139473789167042 0.8240119955199816 0.12788377670016693 0.8446806365429893 0.16036311765236852 0.8234489715885047 0.17387406689314336
4 0.8242678248224138 0.28498825264932326 0.7984317033543675 0.2241487906558408 0.9074167998401208 0.17786779198032432 0.9332530040087477 0.23870700070650647
4 0.9001612999833242 0.27851227719318483 0.951005638169363 0.23580437227007528 1.0393468053588322 0.34097318259810167 0.9885027379162921 0.38368080693228435
4 0.7767063801782115 0.14770617940431197 0.826379428071732 0.12367105640741069 0.8530331183141016 0.1787554829861965 0.8033600932864147 0.20279056965765302
4 1.0000000171935426 0.06835937500000003 0.9355468572759946 0.068359375 0.9355468769692834 4.969616689786745e-17 0.9999999997509121 3.727212517340059e-17
4 0.000976559554828782 0.3085937499517196 0.039612437565438086 0.30922710162907757 0.03855768990251818 0.3735668827862474 -0.0000781880770546195 0.372933533239556
4 0.04529015384389368 0.27036368522843807 -0.004018405007400361 0.2658811696895787 0.00067239994348256 0.21428343736244304 0.04998077220943742 0.2187659443907987
4 0.034080323916555244 0.04506894426871591 0.05428861415236952 0.047719199572435915 0.035520063662715984 0.19082958707718178 0.015311774797737598 0.18817933831653058
4 0.000976559543573785 0.48046874992789657 0.02173403095264348 0.4809749902179339 0.020757471359388546 0.5210140512416802 0 0.5205078124999989
4 0.11718750546390311 0.42871089196984546 0.11598601252137541 0.4387229850050358 0.0890304203217056 0.4354883489334831 0.09023192861934604 0.42547627369130453
4 0.02528283734204706 0.4369447481842844 0.042707505369548926 0.3973458519744035 0.08970290857996588 0.4180240808558755 0.07227839690858673 0.4576228440924856
4 0.10546875000022737 0.44628906249997824 0.12751394385702497 0.407288635668706 0.18286107390895268 0.4385720994849856 0.16081607452269964 0.4775723581186414
4 0.2187500487464149 0.46777349446889094 0.19761994441239494 0.46918208118412863 0.19540760177562788 0.4359962373187275 0.21653760904314368 0.43458765386383164
4 0.46679694536862826 0.5009765437363503 0.4331235182742148 0.5099554860341212 0.42425756805141646 0.47670785054153153 0.45793083233104426 0.46772893102415564
4 0.518002802581691 0.5128624075070918 0.5212167786285136 0.4796551872521415 0.5609153773849584 0.48349714818076717 0.5577015102104497 0.5167042676342076
4 0.34339356067857807 0.4880284650418001 0.3459903870407288 0.4542738538500755 0.38736233836334577 0.45745649475518196 0.3847656198588538 0.49121100432844916
4 0.5975213840323477 0.5230874179052976 0.5997670841468334 0.4909038991833452 0.6467768186288367 0.49418388051956086 0.6445312434765356 0.526367280994472
4 0.2535447807950959 0.4761372786173959 0.25619840497301993 0.44341305465135805 0.3037109375 0.44726562500004763 0.3010574311687151 0.47998973802778006
4 0.3246151144973055 0.5101874208319027 0.28452218934216944 0.4815515414454899 0.31725039308059877 0.4357323058300579 0.35734309270310405 0.464368070391229
4 0.20805529628626118 0.4652177334490597 0.2180727337653252 0.4265820977657856 0.2634865615681292 0.4383562639580293 0.2534692692182716 0.47699177468845105
4 0.3878569363726001 0.4502088473977763 0.4403892939180878 0.45458624171403056 0.4360183322830835 0.5070378287418577 0.38348597669994433 0.5026604511878603
4 0.4473079070712629 0.4763825667685999 0.49192111945274064 0.434959259493246 0.5439545209214884 0.4909958991720847 0.4993415376466146 0.5324189710697992
4 0.6353123473630831 0.5283984048847655 0.6409379686081138 0.4890233586078185 0.6934378042489016 0.4965235484948661 0.687812364572892 0.5358984313443504
4 0.7346380918112345 0.5423615229068703 0.7388091357364601 0.5106328582417184 0.9143264857119675 0.5337037504277209 0.9101559536982222 0.5654319416737404
4 0.9658210032164334 0.5546879013716719 0.9326163002929206 0.5878896900837046 0.8984362398700796 0.5537097005892044 0.931640806667815 0.5205080478895134
4 0.8100747645163437 0.5055791853761951 0.8108271364432085 0.47023108493661386 0.885344554876724 0.4718169377672959 0.8845923832830067 0.507164842017887
4 0.892578125 0.5087890625000505 0.8944510611975147 0.4844438761956866 0.9268613081346757 0.48693707222372856 0.9249884359801399 0.5112821988325392
4 0.9660329449390019 0.49333804545621424 0.9686438329968041 0.5194442068988551 0.9357694314298897 0.5227316521758488 0.9331586157843503 0.4966255574505607
4 0.60546875 0.4375 0.6484375 0.4375 0.6484375 0.4716796875 0.60546875 0.4716796875
4 0.46413397368189635 0.4920657198473282 0.451661555689725 0.4247137057930248 0.5902813770399007 0.39904497364951974 0.6027542887527488 0.4663963372704856
4 0.45761695824558046 0.4298823301155121 0.48691418268924735 0.41523459138367574 0.5011720952895757 0.4437505187983663 0.47187489150098827 0.45839822640431716
4 0.3850557575511857 0.4374710414803757 0.348893835584704 0.44108703621646195 0.3456548106402124 0.40869610899029557 0.38181658151108877 0.405080121883142
4 0.3955078125 0.416015624999977 0.42968242218194064 0.39670063630980856 0.4516535100930241 0.4355727106671874 0.4174789413026474 0.45488764308929175
4 0.42079306873017686 0.5250474941409162 0.41617385743040813 0.5527607450181932 0.388935504238475 0.5482210269943254 0.39355476510240806 0.5205078385001215
4 0.2587966540108937 0.5236501181749201 0.3198197130475364 0.45802802080162053 0.3925527422202322 0.5256584358861776 0.33153022152794165 0.5912800095052672
4 0.43359375 0.525390625 0.45703125 0.525390625 0.45703125 0.552734375 0.43359375 0.552734375
4 0.45508765752128966 0.5813274382881841 0.4532354073978695 0.5283297089315706 0.6062791893798476 0.522980729779954 0.6081320971866262 0.5759777762882134
4 0.6992187630627313 0.5654296595112942 0.6945779506149847 0.5753733364476864 0.679929496683144 0.5685374130714618 0.6845703125 0.5585937499999855
4 0.7081856520968586 0.5715306289208151 0.7433639937415819 0.5551158086662482 0.7606784994317195 0.5922185484480221 0.7255001949690723 0.6086333091871922
4 0.8351918132482297 0.5854844486913202 0.8215188575007915 0.6206404155041396 0.753845492740993 0.594323203825417 0.7675185408314746 0.5591674656525057
4 0.99800717811695 0.6584849883020051 0.8781710984882238 0.6546197585490852 0.8803582578608484 0.5868350093083498 1.0001927981776362 0.5907002142385612
4 0.8664445964476499 0.7025295864133351 0.8772178506505952 0.657289454819496 0.9197292859842037 0.667411509941891 0.9089562704855325 0.7126514347889134
4 0.5050123599090739 0.7156121635243687 0.4732658405729353 0.7140637561846727 0.4784266203612333 0.6082751354482933 0.5101724504560252 0.609823525748629
4 0.42878245878125654 0.7381630485721643 0.3748385934976568 0.7259048961626112 0.39132910545674804 0.6533486770256852 0.44527215058189995 0.6656067325130516
4 0.3384571765113833 0.7340944553822538 0.3838630166699204 0.7387267669461054 0.37006010744391915 0.8739968338211109 0.3246542787310318 0.8693645996350091
4 0.2755511871602039 0.8629377932301354 0.2288512149621056 0.8548876952843457 0.24812366422213472 0.7431112479351432 0.2948223655861284 0.7511612337182132
4 0.6839705996293333 0.7736210079930695 0.6803353091061126 0.8754756115692431 0.499968866938616 0.8690363566251514 0.503606368710166 0.7671840528905225
4 0.826186947436554 0.9058130697139926 0.7825869730576187 0.8917516389523162 0.8127777174855737 0.7981630136562123 0.8563766648748015 0.8122242658905553
4 0.803737415728051 0.9330371354239603 0.8341743731432416 0.9344860969520629 0.8309928435602387 1.0012987514806988 0.8005558871368521 0.9998498042176496
4 0.8282218016412344 1.0000555300317289 0.82776555567375 0.976780075889781 0.8805560980270002 0.975745459025517 0.8810125252329044 0.9990207282965866
4 0.27760278588868914 1.000037762808146 0.2773329544011176 0.9949121170872405 0.2966051567100294 0.9938978517530495 0.29687500236616415 0.9990234824428126
4 0.18398870381599863 1.000012371375853 0.18359375 0.9814453125000443 0.23227516147835559 0.9804099440203838 0.23267024868982844 0.9989768668872215
4 0.0078125 0.9990234375000132 0.007812894704784412 0.9570311172564596 0.05273448835157524 0.9570315887699221 0.05273437499954525 0.9990236260385885
4 0.08797652503301379 1.0000156201945896 0.08743529089679214 0.9691517968642026 0.15018989232441982 0.9680515061655349 0.15073141156301517 0.998915038896879
4 0.04292392562945224 0.8560854062687195 0.0071063040477383765 0.8605616535073284 0.001938159195674416 0.8192151523633701 0.03775540342417116 0.8147389290202558
4 0.037917452237479665 1.000635461584433 0.0361551121127377 0.9460046433876075 0.09267365535970384 0.9441819454671293 0.0944364377716056 0.9988123048782006
4 0.14480714133401307 1.0000179633200594 0.1440718551939426 0.9713407099015127 0.18285830490287935 0.9703464916270581 0.18359375360216745 0.9990235779555706
4 -0.0011356990968351965 0.9056036254414841 0.0015100233126759122 0.8729843556927654 0.045980916126495686 0.8765904590240851 0.04333540545621872 0.909209531032553
5 0.82519530350487 0.003906236056434578 0.8408203750793746 -0.011718745423105806 1.0156247411453023 0.16308628816975607 0.9999997169197741 0.17871122057848343
5 1.011147940161436 0.21342455326341483 0.9845558170512732 0.24243411920444005 0.7378869411465985 0.016321464526171385 0.7644789190793517 -0.012687922335483617
5 0.8756550722979455 0.0023240563520800944 0.8997830923226502 -0.022328413469280422 1.0241279058283226 0.09937107795766431 0.9999999242232889 0.12402351492379261
5 0.9111342590447293 0.2305616842158346 0.9324862582351443 0.20852146848129277 1.0109808731315297 0.2845636219718983 0.989628970048102 0.30660374340820823
5 0.6726767781906346 0.008255158912876322 0.700893542026165 -0.021039754625812996 0.9260282919229894 0.1958086936051405 0.897811668718191 0.22510346338724213
5 0.6821938517182389 0.31019317581139627 0.6904115977484935 0.2943061958653719 0.7711216779721326 0.33605315725639917 0.762904015099025 0.3519400660020232
5 0.2834759452896378 0.11153188838886893 0.29220654316929995 0.09461651762531731 0.3838476653010048 0.1419153596382156 0.3751171068183794 0.15883069665229632
5 0.38733202502453423 0.16368562033257475 0.40196163622761105 0.13499011200743982 0.686775802003126 0.2801920455723522 0.6721465593718676 0.30888723710732574
5 0.7894617101303538 0.35276570745651953 0.8193952755127611 0.35434107039950125 0.8124622639033987 0.48606910269669684 0.7825286994927865 0.4844937529703661
5 0 0 0.0283203125 0 0.0283203125 0.2021484375 0 0.2021484375
5 0.059481307743908474 0.005416964137979509 0.09097979105160903 0.009687932118510446 0.06265424078878823 0.21858883773208682 0.031155760767319407 0.21431788474213395
5 0.01953125 0.26171875 0.05078125 0.26171875 0.05078125 0.3251953125 0.01953125 0.3251953125
5 0.0002501904999689941 0.21681376665149016 -0.00045604552497024997 0.18644312859430184 0.04666596767617648 0.18534735568984892 0.04737224661187156 0.2157179500798847
5 0.028320311801962816 0.005859374914876755 0.05939400424233554 0.009648848353068139 0.053761311275479784 0.055836934077942026 0.022687618951408695 0.05204746152073543
5 0 0.369140625 0.041015625 0.369140625 0.041015625 0.4833984375 0 0.4833984375
5 0.04668161223685274 0.4199963995782947 0.0512380395900891 0.3721599937042551 0.18838666754129463 0.3852224051126826 0.1838306774548073 0.43305840853086414
5 0.050141343537234206 0.4829731462600323 0.04656123177755944 0.45218475362721927 0.12135838627864359 0.4434877079569128 0.12493863940028405 0.4742759363354005
5 0.3998696370781545 0.40269485249276277 0.4013613082312304 0.4995487141846954 0.14006388547772985 0.5035696937356721 0.13857398021661993 0.40671759251683737
5 1.0017319306562058 0.5743703130520872 0.9974508965358382 0.6080888598679837 0.7012127988859902 0.5704772927141671 0.7054945736549598 0.5367596432904156
5 0.6572503992208567 0.5265812739730984 0.6543335360009905 0.5601253743070542 0.5507517398478967 0.5511184994066995 0.5536688608394797 0.5175746833190711
5 0.41879012914102987 0.49857538162388093 0.4103302599108929 0.5273373305833225 0.3389538078846499 0.5063444340621115 0.3474137726994968 0.47758264801805217
5 0.4105888551866883 0.5158664871352314 0.42528900237743983 0.4776499358853046 0.49347660737612387 0.5038765006760254 0.478776716962102 0.5420928338151412
5 0.6911203747044965 0.5311582039504418 0.69158626123874 0.4851540610963774 0.9202164020973669 0.48746749800926137 0.9197513408455507 0.5334708302256498
5 0.952663806050964 0.5424348059875835 0.9572653291719462 0.47955687483451026 1.0046012722658588 0.4830207771132944 0.999999997270379 0.5458984748013557
5 0.6357421871289262 0.4863281249257896 0.6410006155878136 0.48737973376726323 0.6400240533449733 0.49226254595122115 0.634765625 0.4912109375000076
5 0.6273740819943896 0.4821978764233625 0.6315942363519298 0.49626390313943125 0.6027452095905801 0.50491862724984 0.5985250925382388 0.49085263236334103
5 0.6943360083652124 0.48144508714861406 0.6906671617306301 0.5034573933851255 0.6314399467186149 0.4935863721690857 0.6351088712607407 0.4715741634404509
5 0.5327708184776156 0.4842468652821567 0.5352846389178012 0.4565988130383935 0.6182281648802928 0.4641395105755557 0.6157145237361874 0.49178739758438056
4 0.5570526451579099 0.5238200931742537 0.5555517130558201 0.4832940096624337 0.5988949693040695 0.48168885557133384 0.6003960307660918 0.522214804544481
5 0.45397273172841324 0.43126436101531684 0.47299517275939706 0.46066077001898065 0.4423024643755298 0.480520702747261 0.42328010765515955 0.45112436798961547
5 0.09726562130242655 0.050585935732090734 0.1019922408028151 0.01749990674492678 0.20972657300399078 0.03289063964839 0.20499997932654423 0.06597664563424344
4 0.32347145072503736 0.27522007052862696 0.2801638107572444 0.2612999742831733 0.30588088107333533 0.1812918693900625 0.349188280714543 0.19521192340623408
4 0.7683821671522537 0.3737361659691222 0.7724609375 0.3574218750000292 0.7926816260270471 0.3624770846782717 0.7886028778199261 0.3787913565327318
4 0.7995311902008098 0.3281640357428912 0.8030079135902497 0.3524999876984909 0.7721094627487446 0.3569140464710723 0.768632783456269 0.33257813409755654
4 0.9516877453105508 0.4364298386064962 0.897374849874268 0.44630442355057043 0.8841406983235629 0.37351532590602987 0.9384531046799793 0.363640786823955
4 0.3146897551666825 1.0000255125403386 0.3141584964054118 0.9846208428458594 0.34321867912058224 0.9836189256286454 0.34375000310649284 0.9990235275643052
4 0.2305314874402029 1.0000194381940262 0.23007906920349797 0.9787523791317297 0.27689119028161713 0.9777567731708788 0.2773437551986717 0.9990236817935978
4 0.0009765529188143773 0.9316406248611824 0.019994301393012393 0.9319161646192243 0.019017748416217728 0.9992989745231383 0 0.9990234375000003
2 0.13183544825153604 0.5957026098429469 0.15625095547511592 0.5712898581681672 0.18261776696533616 0.5976568695293908 0.15820234254783827 0.6220695384239391