5 0.23444701291225556 0.6896350876282108 0.15489630778301944 0.608075951643478 0.3736306149791062 0.39475017868485524 0.4531793133918427 0.47630717609272477
2 0.4367210290414505 0.003674458958383004 0.48134651554426 0.0064635504982951284 0.47714007762783694 0.0737665668710357 0.43251459114549107 0.07097747646272162
2 0.43359373551402314 0.0009764641145946453 0.43359380078015874 0.06738280400761848 0.10156247530994733 0.06738276705982221 0.10156253320860742 0.0009765644218369298
2 0.6287781717538792 0.02972908762366223 0.6229188199782811 0.09418224884257466 0.5602266841035544 0.08848296436356574 0.566086068917798 0.02402984457352356
2 0.5496268185438566 0.07818671696506294 0.49351618883838455 0.07086794320051532 0.501183502512049 0.012085416557077913 0.5572940850810255 0.019404187116894237
2 0.6273709412034805 0.12674841240017432 0.6458533688376065 -0.011868182134960359 0.7443623964534254 0.0012665540439341957 0.7258801355205833 0.1398829764508406
2 0.8479859711934523 0.1231042099619008 0.811636285649115 0.11678253780415683 0.8246093814618689 0.04218750189435366 0.860958999407444 0.048509168039840574
2 0.7372614918205045 0.11650315932563095 0.7433732709960168 0.028902671001524213 0.8063841448361018 0.03329885538779219 0.8002724293835399 0.12089928978235248
2 0.8767577974620053 0.019921880284245144 0.931475255546502 0.027738643281828894 0.9171002675188902 0.12836363686887933 0.8623828112019964 0.12054688269078165
2 0.9256331783723226 0.004001439170050451 0.9652844371009905 0.012621276566337726 0.9567879908413488 0.051704928395644556 0.9171367325194524 0.043085092427177556
2 0.9802312375020392 0.1313080637608024 0.9311391114047183 0.12312606599101457 0.9399546120347395 0.07023333282188085 0.9890466613165927 0.07841532417908692
2 1.0000000146626462 0.15039062500000003 0.9843749976566869 0.15039062500000003 0.9843750224291625 0.07812500000000001 0.9999999997991154 0.078125
2 0 0.232421875 0.087890625 0.232421875 0.087890625 0.4169921875 0 0.4169921875
2 0.5154538479423536 0.4299743860197071 0.3474985275555582 0.407072195149527 0.36848896917808815 0.2531517264678335 0.5364416577654083 0.276053737658191
2 0.0009765554552814137 0.41406249993416605 0.05138833350395089 0.41453360466986766 0.050212371061888916 0.5403622830952121 -0.0001994069339161797 0.5398911826738737
2 0.3197573435842287 0.46590050553947154 0.3068093489182502 0.5426668885789806 0.12158990994873875 0.5114270311573031 0.1345387553629962 0.4346617359559385
2 0.7686833282062935 0.31292591025074723 0.7548805450409191 0.3929818042776455 0.6457193600356277 0.3741610661406824 0.6595225039772004 0.2941056453683769
2 0.7687255670967943 0.314678063554774 0.8614745013204583 0.3271075926950076 0.833268900291273 0.5375667441516431 0.7405200022221834 0.5251373857516473
2 0.8618388889300377 0.4012368194028303 0.8724192525116905 0.3407833209738976 0.9850819062759228 0.360500179618058 0.9745019978461187 0.4209532735667416
2 0.9785159097091309 0.5478498913437413 0.9715024131635346 0.5890168788268024 0.8221195263623713 0.563567964326263 0.8291334412913329 0.5224014898342427
2 0.6831419554955573 0.5243687576783675 0.6721168167223368 0.7302200735344239 0.4649098562599647 0.7191196793435191 0.4759387949984557 0.513272395434331
2 0.9843231988031675 0.6474733023723754 0.923229071847345 0.8472539244497027 0.7200959328679346 0.7851407294214938 0.7811926240806315 0.5853648501795646
2 0.17374282002310792 0.6227405351667794 0.16768703187278788 0.7408458531326454 -0.0035381380138233 0.7320654197944617 0.002519622084605544 0.6139622353937261
2 0.24140011610347756 0.7499095463531257 0.2488976511669989 0.7004412859456051 0.44086864241023704 0.7295308177922163 0.43337231714485824 0.77899799244913
2 0.3022972958489163 0.7800323776758018 0.43299780615097916 0.799831304031413 0.4196642264469119 0.8878331436454935 0.2889637671453329 0.868034440811842
2 0.5400391161610969 0.7949213742078342 0.5359378768685019 0.8331960428417107 0.472871137217453 0.8264392056672993 0.47697263915824806 0.7881648356007792
2 0.48793052563121364 0.8998001376492452 0.459277880846912 0.8955032373230438 0.4656674976505428 0.8529069027469357 0.49431981836448813 0.8572037783629632
2 0.40524961040648577 0.5134573465612852 0.44705132005083215 0.5088131438335849 0.4553163223596357 0.5831985341901074 0.4135146175136697 0.5878427079217822
2 0.09816682177074654 0.9527870435425975 0.033231123874315927 0.9773782761716742 -0.02590472436179425 0.8212587553612929 0.03902831283880914 0.7966680841649854
2 0.06563822479563441 0.8519307804698767 0.131245059628327 0.820129483716563 0.18076928387472435 0.9222757704583484 0.11516276500822187 0.9540765787056642
2 0.7318800526608129 0.92735455901938 0.7709089784564185 0.9313128735800245 0.7636382942362161 1.0029817101475125 0.724609375 0.9990234374999951
2 0.6940875992386282 1.0080931628210128 0.626953125 0.9990234374999981 0.6386389394900789 0.9125550381111239 0.7057717403826018 0.9216246496200594
2 0.873294183404596 1.0000097178541145 0.872671921528422 0.9532990831948122 0.9468511501679586 0.9523110932928782 0.9474739201137936 0.9990212107744729
2 0.4415677752691636 0.6255365424200835 0.4340128452741965 0.6689756025498172 0.33106344127600096 0.6510721494180531 0.33861871637350305 0.6076335305586124
5 0.02656967034954505 0.05034941270231292 -0.0010840820800694928 0.04554006499316134 0.007502509269897928 -0.0038327840436272057 0.03515625 0.0009765625000049338
5 0.028709962113339316 -0.0009570794205082307 0.04848474431332761 0.000031659070810623766 0.045165407180206785 0.0664184256671127 0.025390625 0.06542968749999964
5 -0.013193072065860179 0.15678464268401487 0.003137290656923142 0.05337559941355556 1.011305492012184 0.2125773590361429 0.9949785627534311 0.3159829885073588
5 0.5800782073677055 0.9990234257366206 0.5625779634423225 1.001522729753142 0.5560937615138073 0.956132509295635 0.5735937704407661 0.9536332223003665
5 0.8721974940523296 0.8726002938382565 0.887043553830722 0.8482589416896512 0.9434742848902715 0.8826686736362371 0.9286284719878495 0.9070098104569597
5 0.552924329440657 0.9413279814151477 0.5457128499942883 0.8330758334735717 0.8688823988187551 0.8115472387346477 0.8760982157081116 0.9197947173772291
5 0.9098213378614446 0.9248211894171481 0.9711964495869552 0.8887285501652585 1.0217831569856344 0.9747279788959153 0.9604084340691088 1.0108200962822262
5 0.9282765934954114 0.9261751507404662 0.964965240479728 0.9024420630551991 1.0002302122647961 0.9569433400787498 0.9635417405057751 0.9806762066316314
5 0.1521476604880263 0.5162094340338923 0.16308662424012255 0.53808449842657 0.005274040634844823 0.6169922177892545 -0.0056645349911832454 0.5951174848964287
5 -0.0023470830238920826 0.738416260809778 0.0029477620738589394 0.7006596713491089 0.23522085625097588 0.7332250501116406 0.22992711560357293 0.7709806450643765
5 0.23495373686148469 0.7468207634761724 0.18380259560956347 0.761737568978553 0.15275148519447157 0.6552747769135516 0.2039014647878048 0.6403581537647821
5 0.13300732976597374 0.5228320928730705 0.17699113389028298 0.507226527627017 0.21374463239567376 0.6108055926039588 0.16976090162438595 0.6264110101980592
5 0.19101017150649113 0.43442991174525963 0.15536374544285536 0.4358557066688045 0.15180713972222293 0.34693547966353244 0.1874531982496137 0.3455096919710742
5 0.17374329270546696 0.189547363987843 0.20810162909913288 0.19454482099913595 0.18642956174437586 0.34354089333374027 0.15207123171353487 0.3385434671522481
5 0.5968129404507181 0.42358577705901046 0.5199838628551561 0.40961735730745835 0.5466250631397997 0.26309388824270014 0.6234530047448743 0.2770622041524274
5 0.608795727959432 0.30528204505782186 0.6145074833641502 0.2576861632469536 0.653708560725704 0.26239040015695947 0.6479968950106922 0.30998619984060655
5 0.6986924006176878 0.5437584441704256 0.6624627714305689 0.5598086222725192 0.5872359252886099 0.39001212973143273 0.6234647137831644 0.3739621672013955
5 0.45059226339412817 0.7709918921880548 0.4470747284483423 0.8047654745865563 0.23832004830171627 0.7830244717285785 0.24183832154687934 0.749251723017134
5 0.41446797947253344 0.9059543624922418 0.4327002231526649 0.7905145386735336 0.475826787240635 0.7973245981483541 0.4575952766149385 0.9127637676806807
4 0.07264123028096492 0.06843449468885537 0.048152038394505325 0.03170072057179644 0.08398437273967829 0.007812502815727658 0.10847356278873121 0.04454626767159792
4 0.27748860720532775 0.06879168425999836 0.24225771914871075 0.09789543968328686 0.20785857995997503 0.056254378756788265 0.24308944512074504 0.02715063866188765
4 0.10680139646865427 0.06159355053265791 0.1091160533085258 0.017615844144654395 0.2236220248180416 0.023642557227332182 0.2213074021456123 0.06762022944054966
4 0.3532583489729859 0.06744642653874655 0.34324927102181846 0.09524941751679329 0.3061786213744426 0.08190399346800487 0.3161877051099964 0.054101015173927215
4 0.6225835317036399 -0.00004327057836063212 0.623046875 0.026367187499962103 0.5647451912884662 0.027390022922863484 0.5642818512400254 0.000979567313626853
4 0.5484374950790425 0.0759765273430893 0.5418359456811004 0.12218749856243992 0.48468748312268417 0.1140234360194596 0.4912890641710419 0.0678125029001608
4 0.6166403523045574 0.12887205021896517 0.5537755164637019 0.12494301048213252 0.5565152641088389 0.08110789471435659 0.619380012833517 0.08503693173589749
4 0.7867578140076148 0.030781250147613543 0.7618749990921287 0.027226562437278057 0.766132813607328 -0.002578124938629245 0.791015625 0.000976562500000722
4 0.8583984374204192 -5.173752780400247e-9 0.8590473271997325 0.04217751988503804 0.7931975212075031 0.04319058929867558 0.7925486409575342 0.0010130741674785934
4 0.7385750265347042 0.17039719775700563 0.7424036233582001 0.112970067736425 0.8549242840589386 0.12047157672546235 0.8510958394072077 0.17789856260908
4 0.8729349649315736 0.027273014621806937 0.8735905883333999 -0.0009185045761766678 0.92234692001432 0.00021537393764977996 0.9216912996499786 0.028406890261905637
4 0.9931640625 -5.628004010541678e-10 0.9931640631549499 0.017578124859625913 0.923828124211127 0.017578123657791423 0.9238281251272156 3.986672555151568e-10
4 0.9850658521211244 0.06903742515851057 0.9469415169327249 0.06395418325307625 0.9536026242617481 0.013995975263123983 0.9917269349323306 0.019079215490719535
4 0.9979890205962647 0.2155489143903732 0.9177366706062458 0.21278161761921544 0.9207337852142246 0.1258698686799587 1.0009857725511893 0.1286371591954915
4 0.8987622988574913 0.18891589115540075 0.8467106644574187 0.1811081976559438 0.8564883095031064 0.11592443453986116 0.9085397888270563 0.12373211630421178
4 -0.005093334855587273 0.19797169863606826 0.0009165130578594471 0.14989471449528935 0.176637589433426 0.17186019096213404 0.17062800640644582 0.2199369319676505
4 0.47168912172276123 0.23803176051788844 0.45895250570629287 0.28190224091976696 0.3497123186346016 0.2501875403602319 0.36244904469151606 0.206317239965573
4 0.5410155359232931 0.23046860834043784 0.5410156992933253 0.2919921806935946 0.46679686653828867 0.2919921935185697 0.466796885928602 0.23046880682551654
4 0.5928448887316335 0.2486899220470983 0.627572414056317 0.24483139056088823 0.6311451999534938 0.2769865008912909 0.5964176754882828 0.2808450273767863
4 0.6494140625 0.3124999999999817 0.6507566149309696 0.2644618685223339 0.8545076945287065 0.27015518297344304 0.8531655880605058 0.31819289990826427
4 0.8625323747476159 0.45630837978990846 0.8653116691835976 0.40462630564644153 0.9844226747459288 0.4110311036556228 0.9816438070844242 0.46271277059255067
4 0.30706086724262605 0.4417392102290444 0.3055098252522157 0.3936540540565202 0.3582522116242899 0.3919528696308967 0.3598034093615752 0.4400378644646463
4 0.7664063586623797 0.6294919445908843 0.7447263334854597 0.6222660608023247 0.763281200178767 0.5666019343429223 0.7849610117236807 0.5738277794889314
4 0.7477011365459703 0.6287412764557451 0.7888070236758722 0.6338787490168518 0.7741887410480786 0.7508260367035516 0.733082865149072 0.7456886276772031
4 0.8978057704302955 0.6409670688024657 0.9034965599284988 0.5938997085276975 1.0056902106700818 0.6062540149850248 0.9999999273182993 0.6533209136805747
4 0.9836411027300755 0.8318155962462368 0.9399041799882752 0.8292433384115856 0.9433662972415959 0.7703935350156849 0.9871025933848614 0.7729657743947318
4 1.0000003469106105 0.90625 0.9531248266254124 0.90625 0.9531252982013712 0.83984375 0.9999999839888005 0.83984375
4 0.5711733497148543 0.8488847076452926 0.5750583915374818 0.7854657332425108 0.7206371040709882 0.7943812382978485 0.7167532845123787 0.8577990589654061
4 0.6767268855167003 0.7546418956846913 0.6804388825130445 0.7843296981693193 0.5773139218225651 0.7972206556287943 0.5736023267361361 0.7675332176098976
4 0.6646060210360929 0.7838747370920932 0.6635145515128897 0.760954139517512 0.7259658709002679 0.7579806499443548 0.7270575001151656 0.780901078665303
4 0.24807618019644906 1.0000124730623472 0.24765054512943152 0.9005556016901927 0.47822146388898545 0.8995672514134461 0.47865040978433626 0.9990207759837643
4 -0.004478060324686339 0.8014077352153893 0.012305555068451213 0.7368371679169299 0.25255593987321845 0.7992706103336128 0.23577460530611916 0.8638392089146474
5 0.31678927081134134 0.4149895120398226 0.1710960710111067 0.3930363422049513 0.19696928271912384 0.22134093608547517 0.3426601838118586 0.24329393533463653