4 0.0007456432575736471 0.363839824523118 -0.08057389518353375 0.19641746581626596 0.06391081567119272 0.12624020568128747 0.14523062998034675 0.29366171054095824
4 0.02850926614803484 0.4532160541684785 -0.014097705070980737 0.3805357945267715 0.14479666332124452 0.2873917536547537 0.18740362905543861 0.3600712651540894
4 0.7441406279548346 0.01855468485628646 0.7092578118039228 0.0497656241274582 0.6875480770195281 0.02550180160229351 0.7224308883743333 -0.005709133832245755
4 0.6632328511578862 -0.030007362347072873 0.7044924381352757 0.032778835216481596 0.5009341868546926 0.16654556157173941 0.45967476995508605 0.10375951962903303
4 0.5141989895282677 0.29467702295874043 0.4865593989632089 0.2400256144342813 0.7492820891733345 0.10715653627182581 0.7769217198625711 0.16180739028868557
4 0.5541498233639004 0.41968839143616976 0.5005287055545296 0.4311782443374812 0.468602486468626 0.28218813961087796 0.5222227399942767 0.27069838378175737
4 0.580598656489542 0.3647088404116392 0.5671588355933181 0.3159015479221219 0.6884005706506287 0.2825166873074456 0.7018405783868502 0.33132367462174117
4 0.6757809144197608 0.3544918458574549 0.6992189018619683 0.33105480598784076 0.7226564327488632 0.35449243158644406 0.6992184874438863 0.37792942940049884
4 0.7510902309812764 0.11514462144218199 0.8114619683919955 0.03701727100676725 0.9198006155074836 0.12073415967294394 0.8594291096395636 0.1988613011498476
4 0.9521436138610397 0.06513600408589462 0.9834390787289067 0.10747676881771169 0.9341238435806645 0.14392712493512114 0.9028284237491562 0.10158640136143587
4 1.000000245423962 0.8427734375 0.9667966436355755 0.8427734375 0.966797024421453 0.765625 0.9999999968534894 0.765625
4 0.9051943205288353 0.6526713370338348 0.9227416432975133 0.6340299890088451 0.9672452171851091 0.6759161904643284 0.9496980122720515 0.6945574233052076
4 0.8176764052632279 0.7335967213029362 0.7835949751390672 0.696793649432771 0.8699798219695367 0.6168087198028723 0.9040608852991454 0.6536113434155864
4 0.8127160168772889 0.7767928259039323 0.7805977034664693 0.8108521748641037 0.7138905645442719 0.7479574866045229 0.7460085634711504 0.713898501971019
4 0.8727669754008502 0.7939926159443992 0.8521823208595833 0.7722007537510199 0.9244737614752694 0.7039259932476625 0.9450582015190321 0.7257176075052323
4 0.8481944740223071 0.8551350954613196 0.809112034128475 0.8459411164077314 0.8240456851189037 0.7824747559202537 0.8631275119530528 0.7916686596040602
4 1.000000056925046 0.6884765608737916 0.9846107635410135 0.6889161952593841 0.9836342520267181 0.6547365078402565 0.9990234375 0.6542968750000008
4 0.8173803423143227 0.8964806652583119 0.865239527989047 0.8486350692704275 1.0019546555091665 0.9853538450285793 0.9540968002395402 1.0331981168692566
4 0.6743430216899924 0.7717562440209472 0.6847627974343595 0.7312433774367434 0.7471548459407131 0.7472875986496652 0.7367354214683246 0.7878001623480394
4 0.6816408792518587 0.6943362624089379 0.6335930984470224 0.7103499277597255 0.6189450658229134 0.666405200618876 0.6669924196252168 0.6503916126273233
4 0.3518831427825262 0.6270258132455128 0.39714520916413676 0.6776059108180524 0.34930171947610233 0.7204128517460433 0.3040400018409173 0.6698330879308808
4 0.4824217956532948 0.7597653191162197 0.4824221782055247 0.8203125182724893 0.42773436138816123 0.8203124709484951 0.42773437705795914 0.7597656692455301
4 0.4958079929823498 0.8075531415768794 0.5548632701126053 0.8211783531832172 0.5405111649727132 0.8833707333902714 0.4814559255419226 0.8697456337940977
4 0.16796875 0.59375 0.23828125 0.59375 0.23828125 0.71484375 0.16796875 0.71484375
4 0.0011239240029681241 0.6146116110296747 -0.039044205606955984 0.5321635624397477 0.1782615258974829 0.42630107792191607 0.21843002263267408 0.5087476308120292
4 1.0000000000254659 0.0009765604393269412 0.9996386667660317 0.030244864376052883 0.9179333303451358 0.02923615577438233 0.918294669182842 -0.00003214505314998056
4 0.8921070755823166 0.030009190981588017 0.8900735297779647 0.0035730682334114954 0.9214384193396654 0.001160387013867133 0.9234719669468632 0.027596507638560537
4 0.9765625404975253 0.15136720260585101 0.9570312222423354 0.1708984052026908 0.9335937064516884 0.14746089276830793 0.9531250100538955 0.12792970478413776
2 -0.0004254762712889715 0.581300385996561 0.17308929891726166 0.5796480929044299 0.17469928619925668 0.7486989708521489 0.0011845096438491964 0.7503512358300636
2 -0.010002487755969014 0.8383935157868938 0.0012399528462765375 0.7533112982850122 0.16962424769394602 0.7755552082058522 0.15838375568910124 0.8606356982966148
2 0.0009765504330516706 0.8652343748644515 0.12918632297726163 0.8666745614492902 0.12820977216051688 0.9535886066986555 0 0.9521484375000007
2 0.2437295155573338 0.8547542135176653 0.2517582539488785 0.773349175648121 0.34168967036930553 0.7822171366126552 0.3336619292523437 0.8636212493898244
2 0.517762968651823 0.8804536093400845 0.42717580559849466 0.9650845209547554 0.2207462687916859 0.7441674614650754 0.31132968994984367 0.6595397339901288
2 0.40815675122667017 0.8959133224962857 0.3963214035047713 0.9984784500572834 0.23263411849313798 0.9795918590745135 0.24447155888469752 0.8770291261853072
2 0.6016424961500206 0.9418567693993604 0.5917985524865799 1.0074707967837813 0.4948568141494434 0.9929298200578762 0.5047015324382755 0.9273167374963268
2 0.9433572089890276 0.6924906769229062 0.8212990186742672 0.8079346044856145 0.7824022842755767 0.7668151580227575 0.9044596508255154 0.6513719538053298
2 0.9880562566802382 0.6786735377841349 1.033332033055558 0.7232380251596002 0.8850419532866454 0.873865770735227 0.8397672679694779 0.8293023924591045
2 0.9640788335171919 0.9565280933410959 0.9099544130033337 0.8988097034582812 0.9829130511647008 0.8304111804636988 1.037036791162791 0.8881287770395527
2 1.0000003174521908 0.99609375 0.9511716136612449 0.99609375 0.9511723299178811 0.923828125 0.9999999956514785 0.923828125
2 0.9443365141487448 0.8632806000686862 0.9257797813320394 0.844727721224875 0.9648430614373638 0.8056647836901256 0.9833996633285551 0.8242175316799012
2 0.8107990481320257 0.6494188551951976 0.8429887026535425 0.6828179204646699 0.7715636497871401 0.7516458471159548 0.7393743533374391 0.7182471360183639
2 0.9118318042168312 0.6175738795188233 0.8813125202871106 0.5891262392679315 0.9624822414732535 0.5020542213116682 0.9930011808306745 0.5305015691019127
2 0.9426607627528938 0.36523563463187286 1.0110433012296198 0.4356121073076452 0.74798560537306 0.691192326326124 0.679605119771395 0.6208179127133974
2 1.0001899592233485 0.657770953047891 0.9534009068029263 0.6583947372994146 0.9522351627728085 0.5709362790138761 0.9990234375 0.5703124999999994
2 0.8582837375956842 0.2221966000838661 0.7134528988194688 0.31436023568897203 0.6916584370030705 0.2801116229837737 0.8364889358393839 0.1879481328299858
2 0.5242072645509097 0.2766084175559819 0.5591567304506952 0.273920080937227 0.5646599271445893 0.34546186487756425 0.5297104623101632 0.3481501922954511
2 0.5579004647972852 0.4160756277474967 0.5324867687547794 0.37697919717829903 0.5790326824476324 0.34672451614246885 0.6044463578684827 0.3858208209085822
2 0.7094678813584778 0.46698358680878727 0.6855907419707137 0.48190605435481165 0.6300140455981591 0.3929838216052647 0.6538909358530418 0.378061456722546
2 0.6135680869689395 0.39142898065444265 0.6271833049710267 0.4141194876407597 0.5447498292936643 0.46357985447142686 0.5311347743147508 0.4408894896200273
2 0.8543335317218634 0.24704394538672 0.8949805342541595 0.3039481462418785 0.836413107004546 0.34578187644680175 0.7957663105481743 0.28887786084104844
2 0.8183460131169795 0.3606764748908776 0.7718441929841902 0.40345662996265513 0.719020353443625 0.3460393800066786 0.7655219488154898 0.30325940988522326
2 0.568387371366839 0.499162009649523 0.5491513387257783 0.45285525960983647 0.6386639712441138 0.4156736183382437 0.6579001122220234 0.4619800527022578
2 0.6076951111228936 0.5709974903162868 0.5645665789195391 0.5043498318350852 0.6521087248250979 0.4477048471312535 0.6952371608711019 0.5143519565910291
2 0.712259321906231 0.3330338276442486 0.7758667039208831 0.40642345837464244 0.716232119007941 0.4581063905025705 0.6526251069305999 0.3847171110516828
2 1.000000088748834 0.20703125 0.9628905516549366 0.20703125 0.9628906655553919 0.07812499999999997 0.9999999979361291 0.078125
2 1.0000001323002152 0.5400390625 0.9687499182854253 0.5400390625 0.9687501171235908 0.46875000000000006 0.9999999902721584 0.46875000000000006
2 0.6451147899233547 0.6500477911356614 0.6755395909550543 0.6220611921922397 0.7452565585469983 0.6978417593430314 0.7148320428339048 0.7258280620559014
5 0.24727700128494234 0.29871821386076075 0.179398547599817 0.34365845829040237 -0.03316406152328 0.02260356214910437 0.034713295351480156 -0.022336170034826384
5 0.11411568095775237 0.00008048316137381543 0.15818051971473324 -0.024871602433113173 0.31898049712754073 0.2590964056848281 0.2749157714241619 0.2840483210217183
5 0.32335250205903776 0.12461807708022138 0.30112598972743854 0.14484221788861737 0.1735802385593388 0.004668478648707022 0.19580669410174778 -0.015555616525065966
5 0.349629229210791 0.2531532299395059 0.3096254312417841 0.2475875037874475 0.3447899536946579 -0.005154231519377876 0.38479328993969375 0.0004114583267546004
5 0.39453125 0 0.466796875 0 0.466796875 0.2099609375 0.39453125 0.2099609375
5 0.40327453386157686 0.20966122229215223 0.3762234739505175 0.23524982554616913 0.3293943157615331 0.18574479826691634 0.3564453125 0.16015625000003056
5 0.588710833754476 0.599826676144999 0.46887966205440534 0.6442478960038797 0.3420890044628777 0.3022324017520618 0.4619140625 0.25781249999999767
5 0.3545383138283569 0.4293752235510306 0.316012920422736 0.4279993760838902 0.3200401999008591 0.3152456190130652 0.3585650923093908 0.3166214574217879
5 0.39878269415748946 0.3839865872520666 0.3707106002115097 0.39970637184434377 0.33262581861026774 0.3316978257294953 0.36069771378083715 0.3159781114987141
5 0.21434742501651272 0.37895491853113705 0.34333282263185083 0.39185129436224897 0.28439408456370074 0.9812685961314572 0.155408782338327 0.9683729944827705
5 0.23636633160026577 0.37651408081671467 0.30897109224781616 0.3412511452723691 0.3758378008120644 0.4789197897646296 0.3032332756023379 0.5141823696069646
5 0.0003051283091508594 1.000004892093185 -0.0005104751645603756 0.8877520116402462 0.16013391507556207 0.8865840147542349 0.1609520938653759 0.9988343432310647
5 0.14999919900355962 0.9835935273889362 0.15394538953705705 0.9668283042420021 0.22993180144931102 0.9847084430269364 0.2259858378070021 1.0014734694742138
5 0.5451786415600282 0.8547984018221895 0.5917044511602398 0.8076449616697566 0.7686045989640888 0.9821472520698539 0.7220804274860484 1.029299061737295
5 0.9114828477800074 0.9964633068838281 0.837631918356692 1.0541104194928057 0.509628138959215 0.6339975096985986 0.5834719859738016 0.576354651910343
5 0.8672443671863448 0.006819134744335339 1.0508551766978371 0.08587901460289948 0.7929405510482184 0.684845369716378 0.6093311711723572 0.6057881930893607
5 0.4782281779874893 0.1714191083818973 0.3970790396248276 0.10007308159705976 0.5456472698542711 -0.06890807629716483 0.6267960779916848 0.0024376955724471783
5 0.5884763766920287 0.5841792735856176 0.6189461709724355 0.5689462436381256 0.6574225923649237 0.6459000280484829 0.6269528793689005 0.6611329352996574
5 0.16208230535073653 0.48556616994351176 0.20543597043069894 0.5397520170465919 0.04216150472541358 0.6703721950129553 -0.0011910724563222175 0.6161873495674803
4 0.9990234322192464 0.017578113382452066 1.020628243990359 0.06510862246026539 0.9516133367593511 0.09647901193828451 0.9300085604277228 0.04894853275345345
4 0.7448612444466107 0.144206576956532 0.801847134742161 0.1543825095623029 0.7838429104483566 0.25520620296470437 0.7268570273524801 0.24503030217495944
5 0.5914674807088431 0.8139590243318954 0.5266718702878279 0.8648136740959811 0.26794752675141353 0.53521205920244 0.3327392062500394 0.48435980156248004
5 0.5546875644599822 0.9169922321152709 0.5240131128363146 0.895761191524423 0.5478515625 0.8613281249999932 0.5785257656605154 0.8825590452411904
5 0.6796877732384701 0.9990231467155172 0.6571489594724653 1.0230092075349055 0.6162162004222864 0.9845575060435109 0.6387548415144693 0.9605716477458492