1 0.8417961301864807 -0.0000068462531136801374 0.8417994666849609 0.4541053016203371 0.026358560942071563 0.45409508980333113 0.0263671875 5.548577034146901e-14
1 1.0009759256699908 0.21663852309905607 0.7985523328251247 0.21846215285284712 0.7965856470253811 0.00009938325617526459 0.9990078975500865 -0.001724240797046403
1 0.0002994249754237899 0.5182851544112304 -0.06064797482099493 0.17559123022057727 0.22708225935298287 0.12442128158734407 0.28803356191872354 0.467109988751515
1 0.00027608391076228145 0.6940014434239518 -0.02875611454430782 0.5237899228868705 0.36724182425552954 0.45624863616438427 0.3962787852792644 0.6264542096470931
1 0.0005749514895114771 0.5197418400952368 -0.06218226925216186 0.17697212017609987 0.22822642463120246 0.12380438574499923 0.2909876790756698 0.4665685494847984
1 0.5444370234431517 0.5998945138541927 0.6045393626446867 0.9443432693630828 0.008590727182991031 1.0482775085830727 -0.05148163845296949 0.70385638851496
4 1.0000352875595127 0.9990234375 0.3808312788778494 0.9990234375000003 0.3808733153009598 0.23046874999999978 0.9999940841813668 0.2304687499999998
6 0.5992188831668273 0.36738272882899836 0.589648298966722 0.3482421648096768 0.6376952638587454 0.32421878763778794 0.6472658569160785 0.3433592968954654
6 0.6835960027090096 0.9990219253168451 0.6633991922331006 1.0125794758414337 0.5430322427944247 0.8333132378000037 0.5632282001737394 0.8197560777496377
6 0.6908212215648746 0.31992916531253907 0.6792905374491056 0.28339361353472386 0.9931467525468634 0.184340553485651 1.0046776742643715 0.22087560520811492
6 -0.01188331687160371 0.008601992699715212 0.22912689418956234 -0.15261073232216413 0.7620653249031193 0.6441083236383821 0.5210630044235813 0.805312158095986
6 0.009021904204928433 1.050159955585164 -0.051918605270202534 0.7047441474768436 0.5452747580045525 0.5993870549348501 0.6062363836400664 0.944778605867699