2 0.4804895393465358 0.4061876521010629 0.5063411641179982 0.3338074697216014 0.5886817469024663 0.36321539482653914 0.5628305646497438 0.4355951987853708
2 0.4821117057235824 0.5372520903740917 0.496251653764034 0.49887589429755086 0.5433166367001832 0.5162158595983815 0.5291768710264932 0.5545919009390223
2 0.7434030364867112 0.23163133686301285 0.7938437094155688 0.24688051830266167 0.779927949068906 0.2929095861268197 0.729487289007352 0.2776604341026376
2 0.8033203776631126 0.22773436498923227 0.725390473415132 0.20175797562118505 0.7505860176919441 0.12617207032700722 0.828515614439425 0.15214840359593243
2 0.9138996834700492 0.3398475768321919 0.8005499244644625 0.32635383830640347 0.8188374394467246 0.17274584505209242 0.9321858052807102 0.18623949813178495
2 0.6730213144987829 0.06732905425118171 0.6536510912460471 0.13424456459428213 0.5650627576710576 0.1086006176823149 0.5844330303423249 0.041685183885579416
2 0.59768140138533 0.1887092715055393 0.6486813330136556 0.20765182280219124 0.6284817142244492 0.26203537356142664 0.5774818021375268 0.2430928600080692
2 0.6237980548672795 0.13559195112332073 0.6614783783585381 0.14586830943303866 0.6457031439259708 0.20371087436987603 0.6080228264544303 0.19343453191073687
2 0.6793356555177752 0.19522478645195476 0.7094388246337076 0.2044398928734452 0.6930500089699763 0.2579767410284591 0.662946847484136 0.24876165240028916
2 0.42665203441799804 0.03768336847405988 0.45645554990733217 0.047928302904747415 0.4267433261070437 0.1343638885565993 0.3969398165218081 0.12411896629649874
2 0.4150390624765805 -1.6147957165144135e-9 0.41543239651912245 0.027139906147754193 0.3479646797513851 0.028117697541377277 0.3475713495280388 0.0009777929471824532
2 0.17801080315075524 0.32915383331995673 0.12642408961539786 0.3053452228749997 0.15231986377477824 0.24923798265656968 0.203906333399118 0.2730465271218171
2 0.09661540940476243 0.3902043763329228 0.11153535264304537 0.3582346491803716 0.13794505958935588 0.37055927427827384 0.12302518015599162 0.40252894702878095
2 0.08225875225423351 0.29659398021316924 0.03516948392621089 0.27893588235073496 0.05547676139451596 0.22478346234607552 0.1025658348869456 0.24244151969866598
2 0.0009765621375663613 0.02343749999364182 0.027524038345973167 0.023903244714975416 0.02651622620078342 0.08134855726216658 -0.000031250009442373994 0.08088281275299622
2 -0.00004179861923603312 0.2131984081484603 0.00895625779060083 0.2126360388388714 0.010951179267181033 0.24455481894337877 0.0019531229200993039 0.24511718762999116
5 -0.008050420687709448 0.1411302269773936 0.0012836397967248558 0.11179978582916311 1.0093205001592196 0.4325757986961917 0.9999880354733932 0.46190487899231847
1 0 0.9999999999999514 0.00014951363596082956 0.2330868047364378 1.0000773517233483 0.23327739829628003 0.9999999908778818 1.0001145859530485
4 0.25805953899907763 0.18914576436875824 0.02047866513214558 0.11179381968395134 0.08206144312987362 -0.07735179492065197 0.3196414812499597 -2.2114794269551013e-15
2 0.2844515763688378 0.1055696594885404 0.3371376819802663 0.11943433593851291 0.32247523998455563 0.1751516453541936 0.2697891406249937 0.1612869859374868
1 0.9999864070221065 0.42081240972366796 0.4002735351325555 0.4207829296798537 0.4002987945490304 -0.00002947983092991665 1 -9.93923337957349e-17
4 0.5366455796616947 0.10556958389744069 0.6122130522466023 0.1342848452502293 0.555706979687443 0.2829853484374902 0.4801395774328512 0.2542702221639093
3 0.3196435546875 0.03958984375 0.3900244140625 0.03958984375 0.3900244140625 0.10556640625 0.3196435546875 0.10556640625
3 0.31084400937504597 0.20234185468751453 0.3322921271853829 0.12513058040632455 0.4149474281249468 0.14809077812504545 0.393499516053339 0.22530187669855967