0 0.013565174004192873 0.25183236261980835 0.02466395387840671 0.33076489456869007 0.08077444863731656 0.3392219504792332 0.0665926750524109 0.2546513817891374 0.0758416572327044 0.16632211980830672 0.024047354297693918 0.16632211980830672 0.013565174004192873 0.25183236261980835
0 0.12331976834381551 0.16726179233226837 0.08015784905660378 0.1597444089456869 0.06967566876310273 0.2631084376996805 0.08200764570230608 0.3364029313099042 0.12578616352201258 0.3354632587859425 0.11222098951781971 0.2584100734824281 0.12331976834381551 0.16726179233226837
0 0.12455296540880502 0.15880473642172524 0.11530398322851153 0.2631084376996805 0.1276359601677149 0.3401616230031949 0.1707978784067086 0.3401616230031949 0.15538290775681343 0.2565307268370607 0.16648168658280924 0.16162375559105432 0.12455296540880502 0.15880473642172524
0 0.15788784067085954 0.2595846645367412 0.1736111111111111 0.336461661341853 0.21816037735849056 0.3314696485623003 0.20571278825995806 0.26956869009584666 0.21816037735849056 0.16373801916932906 0.17099056603773585 0.16573482428115016 0.15788784067085954 0.2595846645367412
0 0.08123689727463312 0.46126198083067094 0.09040880503144653 0.3634185303514377 0.03537735849056604 0.3684105431309904 0.02489517819706499 0.4692492012779553 0.0379979035639413 0.5391373801916933 0.08778825995807128 0.5351437699680511 0.08123689727463312 0.46126198083067094
0 0.13626834381551362 0.3654153354632588 0.09106394129979035 0.3634185303514377 0.08254716981132075 0.4682507987220447 0.09171907756813417 0.5471246006389776 0.13954402515723272 0.544129392971246 0.1264412997903564 0.4682507987220447 0.13626834381551362 0.3654153354632588
0 0.1860587002096436 0.3634185303514377 0.13954402515723272 0.36142172523961663 0.1303721174004193 0.46325878594249204 0.1434748427672956 0.5461261980830671 0.18736897274633124 0.5431309904153354 0.17295597484276728 0.46425718849840253 0.1860587002096436 0.3634185303514377
0 0.22929769392033544 0.36741214057507987 0.18474842767295596 0.3654153354632588 0.17426624737945492 0.4692492012779553 0.18933438155136267 0.544129392971246 0.2319182389937107 0.5411341853035144 0.22274633123689727 0.4702476038338658 0.22929769392033544 0.36741214057507987
0 0.25484800838574423 0.8097044728434505 0.19326519916142557 0.8136980830670927 0.1821278825995807 0.915535143769968 0.19523060796645703 0.994408945686901 0.2555031446540881 0.9914137380191693 0.245020964360587 0.915535143769968 0.25484800838574423 0.8097044728434505
0 0.13954402515723272 0.9135383386581469 0.1519916142557652 0.9884185303514377 0.18867924528301888 0.9884185303514377 0.177541928721174 0.9105431309904153 0.18867924528301888 0.8126996805111821 0.15068134171907757 0.810702875399361 0.13954402515723272 0.9135383386581469
0 0.13561320754716982 0.9115415335463258 0.1487159329140461 0.8186900958466453 0.10023584905660378 0.8176916932907349 0.08909853249475891 0.9115415335463258 0.09958071278825996 0.983426517571885 0.14806079664570232 0.9844249201277955 0.13561320754716982 0.9115415335463258
0 0.04520440251572327 0.9175319488817891 0.057651991614255764 0.9844249201277955 0.09696016771488469 0.9874201277955271 0.0845125786163522 0.9125399361022364 0.09892557651991614 0.8126996805111821 0.05568658280922432 0.8176916932907349 0.04520440251572327 0.9175319488817891
0 0.3675314465408805 0.8885782747603834 0.3747379454926625 0.7987220447284346 0.3747379454926625 0.7468051118210862 0.3275681341719078 0.7468051118210862 0.3125 0.9005591054313099 0.3242924528301887 0.9714456869009584 0.3819444444444444 0.972444089456869 0.3675314465408805 0.8885782747603834
0 0.4179769392033543 0.810702875399361 0.4179769392033543 0.7507987220447284 0.3747379454926625 0.7478035143769968 0.3760482180293501 0.8136980830670927 0.3668763102725367 0.8925718849840255 0.3839098532494759 0.9744408945686901 0.4264937106918239 0.9694488817891374 0.41077044025157233 0.8905750798722045 0.4179769392033543 0.810702875399361
0 0.45794025157232704 0.7507987220447284 0.4186320754716981 0.7488019169329073 0.4186320754716981 0.8126996805111821 0.4114255765199161 0.8925718849840255 0.4264937106918239 0.9754392971246006 0.4684224318658281 0.9714456869009584 0.45269916142557654 0.891573482428115 0.4592505241090147 0.8037140575079872 0.45794025157232704 0.7507987220447284
0 0.5037997903563941 0.8047124600638977 0.5024895178197065 0.7498003194888179 0.45990566037735847 0.7498003194888179 0.4592505241090147 0.8126996805111821 0.4533542976939203 0.8985623003194888 0.46973270440251574 0.9774361022364217 0.5083857442348009 0.9744408945686901 0.4985587002096436 0.889576677316294 0.5037997903563941 0.8047124600638977
0 0.547038784067086 0.8057108626198083 0.5437631027253669 0.7507987220447284 0.5051100628930818 0.751797124600639 0.5037997903563941 0.8097044728434505 0.5024895178197065 0.8925718849840255 0.51166142557652 0.972444089456869 0.5535901467505241 0.9694488817891374 0.5372117400419287 0.8875798722044729 0.547038784067086 0.8057108626198083
0 0.5994496855345912 0.797723642172524 0.5902777777777778 0.7458067092651757 0.5463836477987422 0.7468051118210862 0.5463836477987422 0.8146964856230032 0.5385220125786163 0.8855830670926518 0.5562106918238994 0.9734424920127795 0.6007599580712788 0.9684504792332268 0.585691823899371 0.8905750798722045 0.5994496855345912 0.797723642172524
0 0.3223270440251572 0.4652555910543131 0.3341194968553459 0.358426517571885 0.26860587002096437 0.3514376996805112 0.26336477987421386 0.46325878594249204 0.27581236897274636 0.5341453674121406 0.2849842767295597 0.5431309904153354 0.2830188679245283 0.5890575079872205 0.32822327044025157 0.5860623003194888 0.3295335429769392 0.520167731629393 0.3223270440251572 0.4652555910543131
0 0.36884171907756813 0.4652555910543131 0.37866876310272535 0.3624201277955272 0.3341194968553459 0.3624201277955272 0.3256027253668763 0.4662539936102236 0.33149895178197064 0.5321485623003195 0.33084381551362685 0.590055910543131 0.3721174004192872 0.5880591054313099 0.3721174004192872 0.5221645367412141 0.36884171907756813 0.4652555910543131
0 0.40814989517819705 0.4652555910543131 0.41994234800838576 0.3604233226837061 0.38063417190775684 0.3564297124600639 0.37080712788259956 0.4692492012779553 0.3747379454926625 0.5351437699680511 0.37342767295597484 0.5960463258785943 0.4147012578616352 0.590055910543131 0.41535639412997905 0.5271565495207667 0.40814989517819705 0.4652555910543131
0 0.4513888888888889 0.46425718849840253 0.4605607966457023 0.35742811501597443 0.42059748427672955 0.3564297124600639 0.4094601677148847 0.4682507987220447 0.41601153039832284 0.5341453674121406 0.41535639412997905 0.5930511182108626 0.45466457023060797 0.5940495207667732 0.4612159329140461 0.5301517571884984 0.4513888888888889 0.46425718849840253
0 0.46318134171907754 0.3604233226837061 0.4520440251572327 0.4672523961661342 0.4605607966457023 0.5221645367412141 0.4585953878406709 0.5910543130990416 0.4985587002096436 0.5940495207667732 0.5051100628930818 0.53314696485623 0.49528301886792453 0.47324281150159747 0.5070754716981132 0.36142172523961663 0.46318134171907754 0.3604233226837061
0 0.5096960167714885 0.36142172523961663 0.49724842767295596 0.4702476038338658 0.5051100628930818 0.5271565495207667 0.4992138364779874 0.5890575079872205 0.5417976939203354 0.5890575079872205 0.5444182389937107 0.5371405750798722 0.5365566037735849 0.47424121405750796 0.5496593291404612 0.3664137380191693 0.5096960167714885 0.36142172523961663
0 0.5516247379454927 0.3624201277955272 0.535901467505241 0.47324281150159747 0.5450733752620545 0.5321485623003195 0.5417976939203354 0.5970447284345048 0.5876572327044025 0.6010383386581469 0.589622641509434 0.5451277955271565 0.6027253668763103 0.5431309904153354 0.5843815513626834 0.4672523961661342 0.5935534591194969 0.3654153354632588 0.5516247379454927 0.3624201277955272
0 0.30922431865828093 0.2515974440894569 0.31577568134171907 0.1667332268370607 0.31381027253668764 0.11082268370607029 0.26270964360587 0.11281948881789138 0.2653301886792453 0.14976038338658146 0.2528825995807128 0.14976038338658146 0.2456761006289308 0.24460862619808307 0.2672955974842767 0.32248402555910544 0.31905136268343814 0.3214856230031949 0.30922431865828093 0.2515974440894569
0 0.35835953878406707 0.15475239616613418 0.355083857442348 0.11581469648562301 0.3151205450733753 0.11880990415335463 0.3151205450733753 0.1667332268370607 0.31053459119496857 0.2515974440894569 0.3203616352201258 0.3284744408945687 0.3629454926624738 0.3254792332268371 0.35115303983228513 0.24860223642172524 0.35835953878406707 0.15475239616613418
0 0.4009433962264151 0.15874600638977635 0.3996331236897275 0.12080670926517571 0.35573899371069184 0.11581469648562301 0.3570492662473795 0.16773162939297126 0.35311844863731656 0.2545926517571885 0.36491090146750527 0.3314696485623003 0.41077044025157233 0.3264776357827476 0.3943920335429769 0.25359424920127793 0.4009433962264151 0.15874600638977635
0 0.44483752620545075 0.16573482428115016 0.4395964360587002 0.11880990415335463 0.40028825995807127 0.11681309904153354 0.39897798742138363 0.1647364217252396 0.3963574423480084 0.2545926517571885 0.4114255765199161 0.33246805111821087 0.4520440251572327 0.3294728434504792 0.43697589098532497 0.2496006389776358 0.44483752620545075 0.16573482428115016
0 0.4441823899371069 0.11980830670926518 0.4441823899371069 0.16773162939297126 0.4389412997903564 0.25259584664536744 0.4533542976939203 0.3334664536741214 0.4913522012578616 0.3314696485623003 0.47955974842767296 0.25758785942492013 0.48807651991614254 0.17072683706070288 0.48283542976939203 0.11980830670926518 0.4441823899371069 0.11980830670926518
0 0.5404874213836478 0.15375399361022365 0.5293501048218029 0.150758785942492 0.5286949685534591 0.11880990415335463 0.4861111111111111 0.11880990415335463 0.48807651991614254 0.17072683706070288 0.48283542976939203 0.2585862619808307 0.49462788259958074 0.33246805111821087 0.5411425576519916 0.3304712460063898 0.5273846960167715 0.2565894568690096 0.5404874213836478 0.15375399361022365
0 0.5870020964360587 0.27256389776357826 0.6066561844863732 0.31549520766773165 0.6341719077568134 0.3164936102236422 0.6315513626834381 0.2705670926517572 0.6348270440251572 0.2106629392971246 0.6033805031446541 0.20666932907348243 0.5870020964360587 0.27256389776357826
0 0.6387578616352201 0.20866613418530353 0.6335167714884696 0.2705670926517572 0.6374475890985325 0.3254792332268371 0.6525157232704403 0.3264776357827476 0.6590670859538784 0.2106629392971246 0.6387578616352201 0.20866613418530353
0 0.6878930817610063 0.21665335463258786 0.6610324947589099 0.20766773162939298 0.6584119496855346 0.266573482428115 0.6525157232704403 0.3424520766773163 0.6885482180293501 0.3404552715654952 0.6800314465408805 0.266573482428115 0.6878930817610063 0.21665335463258786
0 0.7167190775681341 0.2036741214057508 0.6905136268343816 0.20467252396166133 0.6787211740041929 0.2545926517571885 0.6872379454926625 0.31549520766773165 0.7167190775681341 0.3144968051118211 0.7121331236897275 0.2645766773162939 0.7167190775681341 0.2036741214057508
0 0.7481656184486373 0.20766773162939298 0.7180293501048218 0.20467252396166133 0.7147536687631028 0.26357827476038337 0.7193396226415094 0.31849041533546324 0.7448899371069182 0.31349840255591055 0.73833857442348 0.26557507987220447 0.7481656184486373 0.20766773162939298
0 0.7763364779874213 0.20766773162939298 0.7488207547169812 0.20467252396166133 0.742269392033543 0.26956869009584666 0.749475890985325 0.32048722044728434 0.7769916142557652 0.31349840255591055 0.7665094339622641 0.26357827476038337 0.7763364779874213 0.20766773162939298
0 0.8038522012578616 0.2036741214057508 0.7789570230607966 0.20467252396166133 0.7697851153039832 0.266573482428115 0.7789570230607966 0.31849041533546324 0.8051624737945493 0.3144968051118211 0.7986111111111112 0.2545926517571885 0.8038522012578616 0.2036741214057508
0 0.6531708595387841 0.5700878594249201 0.699685534591195 0.5670926517571885 0.7009958071278826 0.5411341853035144 0.7088574423480084 0.5241613418530351 0.6983752620545073 0.4722444089456869 0.7127882599580713 0.38937699680511184 0.6538259958071279 0.3863817891373802 0.6531708595387841 0.5700878594249201
0 0.7389937106918238 0.4772364217252396 0.7534067085953878 0.38538338658146964 0.7147536687631028 0.38538338658146964 0.7003406708595388 0.4772364217252396 0.7062368972746331 0.5261581469648562 0.7068920335429769 0.5750798722044729 0.7455450733752621 0.579073482428115 0.7553721174004193 0.5281549520766773 0.7389937106918238 0.4772364217252396
0 0.7855083857442348 0.4722444089456869 0.7973008385744235 0.393370607028754 0.7540618448637316 0.38738019169329074 0.7416142557651991 0.4692492012779553 0.7501310272536688 0.5301517571884984 0.7481656184486373 0.577076677316294 0.7868186582809225 0.5740814696485623 0.7959905660377359 0.520167731629393 0.7855083857442348 0.4722444089456869
0 0.8031970649895178 0.38937699680511184 0.7874737945492662 0.47324281150159747 0.7979559748427673 0.5231629392971247 0.7900943396226415 0.5700878594249201 0.8457809224318659 0.5730830670926518 0.845125786163522 0.3913738019169329 0.8031970649895178 0.38937699680511184
0 0.699685534591195 0.8825878594249201 0.710167714884696 0.8176916932907349 0.6983752620545073 0.7567891373801917 0.6597222222222222 0.7537939297124601 0.6472746331236897 0.7817492012779552 0.6564465408805031 0.8176916932907349 0.6551362683438156 0.9434904153354633 0.7114779874213837 0.9424920127795527 0.699685534591195 0.8825878594249201
0 0.7540618448637316 0.810702875399361 0.7514412997903563 0.7577875399361023 0.702961215932914 0.7567891373801917 0.7088574423480084 0.8146964856230032 0.7009958071278826 0.8825878594249201 0.7121331236897275 0.9794329073482428 0.7645440251572327 0.9644568690095847 0.7442348008385744 0.8736022364217252 0.7540618448637316 0.810702875399361
0 0.7979559748427673 0.8047124600638977 0.7927148846960168 0.7597843450479234 0.7534067085953878 0.7597843450479234 0.7579926624737946 0.8057108626198083 0.7468553459119497 0.8835862619808307 0.7665094339622641 0.9524760383386581 0.8018867924528302 0.9454872204472844 0.7874737945492662 0.8825878594249201 0.7979559748427673 0.8047124600638977
0 0.8490566037735849 0.7597843450479234 0.7953354297693921 0.7567891373801917 0.7986111111111112 0.8037140575079872 0.7920597484276729 0.880591054313099 0.8064727463312369 0.950479233226837 0.8490566037735849 0.9464856230031949 0.8280922431865828 0.8865814696485623 0.8490566037735849 0.7597843450479234
0 0.8995020964360587 0.8476437699680511 0.898191823899371 0.7527955271565495 0.8542976939203354 0.7547923322683706 0.8339884696016772 0.8845846645367412 0.8536425576519916 0.950479233226837 0.9289832285115304 0.9514776357827476 0.9296383647798742 0.8506389776357828 0.8995020964360587 0.8476437699680511