0 0.17699115044247787 0.44626593715846996 0.2264011803097345 0.4298724945355192 0.21017699115044247 0.13479052732240437 0.16297935066371683 0.15482695901639343 0.17699115044247787 0.44626593715846996
0 0.21165191703539823 0.13296903551912567 0.23008849557522124 0.43351548360655734 0.2647492621681416 0.43169398907103823 0.24852507411504424 0.11839708469945356 0.21165191703539823 0.13296903551912567
0 0.2514749258849558 0.11657559289617485 0.2669616515486726 0.43351548360655734 0.30383480862831863 0.4189435327868853 0.28466076659292033 0.10746812295081969 0.2514749258849558 0.11657559289617485
0 0.28466076659292033 0.10382513661202186 0.30678466039823005 0.42440801366120223 0.3392330387168142 0.41347905191256834 0.3200589966814159 0.09471766939890709 0.28466076659292033 0.10382513661202186
0 0.3215339236725664 0.09471766939890709 0.3414454280973451 0.42258652185792345 0.3768436581858407 0.40619307923497266 0.3561946902654867 0.08743169398907104 0.3215339236725664 0.09471766939890709
0 0.35693215376106197 0.08925318852459016 0.3805309734513274 0.4116575601092896 0.4122418882743363 0.3989071038251366 0.395280235619469 0.08378870765027323 0.35693215376106197 0.08925318852459016
0 0.39823008849557523 0.07832422677595628 0.415929203539823 0.3989071038251366 0.4491150442477876 0.3843351557377049 0.4299410033185841 0.0673952650273224 0.39823008849557523 0.07832422677595628
0 0.42920353982300885 0.061930784153005465 0.4528023595132743 0.3843351557377049 0.4859882002212389 0.366120218579235 0.46755162278761064 0.04553734153005465 0.42920353982300885 0.061930784153005465
0 0.4668141592920354 0.04735883333333333 0.4889380530973451 0.37158469945355194 0.5235988196902654 0.3570127513661202 0.5029498528761062 0.03642987158469945 0.4668141592920354 0.04735883333333333
0 0.5051622422566372 0.03825136612021858 0.5235988196902654 0.32969034699453553 0.5685840707964602 0.31693989071038253 0.5442477876106194 0.025500909836065573 0.5051622422566372 0.03825136612021858
0 0.1600294988938053 0.8105646639344263 0.21165191703539823 0.7978142076502732 0.20280235951327436 0.5628415300546448 0.15560472013274335 0.5774134781420766 0.1600294988938053 0.8105646639344263
0 0.20501474889380533 0.5555555546448088 0.21460176991150443 0.7959927131147541 0.2492625365044248 0.7959927131147541 0.23820058960176993 0.5428051010928961 0.20501474889380533 0.5555555546448088
0 0.2404129789823009 0.5409836065573771 0.25294985287610616 0.801457193989071 0.2824483772123894 0.7905282322404371 0.2772861360619469 0.5245901639344263 0.2404129789823009 0.5409836065573771
0 0.27876106194690264 0.5264116584699453 0.28466076659292033 0.7941712213114754 0.32079646017699115 0.7868852459016393 0.31489675553097346 0.5100182158469945 0.27876106194690264 0.5264116584699453
0 0.31563421792035395 0.5081967213114754 0.32374631305309737 0.7832422595628415 0.3620943949115044 0.7723132978142077 0.3495575221238938 0.49908925409836064 0.31563421792035395 0.5081967213114754
0 0.3495575221238938 0.4936247732240437 0.36873156305309734 0.7795992704918032 0.4004424778761062 0.7723132978142077 0.38495575221238937 0.47905282240437164 0.3495575221238938 0.4936247732240437
0 0.3856932157079646 0.48816029234972674 0.40191740376106194 0.75045537431694 0.4358407079646018 0.7413479043715846 0.4247787610619469 0.4808743169398907 0.3856932157079646 0.48816029234972674
0 0.4247787610619469 0.47905282240437164 0.43805309734513276 0.7431693989071039 0.4719764015486726 0.7304189426229508 0.45870206526548674 0.466302368852459 0.4247787610619469 0.47905282240437164
0 0.4609144546460177 0.4644808743169399 0.47640118030973455 0.7176684890710383 0.5081120940265487 0.7213114754098361 0.4948377577433628 0.4517304180327869 0.4609144546460177 0.4644808743169399
0 0.5560471980088496 0.4735883415300547 0.5523598816371681 0.39162112841530056 0.49262536836283183 0.42258652185792345 0.5088495575221239 0.7103825136612022 0.5471976404867257 0.6976320573770493 0.5412979347345133 0.48816029234972674 0.5560471980088496 0.4735883415300547
0 0.7116519170353983 0.37158469945355194 0.7212389380530974 0.40437158469945356 0.7323008849557522 0.40437158469945356 0.7352507378318583 0.42440801366120223 0.7728613573008849 0.4262295081967213 0.7728613573008849 0.40619307923497266 0.7883480829646017 0.40255009016393445 0.7971976404867256 0.3879781420765027 0.8030973451327433 0.37158469945355194 0.7994100298672566 0.2586520956284153 0.6924778761061947 0.26411657650273224 0.6924778761061947 0.37158469945355194 0.7116519170353983 0.37158469945355194
0 0.7986725663716814 0.25318761475409834 0.7964601769911505 0.18214936338797816 0.7876106194690266 0.15846994535519127 0.7721238938053098 0.14389799726775956 0.7625368727876106 0.1238615655737705 0.7411504424778761 0.1238615655737705 0.7286135696902655 0.14025500819672132 0.7190265486725663 0.14025500819672132 0.7131268440265486 0.18397085519125683 0.6873156338495575 0.1785063743169399 0.6858407079646017 0.26047358743169396 0.7986725663716814 0.25318761475409834
0 0.7721238938053098 0.47905282240437164 0.764011799778761 0.45901639344262296 0.7448377577433629 0.4553734071038251 0.7345132743362832 0.48633879781420764 0.7101769911504425 0.4918032786885246 0.7087020652654867 0.5154826967213114 0.6873156338495575 0.5264116584699453 0.6902654867256637 0.6229508196721312 0.8038348086283186 0.6174863387978142 0.7994100298672566 0.4899817841530055 0.7721238938053098 0.47905282240437164
0 0.6902654867256637 0.6247723142076502 0.6924778761061947 0.7613843360655739 0.735988200221239 0.7632058278688524 0.7441002953539823 0.7559198551912569 0.7492625365044249 0.7795992704918032 0.7780235984513275 0.7777777786885246 0.7853982300884956 0.75045537431694 0.8075221238938053 0.7176684890710383 0.8045722710176991 0.6193078333333333 0.6902654867256637 0.6247723142076502
0 0.8576696161504426 0.7431693989071039 0.8598820055309735 0.7650273224043715 0.8893805309734514 0.7704918032786885 0.8967551626106194 0.7486338797814208 0.9137168141592921 0.7377049180327869 0.9151917400442479 0.7194899808743169 0.925516224557522 0.6830601092896175 0.9233038351769911 0.6338797814207651 0.915929203539823 0.6156648442622951 0.9137168141592921 0.5938069207650274 0.8281710918141593 0.5828779590163935 0.831858407079646 0.7431693989071039 0.8576696161504426 0.7431693989071039
0 0.848082596238938 0.47723133060109285 0.8370206493362832 0.4826958114754098 0.8370206493362832 0.49908925409836064 0.8252212389380531 0.5027322404371585 0.8259587024336282 0.5755919863387978 0.9166666670353982 0.5865209480874317 0.918141592920354 0.5136612021857924 0.9122418882743363 0.5063752267759564 0.9100294988938052 0.46994535519125685 0.8893805309734514 0.46812386065573774 0.8856932157079646 0.44444444535519123 0.8576696161504426 0.44808743169398907 0.848082596238938 0.47723133060109285
0 0.8237463130530973 0.36794171311475404 0.8407079646017699 0.3989071038251366 0.8473451327433629 0.4207650273224044 0.8915929203539823 0.42440801366120223 0.8938053097345132 0.40437158469945356 0.9122418882743363 0.3879781420765027 0.9122418882743363 0.37158469945355194 0.9210914457964602 0.366120218579235 0.9166666670353982 0.29143898087431697 0.9100294988938052 0.2768670300546448 0.9070796460176991 0.25136612021857924 0.8207964601769911 0.25318761475409834 0.8237463130530973 0.36794171311475404
0 0.8089970497787611 0.26047358743169396 0.915929203539823 0.25318761475409834 0.9174041294247788 0.18214936338797816 0.9048672566371682 0.14754098360655737 0.8908554568584072 0.13479052732240437 0.8842182887168142 0.10018215027322404 0.8598820055309735 0.09836065573770492 0.843657817477876 0.1220400737704918 0.8082595873893805 0.12932604644808743 0.8089970497787611 0.26047358743169396