0 0.14847968137254902 0.19360131320754717 0.13853367483660128 0.2255947490566038 0.11651037254901961 0.23133716226415094 0.11793123039215686 0.2772764566037736 0.2664109117647059 0.2715340433962264 0.26925262908496733 0.19360131320754717 0.14847968137254902 0.19360131320754717
0 0.11864166013071895 0.27891714528301886 0.12503552124183007 0.30844954905660377 0.16055697712418301 0.3289581622641509 0.2664109117647059 0.32075471698113206 0.2678317696078431 0.2764561113207547 0.11864166013071895 0.27891714528301886
0 0.1562944019607843 0.32649712830188676 0.13000852450980394 0.35110746603773585 0.13213981209150327 0.38392124716981135 0.2664109117647059 0.37489745660377355 0.2635691960784314 0.3232157509433962 0.1562944019607843 0.32649712830188676
0 0.13071895424836602 0.3872026245283019 0.1278772385620915 0.4060705490566038 0.14066496241830065 0.4167350283018868 0.1641091225490196 0.41263330566037737 0.16624040849673202 0.44462674339622643 0.2770673480392157 0.4331419188679245 0.267121341503268 0.37899917924528304 0.13071895424836602 0.3872026245283019
0 0.16197783496732027 0.4421657094339623 0.1314293839869281 0.46267432264150943 0.1349815294117647 0.5004101716981132 0.28132992320261435 0.48974569245283023 0.2763569199346405 0.43642329811320757 0.16197783496732027 0.4421657094339623
0 0.1314293839869281 0.5036915509433962 0.13356066993464052 0.5299425754716982 0.15842568954248368 0.5397867113207547 0.17263427124183006 0.5586546358490566 0.2870133562091503 0.5479901566037736 0.28132992320261435 0.49466776037735855 0.1314293839869281 0.5036915509433962
0 0.17050298366013072 0.5578342905660377 0.16552998039215688 0.5742411811320755 0.14066496241830065 0.578342903773585 0.14066496241830065 0.5914684169811321 0.1449275359477124 0.6111566849056604 0.2898550718954248 0.6127973754716981 0.28417163888888886 0.5488105000000001 0.17050298366013072 0.5578342905660377
0 0.14066496241830065 0.6111566849056604 0.1349815294117647 0.6333059886792453 0.14137539052287582 0.6431501226415095 0.16552998039215688 0.6406890886792453 0.17476555882352943 0.6735028716981132 0.29269678921568626 0.6620180471698114 0.2884342140522876 0.6168990981132075 0.14066496241830065 0.6111566849056604
0 0.16979255392156864 0.6726825264150944 0.13924410294117648 0.6890894169811321 0.1378232450980392 0.7210828547169812 0.18542199509803922 0.7284659566037736 0.2564649052287582 0.7292863 0.2919863594771242 0.7219032 0.2884342140522876 0.6636587358490565 0.16979255392156864 0.6726825264150944
0 0.2557544754901961 0.7333880226415094 0.1378232450980392 0.7243642320754717 0.1371128153594771 0.750615258490566 0.16979255392156864 0.7547169811320755 0.1740551290849673 0.7834290396226415 0.25149190032679736 0.7867104188679246 0.2934072173202614 0.7793273169811321 0.29269678921568626 0.7243642320754717 0.2557544754901961 0.7333880226415094
0 0.25220233006535947 0.7858900735849057 0.16552998039215688 0.7801476622641509 0.13356066993464052 0.8105004094339623 0.1371128153594771 0.8408531584905661 0.26214833823529415 0.8449548811320754 0.3005115081699346 0.8359310905660378 0.2983802222222222 0.7785069735849057 0.25220233006535947 0.7858900735849057
0 0.26285876633986927 0.8474159150943396 0.1314293839869281 0.8392124698113207 0.13071895424836602 0.8589007377358491 0.14066496241830065 0.8712059056603774 0.1712134133986928 0.8687448735849056 0.1740551290849673 0.888433141509434 0.18826371078431373 0.9089417547169811 0.21241830065359477 0.9056603773584906 0.2685421993464052 0.8974569320754717 0.2998010800653595 0.8966365867924528 0.2998010800653595 0.8424938471698113 0.26285876633986927 0.8474159150943396
0 0.3360329640522876 0.888433141509434 0.33958510947712417 0.9097621 0.38576300163398697 0.9031993433962264 0.3871838594771242 0.8876127981132075 0.45183290686274513 0.881050041509434 0.46888320588235294 0.8531583264150944 0.4838022173202614 0.8474159150943396 0.4909065081699346 0.8105004094339623 0.3111679460784314 0.8195242 0.30832622875816995 0.8802296962264151 0.3360329640522876 0.888433141509434
0 0.4873543627450981 0.8072190320754716 0.4695936339869281 0.7538966358490566 0.3132992320261438 0.761279737735849 0.3132992320261438 0.8162428226415095 0.4873543627450981 0.8072190320754716
0 0.3111679460784314 0.7571780150943397 0.4766979248366013 0.7473338811320754 0.4781187843137255 0.6940114849056603 0.3118783741830065 0.6997538962264152 0.3111679460784314 0.7571780150943397
0 0.3104575163398693 0.697292862264151 0.47598749673202617 0.6931911396226415 0.4788292124183006 0.6357670226415094 0.30619494117647056 0.6488925339622642 0.3104575163398693 0.697292862264151
0 0.30406365522875817 0.6447908113207547 0.48025007026143796 0.6324856433962265 0.48025007026143796 0.5824446264150943 0.29766979248366016 0.5865463490566039 0.30406365522875817 0.6447908113207547
0 0.3005115081699346 0.5832649716981132 0.4752770669934641 0.5750615264150943 0.4653310604575163 0.520098441509434 0.29411764705882354 0.5291222320754717 0.3005115081699346 0.5832649716981132
0 0.29482807679738565 0.5242001641509434 0.4667519183006536 0.5118949962264151 0.4766979248366013 0.46841673584905663 0.29127593137254904 0.47333880188679245 0.29482807679738565 0.5242001641509434
0 0.29127593137254904 0.4708777679245283 0.4809605 0.4651353566037736 0.4731457794117647 0.4093519283018868 0.2806194934640523 0.41263330566037737 0.29127593137254904 0.4708777679245283
0 0.28275078104575163 0.40853158301886794 0.4738562091503268 0.4036095150943396 0.46746234803921566 0.35767022075471694 0.2777777777777778 0.3584905660377358 0.28275078104575163 0.40853158301886794
0 0.2756464901960784 0.35110746603773585 0.46462063071895426 0.3552091886792453 0.44188690032679734 0.32731747358490565 0.4198635980392157 0.32157506226415095 0.4184427401960784 0.2953240358490566 0.27280477450980395 0.3002461037735849 0.2756464901960784 0.35110746603773585
0 0.42696788888888887 0.2945036924528302 0.4695936339869281 0.24528301886792453 0.2763569199346405 0.24446267358490564 0.2742256323529412 0.29204265849056604 0.42696788888888887 0.2945036924528302
0 0.47101449346405233 0.24200164150943398 0.43052003431372543 0.18867924528301888 0.2756464901960784 0.1853978679245283 0.2756464901960784 0.23872026226415094 0.47101449346405233 0.24200164150943398
0 0.42909917647058826 0.1870385566037736 0.4653310604575163 0.15586546415094338 0.4340721797385621 0.1164889245283019 0.3765274232026144 0.11238720188679245 0.3651605571895425 0.10500410188679246 0.3218243823529412 0.1025430679245283 0.3211139526143791 0.11812961509433963 0.2763569199346405 0.11894995849056604 0.2799090653594771 0.1870385566037736 0.42909917647058826 0.1870385566037736
0 0.6706450702614378 0.06890894150943395 0.6606990620915033 0.09844134528301887 0.6308610408496732 0.10418375660377359 0.6258880359477124 0.11484823584905661 0.5946291552287581 0.11484823584905661 0.5924978692810458 0.1599671867924528 0.6017334477124183 0.16570959811320754 0.6024438758169934 0.1927809679245283 0.6784597892156863 0.19031993396226415 0.7203751062091504 0.1853978679245283 0.7104290996732026 0.06726825283018868 0.6706450702614378 0.06890894150943395
0 0.677038931372549 0.18867924528301888 0.5988917303921569 0.19196062264150943 0.599602160130719 0.20754716981132076 0.6159420294117647 0.24610336415094342 0.6898266552287582 0.24856439622641507 0.7161125326797386 0.24364233018867926 0.7168229607843137 0.1878589 0.677038931372549 0.18867924528301888
0 0.6869849395424836 0.2518457754716981 0.610969024509804 0.24610336415094342 0.5981813022875817 0.2707137 0.599602160130719 0.3018867924528302 0.6820119346405229 0.3010664471698113 0.724637681372549 0.29286300188679243 0.7210855359477124 0.2469237075471698 0.6869849395424836 0.2518457754716981
0 0.6834327941176471 0.30270713773584906 0.5939187271241829 0.299425758490566 0.5967604428104576 0.33305988490566035 0.6081273088235295 0.3289581622641509 0.6187837450980392 0.36177194339622637 0.7004830915032679 0.35767022075471694 0.7267689689542484 0.3527481547169811 0.723927251633987 0.2945036924528302 0.6834327941176471 0.30270713773584906
0 0.6919579428104575 0.3650533226415094 0.6123898839869281 0.3609516 0.6024438758169934 0.38474159056603774 0.610969024509804 0.411812962264151 0.6926683709150327 0.41427399433962264 0.7253481094771242 0.40853158301886794 0.7267689689542484 0.35767022075471694 0.6919579428104575 0.3650533226415094
0 0.6898266552287582 0.4183757169811321 0.611679454248366 0.411812962264151 0.6095481666666667 0.4331419188679245 0.6265984656862744 0.4749794905660377 0.6983518039215686 0.4708777679245283 0.730321114379085 0.4643150132075472 0.7281898267973856 0.4101722716981132 0.6898266552287582 0.4183757169811321
0 0.6919579428104575 0.47415914716981133 0.6230463202614379 0.4700574245283019 0.6095481666666667 0.5012305169811321 0.617362887254902 0.5299425754716982 0.6947996584967321 0.5315832641509434 0.7331628300653594 0.5209187867924528 0.730321114379085 0.46677604528301886 0.6919579428104575 0.47415914716981133
0 0.6969309460784314 0.5332239547169811 0.6166524575163399 0.5291222320754717 0.6138107418300653 0.5406070547169812 0.6351236143790849 0.588187037735849 0.7033248088235294 0.5832649716981132 0.7381358333333333 0.5791632490566038 0.7338732598039215 0.5242001641509434 0.6969309460784314 0.5332239547169811
0 0.6997726633986928 0.5873666943396226 0.6294401813725491 0.5898277283018868 0.611679454248366 0.6021328962264151 0.617362887254902 0.642329779245283 0.6962205179738562 0.6439704679245283 0.7395566928104575 0.6374077113207547 0.7381358333333333 0.5824446264150943 0.6997726633986928 0.5873666943396226
0 0.6145211715686274 0.6456111566037737 0.6138107418300653 0.6661197698113207 0.6258880359477124 0.6726825264150944 0.640807047385621 0.7005742415094339 0.7210855359477124 0.6981132075471698 0.7473714117647059 0.6923707962264151 0.742398408496732 0.6398687452830188 0.6990622336601306 0.6456111566037737 0.6145211715686274 0.6456111566037737
0 0.7125603872549019 0.7030352754716981 0.6315714689542484 0.6997538962264152 0.6230463202614379 0.7243642320754717 0.6294401813725491 0.7547169811320755 0.7118499575163398 0.7571780150943397 0.7509235571895425 0.7456931905660378 0.7452401258169934 0.6940114849056603 0.7125603872549019 0.7030352754716981
0 0.7075873823529412 0.7621000811320755 0.6265984656862744 0.7571780150943397 0.6273088937908498 0.7735849056603774 0.6436487630718954 0.8146021320754717 0.7217959640522875 0.8146021320754717 0.754475702614379 0.8014766207547169 0.7516339869281046 0.7530762924528301 0.7075873823529412 0.7621000811320755
0 0.7217959640522875 0.8178835113207547 0.6372549019607843 0.8162428226415095 0.6244671781045752 0.8424938471698113 0.6265984656862744 0.8867924528301887 0.6855640800653595 0.8802296962264151 0.6955100882352941 0.888433141509434 0.7360045473856209 0.8851517641509433 0.7516339869281046 0.870385562264151 0.7537652745098039 0.808859720754717 0.7217959640522875 0.8178835113207547
0 0.8091787434640523 0.8720262509433963 0.8617504967320261 0.8695652169811321 0.8709860751633988 0.8523379811320755 0.9178743954248367 0.8523379811320755 0.932793406862745 0.8146021320754717 0.9285308333333333 0.7965545528301887 0.8994032401960785 0.7949138641509434 0.8816425114379084 0.7801476622641509 0.7594487075163399 0.7867104188679246 0.7651321405228758 0.8646431509433963 0.8070474558823529 0.8523379811320755 0.8091787434640523 0.8720262509433963
0 0.7601591356209151 0.7801476622641509 0.8972719526143791 0.7785069735849057 0.9342142647058824 0.7456931905660378 0.932793406862745 0.7194421660377358 0.7587382777777778 0.732567679245283 0.7601591356209151 0.7801476622641509
0 0.7558965620915032 0.6759639056603773 0.7566069901960785 0.7342083679245283 0.9299516911764707 0.7161607867924529 0.9299516911764707 0.6923707962264151 0.87382779248366 0.6685808037735849 0.7558965620915032 0.6759639056603773
0 0.754475702614379 0.6726825264150944 0.9171639673202614 0.6611977037735849 0.9271099738562092 0.6045939301886792 0.7487922712418301 0.6177194415094339 0.754475702614379 0.6726825264150944
0 0.7509235571895425 0.6136177188679246 0.9263995457516339 0.6021328962264151 0.896561522875817 0.5594749792452831 0.7445296960784313 0.562756358490566 0.7509235571895425 0.6136177188679246
0 0.7431088382352941 0.5561936018867925 0.8802216535947712 0.5545529113207548 0.8823529411764706 0.5389663660377358 0.9192952549019608 0.5381460207547171 0.9157431094771242 0.49466776037735855 0.7416879787581699 0.5061525849056604 0.7431088382352941 0.5561936018867925
0 0.7388462630718955 0.5036915509433962 0.9143222499999999 0.4913863830188679 0.8986928104575164 0.46267432264150943 0.8759590800653595 0.46267432264150943 0.8702756470588235 0.440525020754717 0.7352941176470589 0.4470877773584906 0.7388462630718955 0.5036915509433962
0 0.7352941176470589 0.4421657094339623 0.8759590800653595 0.43806398679245284 0.8752486503267973 0.4282198528301887 0.9015345261437909 0.4241181301886793 0.9129013921568627 0.3814602132075472 0.7360045473856209 0.3863822811320755 0.7352941176470589 0.4421657094339623
0 0.7345836879084967 0.38474159056603774 0.9107701045751634 0.3806398679245283 0.9072179591503269 0.35110746603773585 0.8773799379084967 0.3527481547169811 0.8695652173202614 0.3355209188679245 0.7374254052287582 0.33388023018867924 0.7345836879084967 0.38474159056603774
0 0.7324524019607843 0.32649712830188676 0.8809320833333334 0.3305988509433962 0.879511225490196 0.31583264905660374 0.9043762434640522 0.31583264905660374 0.908638818627451 0.2723543886792453 0.7274793970588236 0.27973749056603775 0.7324524019607843 0.32649712830188676
0 0.7274793970588236 0.2764561113207547 0.9065075310457515 0.2707137 0.8937198071895424 0.23707957358490567 0.8716965049019607 0.23707957358490567 0.8681443594771242 0.22149302641509436 0.7253481094771242 0.21903199433962264 0.7274793970588236 0.2764561113207547
0 0.7253481094771242 0.21575061509433963 0.8645922140522876 0.21739130377358493 0.8624609264705883 0.2050861358490566 0.8887468022875817 0.20016406981132076 0.902955385620915 0.16488925283018868 0.7217959640522875 0.1681706320754717 0.7253481094771242 0.21575061509433963
0 0.7203751062091504 0.16324856415094338 0.9022449558823529 0.1599671867924528 0.8866155163398693 0.1246923716981132 0.867433929738562 0.12223133773584904 0.8603296388888889 0.10336341320754718 0.8027848823529412 0.10172272264150944 0.7942597336601307 0.08613617735849056 0.7594487075163399 0.0902379 0.7459505539215686 0.10336341320754718 0.7175333905228758 0.10008203396226416 0.7203751062091504 0.16324856415094338