0 0.30834479642365886 0.08673230239099859 0.30032095323246216 0.03633380168776371 0.24472718982118294 0.026371308016877638 0.24587345254470427 0.0732536329113924 0.22466758321870703 0.1242381617440225 0.2808344800550206 0.13537271448663854 0.30834479642365886 0.08673230239099859
0 0.34158642778541953 0.04571026722925457 0.30261348005502064 0.03633380168776371 0.31121045392022006 0.08790436005625879 0.28370013755158185 0.13537271448663854 0.32611187482806053 0.14767932489451477 0.35075653370013754 0.09845288326300984 0.34158642778541953 0.04571026722925457
0 0.38801008665749653 0.06036099437412095 0.34158642778541953 0.04746835443037975 0.35247592847317744 0.09786685372714486 0.32840440165061896 0.14885138255977495 0.36680421870701513 0.15764181856540083 0.40004585006877574 0.11134552320675106 0.38801008665749653 0.06036099437412095
0 0.5106602475928473 0.19338959212376933 0.5759972489683631 0.2109704641350211 0.6012150385144429 0.15822784810126583 0.5960568541953232 0.10607126160337553 0.531292984869326 0.09083450492264415 0.5335855116918845 0.14006094655414908 0.5106602475928473 0.19338959212376933
0 0.5972031182943605 0.10665728973277074 0.6035075653370013 0.1588138776371308 0.5782897757909217 0.2109704641350211 0.6138239339752407 0.2209329578059072 0.6464924346629987 0.16877637130801687 0.6424805130674003 0.11837787201125176 0.5972031182943605 0.10665728973277074
0 0.6843191196698762 0.12834036568213783 0.6441999078404401 0.11896390014064696 0.6499312242090785 0.16584622644163152 0.6189821182943603 0.21976090014064698 0.6596744607977991 0.2279653066104079 0.6871847771664374 0.17698077777777776 0.6843191196698762 0.12834036568213783
0 0.7290233837689133 0.13478668495077356 0.6854653823933975 0.12658227848101267 0.6883310412654746 0.17815283684950775 0.6636863823933975 0.2279653066104079 0.703232462173315 0.23968588888888887 0.7336084360385144 0.18518518565400843 0.7290233837689133 0.13478668495077356
0 0.7720082530949106 0.1470932953586498 0.7307427785419532 0.13595874402250352 0.7359009628610729 0.1869432728551336 0.7072443837689133 0.24085794655414908 0.7467904635488307 0.2508204402250352 0.7754470426409904 0.19514767932489452 0.7720082530949106 0.1470932953586498
0 0.8155662544704264 0.15471167369901548 0.7737276478679505 0.1459212376933896 0.7777395694635488 0.19690576652601968 0.7502292530949105 0.2519924992967651 0.7914947276478679 0.2625410225035162 0.8230169642365888 0.2039381153305204 0.8155662544704264 0.15471167369901548
0 0.8619899133425034 0.1670182841068917 0.8161393851444292 0.15646976090014064 0.8247363590096287 0.2039381153305204 0.7949335171939477 0.2619549929676512 0.836198991746905 0.2730895457102672 0.8677212283356259 0.2150726680731364 0.8619899133425034 0.1670182841068917
0 0.9141448872077029 0.18049695218002815 0.8631361760660248 0.16526019690576652 0.8694406231086658 0.21624472573839662 0.8447959656121045 0.2678152841068917 0.8872077028885832 0.28363806891701826 0.9244612558459423 0.2250351617440225 0.9141448872077029 0.18049695218002815
0 0.8144199903713893 0.09845288326300984 0.8178587799174691 0.07266760478199719 0.7869096740027511 0.026957337552742617 0.7611187524071528 0.043952180028129395 0.7049518569463549 0.07735583684950774 0.7370472255845942 0.13185654008438819 0.8144199903713893 0.09845288326300984
0 0.7599724896836314 0.04746835443037975 0.740486015130674 0.011720580872011251 0.6762952778541953 0.04160806329113924 0.7026593301237964 0.0808720112517581 0.7599724896836314 0.04746835443037975
0 0.9657267303988997 0.06739334317862165 1 0.050398499296765126 0.9989683631361761 0.013478668073136427 0.9897982572214581 0 0.9353507565337001 0.02461322081575246 0.9657267303988997 0.06739334317862165
0 0.5742778541953233 0.001172057665260197 0.49346629986244844 0.02930145288326301 0.5381705639614855 0.08966244725738397 0.6321641444291609 0.03867791842475387 0.6040806973865199 0.004102203938115331 0.5742778541953233 0.001172057665260197
0 0.21607060935350758 0.9399906230661041 0.24587345254470427 0.9405766526019691 0.2498853741403026 0.9546413502109705 0.2619211375515818 0.9563994374120957 0.2716643741403026 0.9646038438818566 0.30605226960110044 0.9610876694796062 0.30032095323246216 0.9358884205344584 0.31292984869325996 0.9323722461322081 0.31121045392022006 0.9118612278481013 0.30032095323246216 0.8567744964838255 0.2097661623108666 0.8684950773558369 0.21607060935350758 0.9399906230661041
0 0.21492434662998625 0.8679090478199719 0.31063732187070153 0.8544303797468354 0.30204034800550206 0.8093061420534458 0.20403484594222834 0.8245428973277075 0.21492434662998625 0.8679090478199719
0 0.2063273727647868 0.821612752461322 0.29917469050894085 0.8087201125175809 0.29344337414030264 0.7659399901547117 0.19773039889958735 0.7805907172995781 0.2063273727647868 0.821612752461322
0 0.19887666162310869 0.7788326300984529 0.29344337414030264 0.7635958748241912 0.28370013755158185 0.7225738396624473 0.1908528198074278 0.7366385372714487 0.19887666162310869 0.7788326300984529
0 0.19142595185694633 0.7342944205344586 0.2842732696011004 0.7196436947960619 0.27854195323246217 0.6786216596343179 0.18454837276478678 0.6926863572433193 0.19142595185694633 0.7342944205344586
0 0.1816827138927098 0.689756212376934 0.27968821595598353 0.6768635724331927 0.2751031636863824 0.6329113924050633 0.1748051348005502 0.6469760900140648 0.1816827138927098 0.689756212376934
0 0.17709766162310867 0.6452180028129395 0.2733837689133425 0.6305672756680731 0.26822558459422285 0.5901312700421941 0.16850068775790922 0.6041959676511954 0.17709766162310867 0.6452180028129395
0 0.16964695048143053 0.6036099395218003 0.26994497936726275 0.5883731828410689 0.2596286107290234 0.5426629156118143 0.16104997661623108 0.5590717299578059 0.16964695048143053 0.6036099395218003
0 0.16678129298486932 0.5327004219409283 0.26593305777166437 0.5379746835443038 0.2670793218707015 0.48288795077355834 0.16850068775790922 0.47526957383966245 0.16678129298486932 0.5327004219409283
0 0.16964695048143053 0.47526957383966245 0.26937184731774416 0.48230192264416316 0.26593305777166437 0.4336615091420534 0.16792755570839063 0.4283872475386779 0.16964695048143053 0.47526957383966245
0 0.1702200825309491 0.42604313220815754 0.27109124209078406 0.4336615091420534 0.2722375061898212 0.39088138818565404 0.171939477303989 0.3832630098452883 0.1702200825309491 0.42604313220815754
0 0.17136634525447042 0.38033286497890295 0.2733837689133425 0.39088138818565404 0.27739569050894086 0.34341303375527427 0.17767079367262723 0.3352086258790436 0.17136634525447042 0.38033286497890295
0 0.17881705639614856 0.33462259774964837 0.27281063686382395 0.3416549465541491 0.27624942640990374 0.2982887946554149 0.1816827138927098 0.28715424331926864 0.17881705639614856 0.33462259774964837