0 0.17318360154241644 0.3030590920577617 0.2834528483290489 0.31160934837545123 0.28751183933161956 0.2023560703971119 0.1765660938303342 0.19095572924187726 0.17318360154241644 0.3030590920577617
0 0.17724259254498714 0.30590917689530683 0.17115410668380462 0.3762112870036101 0.27871735861182517 0.38666159927797833 0.28074685475578404 0.31540946209386284 0.17724259254498714 0.30590917689530683
0 0.1725071028277635 0.3781113429602888 0.1718306053984576 0.45126353790613716 0.21445000642673523 0.45031350902527073 0.28074685475578404 0.45791373826714804 0.28209985089974293 0.3923617707581228 0.1725071028277635 0.3781113429602888
0 0.17115410668380462 0.45696370938628156 0.17047760796915165 0.5215656462093863 0.20362603213367608 0.5263157888086644 0.27871735861182517 0.5291658754512635 0.28142335218509 0.46551396570397113 0.17115410668380462 0.45696370938628156
0 0.16980110925449873 0.5320159602888087 0.17047760796915165 0.5985179548736462 0.2503044241645244 0.6061181841155234 0.27804085989717225 0.6013680415162455 0.27939385732647815 0.5396161877256317 0.16980110925449873 0.5320159602888087
0 0.242862940874036 0.609918297833935 0.16574211825192803 0.6061181841155234 0.16641861696658097 0.6697700938628159 0.2469219318766067 0.6811704350180505 0.27668786375321336 0.6783203501805054 0.27939385732647815 0.6070682111913357 0.242862940874036 0.609918297833935
0 0.24015694730077122 0.6840205198555956 0.16641861696658097 0.672620178700361 0.16641861696658097 0.757172714801444 0.2719523740359897 0.7638229151624548 0.2760113650385604 0.6830704927797834 0.24015694730077122 0.6840205198555956
0 0.2929238264781491 0.2441573249097473 0.33080773907455013 0.26600798014440435 0.4106345552699229 0.2527075812274368 0.41131105398457585 0.2308569259927798 0.4167230411311054 0.2232566985559567 0.41942903470437015 0.19380581407942238 0.4126640514138818 0.1890556714801444 0.409281559125964 0.16435493140794225 0.34366120951156814 0.16435493140794225 0.29562982005141386 0.13585407581227438 0.2929238264781491 0.2441573249097473
0 0.4153700449871465 0.2859585794223827 0.41469354627249355 0.2650579512635379 0.4004870784061697 0.2555576660649819 0.33013124035989716 0.2679080379061372 0.29360032519280205 0.24700740974729243 0.29360032519280205 0.3192095758122744 0.33013124035989716 0.34011020397111913 0.409281559125964 0.3268098050541516 0.409281559125964 0.30020900541516243 0.4153700449871465 0.2859585794223827
0 0.33013124035989716 0.3439103176895307 0.29224732776349616 0.32395971841155236 0.2915708290488432 0.38666159927797833 0.3274252467866324 0.4066121985559567 0.4031930732647815 0.39901197111913356 0.4045460694087404 0.3306099187725632 0.33013124035989716 0.3439103176895307
0 0.332160736503856 0.4113623411552346 0.29021783290488434 0.3904617129963899 0.2888648354755784 0.46836405054151625 0.33013124035989716 0.48356450722021666 0.4004870784061697 0.47786433574007225 0.4025165745501285 0.4018620559566787 0.332160736503856 0.4113623411552346
0 0.33013124035989716 0.48926467870036106 0.28954133419023137 0.47216416425992785 0.2888648354755784 0.547216416967509 0.32810174550128535 0.5605168158844765 0.4011635771208226 0.5510165306859205 0.40184007583547554 0.48356450722021666 0.33013124035989716 0.48926467870036106
0 0.3287782442159383 0.5652669584837545 0.2888648354755784 0.5491164729241877 0.2868353406169666 0.6175185252707581 0.32607225064267353 0.6298688953068592 0.39778108483290486 0.619418583032491 0.40184007583547554 0.5529165866425992 0.3287782442159383 0.5652669584837545
0 0.3267487480719794 0.6336690108303249 0.2861588419023136 0.6213186389891697 0.2854823431876607 0.686870606498195 0.32810174550128535 0.7011210342960288 0.3998105809768638 0.6925707779783393 0.3991340822622108 0.6213186389891697 0.3267487480719794 0.6336690108303249
0 0.32810174550128535 0.7058711768953069 0.28209985089974293 0.68972069133574 0.2834528483290489 0.771423142599278 0.3226897583547558 0.774273227436823 0.4025165745501285 0.7695230848375452 0.4025165745501285 0.6944708339350181 0.32810174550128535 0.7058711768953069
0 0.6176430796915168 0.2669580090252707 0.6751454473007712 0.2897586931407942 0.7448247866323908 0.2745582364620939 0.7502367750642673 0.17765533032490974 0.6846164254498714 0.1871556155234657 0.6230550668380463 0.16150484476534296 0.6176430796915168 0.2669580090252707
0 0.7448247866323908 0.27930837906137185 0.6764984434447301 0.2945088357400722 0.6156135835475578 0.27075812274368233 0.6149370861182519 0.34676040252707585 0.679204438303342 0.3600608014440433 0.7427952917737789 0.3477104314079422 0.7448247866323908 0.27930837906137185
0 0.7400892982005142 0.3534106028880867 0.6832634280205655 0.3638609151624549 0.6156135835475578 0.35151054512635377 0.614260587403599 0.417062512635379 0.677174942159383 0.43226296750902526 0.7394127994858611 0.4113623411552346 0.7400892982005142 0.3534106028880867
0 0.7400892982005142 0.41611248375451265 0.677851440874036 0.43701311010830324 0.6156135835475578 0.42181265523465705 0.6122310912596401 0.4921147635379061 0.6798809357326477 0.5035151046931408 0.7387363007712082 0.4807144205776173 0.7400892982005142 0.41611248375451265
0 0.7367068059125965 0.4864145920577617 0.6866459203084833 0.5082652472924188 0.6122310912596401 0.4968649061371841 0.6129075899742931 0.5605168158844765 0.6751454473007712 0.5776173285198556 0.7353538084832906 0.5652669584837545 0.7367068059125965 0.4864145920577617
0 0.7340008123393317 0.5709671281588448 0.6717629550128534 0.5795173862815884 0.6115545938303342 0.5624168718411553 0.6074956028277635 0.6346190379061373 0.6731159524421594 0.6460193808664261 0.7299418213367609 0.6403192093862816 0.7340008123393317 0.5709671281588448
0 0.7306183200514139 0.6441193231046931 0.6704099575835475 0.6507695234657039 0.6068191041131105 0.6355690667870035 0.6047896092544988 0.7020710613718412 0.6697334601542416 0.7239217184115524 0.7285888239074549 0.7125213754512636 0.7306183200514139 0.6441193231046931
0 0.6683804627249358 0.7286718610108304 0.6047896092544988 0.7049211480144405 0.6027601131105398 0.7752232563176895 0.6622919768637532 0.802774083032491 0.7272358277634962 0.7799733989169675 0.7265593290488431 0.7191715758122743 0.6683804627249358 0.7286718610108304
0 0.9139493984575836 0.7030210902527075 0.9247733727506428 0.6707201209386282 0.9146258958868895 0.6213186389891697 0.8239751053984576 0.6270188104693141 0.7685022326478148 0.6032680974729242 0.7630902455012853 0.703971119133574 0.8165336221079691 0.7201216028880866 0.9139493984575836 0.7030210902527075
0 0.8246516028277635 0.6232186967509025 0.9173318907455013 0.6222686678700361 0.9295088624678663 0.5928177851985559 0.9220673791773779 0.5510165306859205 0.8232986066838046 0.551966559566787 0.7705317275064268 0.5282158465703971 0.7685022326478148 0.5956678700361011 0.8246516028277635 0.6232186967509025
0 0.8226221079691517 0.4807144205776173 0.7745907185089974 0.46551396570397113 0.7712082262210797 0.5225156750902527 0.8219456092544988 0.5481664458483755 0.9186848868894602 0.5538666155234657 0.9308618586118251 0.5263157888086644 0.9220673791773779 0.4769143068592058 0.8226221079691517 0.4807144205776173
0 0.7759437159383034 0.45791373826714804 0.8226221079691517 0.47881436462093857 0.9254498714652957 0.47121413718411553 0.9362738470437019 0.45221356678700364 0.9234203766066839 0.4009120270758123 0.8266810989717225 0.4056621696750902 0.7772967120822623 0.3885616570397112 0.7759437159383034 0.45791373826714804
0 0.8253281015424165 0.3334600036101083 0.7766202133676092 0.31445943321299635 0.7759437159383034 0.38666159927797833 0.8246516028277635 0.4047121407942238 0.9247733727506428 0.4009120270758123 0.9383033419023136 0.3771613140794224 0.9213908804627249 0.32205966245487366 0.8253281015424165 0.3334600036101083
0 0.830740088688946 0.3306099187725632 0.9234203766066839 0.32205966245487366 0.9355973483290488 0.31065931949458486 0.9227438778920308 0.2574577238267148 0.8334460835475579 0.2593577815884477 0.7772967120822623 0.2422572671480144 0.7752672172236504 0.31540946209386284 0.830740088688946 0.3306099187725632
0 0.830740088688946 0.2536576101083033 0.9213908804627249 0.24605738086642598 0.9247733727506428 0.2726581805054151 0.9572452982005142 0.27645829422382673 0.9653632802056555 0.22990689711191337 0.9585982956298201 0.18240547292418774 0.9295088624678663 0.18145544404332128 0.9098904074550128 0.17195515884476534 0.830740088688946 0.17955538628158846 0.7820322017994858 0.16720501624548736 0.7800027056555269 0.23370701083032488 0.830740088688946 0.2536576101083033