0 0.24291498014888338 0.03937764051094891 0.24291498014888338 0 0.13190544540942928 0.0019208613138686132 0.13321144044665012 0.04802151277372262 0.17369727047146402 0.046100653284671535 0.17696225682382133 0.06530925912408758 0.249444952853598 0.06434882846715329 0.2507509466501241 0.038417211678832115 0.24291498014888338 0.03937764051094891
0 0.162596317617866 0.1075681897810219 0.14692438337468983 0.11237034124087592 0.15084236600496279 0.12869765693430657 0.13451743548387096 0.12773722627737227 0.13059945161290323 0.18536304197080292 0.17630925930521094 0.19400691423357663 0.24291498014888338 0.18344218248175181 0.24487397146401987 0.11044948175182483 0.162596317617866 0.1075681897810219
0 0.13386443796526054 0.18536304197080292 0.13451743548387096 0.25643488321167884 0.21940707816377172 0.25355359124087595 0.21810108436724568 0.18440261313868614 0.17369727047146402 0.19112562408759123 0.13386443796526054 0.18536304197080292
0 0.1377824218362283 0.3275067226277372 0.13582342928039703 0.40242028467153285 0.17500326550868484 0.40818286678832116 0.22006007568238214 0.3976181332116788 0.21744808684863523 0.3275067226277372 0.1377824218362283 0.3275067226277372
0 0.1789212481389578 0.4110641569343066 0.13451743548387096 0.4043411441605839 0.13451743548387096 0.477333844890511 0.221366070719603 0.4715712645985401 0.22071307320099254 0.3985785638686131 0.1789212481389578 0.4110641569343066
0 0.18022724317617866 0.6271609689781023 0.22332506203473945 0.6185170948905109 0.22528405334987592 0.5426431040145986 0.13908841563275434 0.5339992317518248 0.13712942431761785 0.6175566660583941 0.18022724317617866 0.6271609689781023
0 0.18088024069478909 0.6290818284671533 0.13647642679900746 0.6194775255474453 0.1377824218362283 0.6982328083941606 0.22267206451612903 0.6895889361313869 0.22397805955334987 0.6233192463503651 0.18088024069478909 0.6290818284671533
0 0.13843541811414392 0.7846715328467153 0.13974141315136476 0.8384556277372263 0.1782682518610422 0.8490203613138686 0.21744808684863523 0.842297348540146 0.2161420918114144 0.7664233576642335 0.1514953635235732 0.7664233576642335 0.13843541811414392 0.7846715328467153
0 0.1789212481389578 0.8509412208029197 0.13712942431761785 0.842297348540146 0.13517043176178659 0.920092200729927 0.22201906699751864 0.9124087591240876 0.22071307320099254 0.8413369197080293 0.1789212481389578 0.8509412208029197
0 0.340211570719603 0.05858624635036497 0.30429672208436725 0.05570495620437956 0.30168473325062034 0.03265462956204379 0.2638108920595533 0.0336150602189781 0.26119890322580647 0.052823664233576643 0.2507509466501241 0.049942374087591244 0.249444952853598 0.12485593613138686 0.2657698833746898 0.12389550547445256 0.26707587841191066 0.13830195985401458 0.29319576799007446 0.1431041113138686 0.3467415434243176 0.1392623886861314 0.3467415434243176 0.08163657299270073 0.340211570719603 0.0720322700729927 0.340211570719603 0.05858624635036497
0 0.3467415434243176 0.1440645401459854 0.2651168870967742 0.1392623886861314 0.26642288089330024 0.20457164781021897 0.340211570719603 0.20745293978102192 0.3382525794044665 0.19112562408759123 0.34739454094292804 0.18824433394160583 0.3467415434243176 0.1440645401459854
0 0.2677288759305211 0.35055704927007303 0.29841974689826306 0.36016135218978107 0.34804753846153846 0.3534383412408759 0.34739454094292804 0.2900499416058394 0.340211570719603 0.2881290821167883 0.3382525794044665 0.272762197080292 0.2657698833746898 0.27564348905109487 0.2677288759305211 0.35055704927007303
0 0.3506595272952853 0.3985785638686131 0.3519655223325062 0.35055704927007303 0.2990727444168734 0.3611217828467153 0.26903486972704715 0.355359200729927 0.26707587841191066 0.418747598540146 0.33759958188585604 0.418747598540146 0.33890557692307693 0.40338071532846714 0.3506595272952853 0.3985785638686131
0 0.340211570719603 0.5032654635036496 0.33955857444168736 0.4878985784671533 0.3088677022332506 0.486938147810219 0.30690871091811417 0.4619669616788321 0.2677288759305211 0.4610065310218978 0.270340864764268 0.5676142919708029 0.3003787382133995 0.5752977335766423 0.3513125248138958 0.5666538613138686 0.3532715161290323 0.506146753649635 0.340211570719603 0.5032654635036496
0 0.2977667493796526 0.5752977335766423 0.26903486972704715 0.5666538613138686 0.26642288089330024 0.637725700729927 0.33955857444168736 0.6358048412408759 0.3441295545905707 0.6185170948905109 0.35588350496277915 0.6175566660583941 0.35588350496277915 0.5676142919708029 0.2977667493796526 0.5752977335766423
0 0.35261851861042187 0.7232039945255474 0.34543554962779155 0.7193622737226277 0.34543554962779155 0.7039953905109488 0.27229985607940443 0.70591625 0.26903486972704715 0.7856319635036496 0.3010317357320099 0.7942758357664234 0.35653650248138957 0.7798693813868613 0.35261851861042187 0.7232039945255474
0 0.30233773076923076 0.7961966952554744 0.270340864764268 0.778908950729927 0.25597492431761787 0.7779485200729926 0.2566279218362283 0.8845562810218979 0.29841974689826306 0.8787936989051095 0.2977667493796526 0.8547829434306569 0.34804753846153846 0.856703802919708 0.3467415434243176 0.842297348540146 0.35588350496277915 0.8365347682481752 0.35523050744416873 0.7817902427007298 0.30233773076923076 0.7961966952554744
0 0.5099908585607941 0.17287744890510948 0.5119498498759305 0.26219746532846716 0.5883505285359801 0.24202842883211675 0.5707196029776674 0.18440261313868614 0.572678594292804 0.11429120255474452 0.5223978064516129 0.12197464416058394 0.5250097952853598 0.17287744890510948 0.5099908585607941 0.17287744890510948
0 0.6033694652605459 0.10660776094890512 0.572678594292804 0.11044948175182483 0.572678594292804 0.18152132116788322 0.5935745074441687 0.24106799817518249 0.6249183759305211 0.23146369525547447 0.6072874491315137 0.1709565894160584 0.6033694652605459 0.10660776094890512
0 0.607940446650124 0.1046868996350365 0.6125114280397023 0.17575873905109488 0.6294893560794045 0.23626584671532846 0.6621392196029777 0.22762197445255475 0.6425493014888337 0.16615443795620438 0.645814287841191 0.09508259671532847 0.607940446650124 0.1046868996350365
0 0.6784641501240695 0.08547829379562043 0.6471202816377171 0.09028044525547445 0.6477732791563275 0.16519400729927006 0.6627922158808932 0.22762197445255475 0.6980540682382134 0.214175950729927 0.6784641501240695 0.15462927372262772 0.6784641501240695 0.08547829379562043
0 0.7189499801488834 0.0710718394160584 0.6797701451612903 0.08355743430656934 0.6817291364764269 0.15174798357664232 0.704584040942928 0.21513638138686134 0.7320099255583127 0.2026507883211679 0.7143790000000001 0.1392623886861314 0.7189499801488834 0.0710718394160584
0 0.7189499801488834 0.06626968795620439 0.7163379913151365 0.1392623886861314 0.7365809069478908 0.19976949635036498 0.7862086985111663 0.18344218248175181 0.7816377171215881 0.04417979197080292 0.7189499801488834 0.06626968795620439
0 0.6118584305210918 0.32366500182481756 0.5263157890818859 0.3265462919708029 0.5263157890818859 0.39665770255474453 0.5628836364764268 0.4062620054744525 0.6144704193548387 0.39665770255474453 0.6118584305210918 0.32366500182481756
0 0.5654956253101737 0.40914329562043794 0.5250097952853598 0.39665770255474453 0.5289277779156327 0.4581252408759124 0.5380697406947891 0.46965040328467156 0.6164294106699751 0.4638878211678832 0.6183884032258065 0.39569727189781023 0.5654956253101737 0.40914329562043794
0 0.533498759305211 0.486938147810219 0.5341517568238213 0.5618517098540147 0.572678594292804 0.5724164434306569 0.6190413995037221 0.5608912791970803 0.6157764131513648 0.4898194397810218 0.533498759305211 0.486938147810219
0 0.5720255980148884 0.5714560127737226 0.5315397679900744 0.5628121405109489 0.533498759305211 0.6271609689781023 0.5765965781637717 0.6348444105839417 0.6236123808933002 0.6223588175182482 0.6216533895781637 0.559930848540146 0.5720255980148884 0.5714560127737226
0 0.5374167431761786 0.6482904343065693 0.540681729528536 0.7251248558394161 0.5746375868486352 0.7366500200729927 0.6236123808933002 0.7232039945255474 0.6223063858560794 0.6473300036496351 0.5374167431761786 0.6482904343065693
0 0.572678594292804 0.7376104489051095 0.5341517568238213 0.7241644251824818 0.5387227369727048 0.7961966952554744 0.6262243697270472 0.7942758357664234 0.6236123808933002 0.7280061459854015 0.572678594292804 0.7376104489051095
0 0.6640982109181142 0.6905493667883211 0.6334073399503722 0.6819054945255475 0.6347133337468983 0.7654629270072992 0.7189499801488834 0.7645024963503649 0.7130730049627791 0.6809450638686131 0.6640982109181142 0.6905493667883211
0 0.6347133337468983 0.6838263540145986 0.6660572022332506 0.6876680748175182 0.7163379913151365 0.6790242025547445 0.7169909888337469 0.6213983868613139 0.6334073399503722 0.6204379562043796 0.6347133337468983 0.6838263540145986
0 0.628836358560794 0.5195927773722628 0.6321013449131514 0.5973876295620438 0.7137260024813895 0.5973876295620438 0.7104610161290322 0.5186323467153285 0.6614862220843674 0.5282366496350365 0.628836358560794 0.5195927773722628
0 0.628836358560794 0.5176719178832117 0.6647512084367246 0.5263157901459854 0.7137260024813895 0.5186323467153285 0.7143790000000001 0.45140222810218983 0.6307953511166253 0.4504417974452555 0.628836358560794 0.5176719178832117
0 0.6275303647642679 0.35728006204379564 0.6262243697270472 0.43891663503649636 0.7078490272952853 0.43603534306569347 0.7104610161290322 0.3592009215328467 0.6588742332506203 0.36496350364963503 0.6275303647642679 0.35728006204379564
0 0.6817291364764269 0.2650787554744526 0.6640982109181142 0.2525931624087591 0.6510382655086849 0.25739531386861314 0.6445082928039703 0.2718017664233577 0.6268773672456576 0.2766039178832117 0.6268773672456576 0.35631963138686135 0.6634452133995038 0.3611217828467153 0.704584040942928 0.35151747992700727 0.7085020248138958 0.29293123357664236 0.6849941228287841 0.2852477901459854 0.6817291364764269 0.2650787554744526
0 0.9109311736972704 0.6358048412408759 0.8737103300248138 0.6310026897810219 0.8743633275434244 0.7145601222627738 0.9605589652605458 0.713599693430657 0.9605589652605458 0.628121397810219 0.9109311736972704 0.6358048412408759
0 0.8730573337468983 0.628121397810219 0.9122371687344912 0.632923549270073 0.9599059689826303 0.628121397810219 0.9605589652605458 0.5628121405109489 0.8730573337468983 0.5666538613138686 0.8730573337468983 0.628121397810219
0 0.8717513387096774 0.4600461003649635 0.8730573337468983 0.5445639653284671 0.9612119627791563 0.5484056861313868 0.9631709540942928 0.4581252408759124 0.9148491575682383 0.47061083394160586 0.8717513387096774 0.4600461003649635
0 0.871098341191067 0.4581252408759124 0.9128901662531018 0.46676911313868613 0.9618649602977667 0.4581252408759124 0.9631709540942928 0.3947368412408759 0.872404336228288 0.40145985401459855 0.871098341191067 0.4581252408759124
0 0.871098341191067 0.296772954379562 0.8684863523573201 0.38321167883211676 0.9592529714640199 0.3841721094890511 0.9605589652605458 0.2996542445255474 0.9122371687344912 0.30733768795620436 0.871098341191067 0.296772954379562
0 0.8704453436724565 0.2938916642335766 0.9128901662531018 0.3025355364963504 0.9605589652605458 0.29581252372262773 0.9612119627791563 0.23530541605839417 0.871098341191067 0.23722627737226276 0.8704453436724565 0.2938916642335766