0 0.08268938545816734 0.3021923954372624 0.11949624601593625 0.30026760266159697 0.12000044920318725 0.2694709258555133 0.1326055378486056 0.27235811406844107 0.1315971314741036 0.10778837072243345 0.08571460657370518 0.10105159695817491 0.08268938545816734 0.3021923954372624
0 0.1331097420318725 0.10586357794676805 0.13210133466135457 0.30700437642585554 0.16084093824701196 0.3079667718631179 0.16134514143426296 0.1049011825095057 0.1331097420318725 0.10586357794676805
0 0.1941183735059761 0.2771700950570342 0.19563098406374502 0.20499038212927756 0.19512678087649402 0.10875076615969581 0.16437036254980078 0.10586357794676805 0.1618493456175299 0.3031547908745247 0.18705952390438246 0.30411718821292777 0.18705952390438246 0.2762076996197718 0.1941183735059761 0.2771700950570342
0 0.1991604093625498 0.10682597338403041 0.19512678087649402 0.3050795836501901 0.22739580876494025 0.30700437642585554 0.2294126235059761 0.10971316349809887 0.1991604093625498 0.10682597338403041
0 0.2581522270916335 0.27524530228136884 0.2611774482071713 0.21076476045627376 0.2611774482071713 0.11163795437262358 0.23294204780876496 0.10971316349809887 0.22991682669322708 0.30411718821292777 0.2521017838645418 0.3079667718631179 0.2526059870517928 0.2771700950570342 0.2581522270916335 0.27524530228136884
0 0.26470687250996017 0.11067555893536123 0.2611774482071713 0.30700437642585554 0.2929422729083665 0.3050795836501901 0.2954632908366534 0.11163795437262358 0.26470687250996017 0.11067555893536123
0 0.32621970816733065 0.2771700950570342 0.3282365229083665 0.11548753992395437 0.29748010458167334 0.11356274714828898 0.2959674940239044 0.3079667718631179 0.3176482480079681 0.30700437642585554 0.31966506175298803 0.280057283269962 0.32621970816733065 0.2771700950570342
0 0.33075754083665343 0.11163795437262358 0.32621970816733065 0.30989156463878326 0.36000134760956176 0.31085396007604565 0.36201816135458165 0.11260035171102661 0.33075754083665343 0.11163795437262358
0 0.392270375498008 0.27909488783269965 0.3963040039840638 0.20883996768060836 0.3968082081673307 0.11644993536121673 0.3640349760956175 0.10971316349809887 0.3625223655378486 0.31181635741444863 0.3847073217131474 0.31374114828897337 0.38571572908366536 0.27813249049429656 0.392270375498008 0.27909488783269965
0 0.3998334292828685 0.11260035171102661 0.39932922509960156 0.21461434410646388 0.3942871902390438 0.31181635741444863 0.4336150677290837 0.31085396007604565 0.4341192719123506 0.11260035171102661 0.3998334292828685 0.11260035171102661
0 0.516808656374502 0.3195155266159696 0.5173128605577689 0.2877564524714829 0.5263885249003984 0.2935308288973384 0.5279011354581673 0.2155767414448669 0.5268927280876494 0.11452514258555134 0.48101020318725096 0.11741233269961977 0.4794975926294821 0.3156659410646388 0.516808656374502 0.3195155266159696
0 0.5586575527888447 0.2896812452471483 0.5616827739043824 0.2223135133079848 0.5611785707171314 0.12126191634980989 0.5299179492031872 0.12222431178707223 0.5299179492031872 0.21750153231939162 0.5294137460159362 0.29834280988593154 0.5213464890438247 0.29834280988593154 0.5208422848605577 0.32432750760456275 0.5536155169322708 0.3252899030418251 0.551598703187251 0.2896812452471483 0.5586575527888447 0.2896812452471483
0 0.5642037918326693 0.12222431178707223 0.5657164023904383 0.2203887205323194 0.5601701633466135 0.29160603802281365 0.5631953854581674 0.29160603802281365 0.5586575527888447 0.321440319391635 0.5974812280876495 0.3185531292775665 0.6040358735059761 0.12414910456273764 0.5642037918326693 0.12222431178707223
0 0.6670613197211155 0.2906436406844107 0.7048765876494024 0.2704333212927757 0.6998345517928286 0.24059903992395437 0.7068934013944222 0.23097507984790874 0.694288312749004 0.16456974334600763 0.6786580019920319 0.07795408935361216 0.6322712739043824 0.11356274714828898 0.6670613197211155 0.2906436406844107
0 0.7376498197211155 0.20787757034220533 0.7275657480079681 0.14532182129277565 0.7068934013944222 0.05389418441064639 0.6796664093625499 0.07410450380228137 0.6988261444223107 0.1684193288973384 0.7104228266932271 0.23289987072243346 0.7038681802788845 0.24637341825095058 0.7079018087649402 0.2675461330798479 0.7391624302788845 0.2434862300380228 0.7321035796812749 0.21268955133079848 0.7376498197211155 0.20787757034220533
0 0.7104228266932271 0.05100699619771863 0.7315993764940238 0.14532182129277565 0.7411792440239043 0.20787757034220533 0.7386582260956175 0.2117271558935361 0.7426918545816734 0.23578706083650192 0.7800029193227092 0.21076476045627376 0.7623557938247012 0.11741233269961977 0.7431960587649403 0.027909488593155896 0.7104228266932271 0.05100699619771863
0 0.0761347390438247 0.666940541825095 0.12352987450199203 0.665978144486692 0.12504248505976095 0.5822496787072243 0.1230256703187251 0.47446130798479086 0.08218518127490039 0.4725365152091255 0.0761347390438247 0.666940541825095
0 0.12605089143426293 0.4754237053231939 0.1265550956175299 0.5707009239543727 0.1280677061752988 0.6717525228136882 0.1578157171314741 0.6765645019011407 0.1573115129482072 0.47734849619771863 0.12605089143426293 0.4754237053231939
0 0.16084093824701196 0.47734849619771863 0.16033673406374502 0.5832120741444866 0.16285775199203187 0.6756021064638783 0.18756372709163346 0.6813764828897338 0.19260576294820717 0.4734989125475285 0.16084093824701196 0.47734849619771863
0 0.2228579770916335 0.486972458174905 0.1946225766932271 0.4802356863117871 0.19210155876494026 0.5716633212927756 0.19310996613545817 0.6813764828897338 0.2228579770916335 0.686188463878327 0.2248747908366534 0.5832120741444866 0.2228579770916335 0.486972458174905
0 0.2581522270916335 0.48793485551330795 0.22437058764940238 0.48408526996197715 0.22790001294820716 0.5851368669201521 0.2263874013944223 0.6823388802281369 0.25411859760956174 0.6881132566539924 0.2581522270916335 0.5822496787072243 0.2581522270916335 0.48793485551330795
0 0.2596648376494024 0.48408526996197715 0.2596648376494024 0.5870616596958176 0.2561354123505976 0.68715086121673 0.28638762649402394 0.6881132566539924 0.2909254581673307 0.48408526996197715 0.2596648376494024 0.48408526996197715
0 0.2934464760956176 0.48408526996197715 0.2884044402390438 0.6881132566539924 0.3216818764940239 0.6900380494296579 0.3252113007968127 0.48408526996197715 0.2934464760956176 0.48408526996197715
0 0.3282365229083665 0.48408526996197715 0.32369869023904385 0.6842636730038022 0.35697612549800795 0.68715086121673 0.36000134760956176 0.48312287452471486 0.3282365229083665 0.48408526996197715
0 0.36201816135458165 0.4821604771863118 0.3584887370517928 0.6890756520912548 0.3947913934262948 0.6919628422053232 0.3942871902390438 0.486972458174905 0.36201816135458165 0.4821604771863118
0 0.5571449422310757 0.4975588155893536 0.5546239243027888 0.7006244068441064 0.5904223774900399 0.7035115950570342 0.5924391922310757 0.49948360836501904 0.5571449422310757 0.4975588155893536
0 0.5097498067729084 0.6967748212927757 0.5536155169322708 0.7006244068441064 0.5561365348605578 0.49948360836501904 0.5132792320717132 0.49659642015209127 0.5097498067729084 0.6967748212927757
0 0.5949602101593625 0.4975588155893536 0.5904223774900399 0.7015868022813688 0.622691406374502 0.7035115950570342 0.623699812749004 0.5014084011406844 0.5949602101593625 0.4975588155893536
0 0.6247082201195219 0.7015868022813688 0.6635318954183267 0.7035115950570342 0.6665571165338645 0.5023707965779467 0.6282376454183267 0.500446005703422 0.6247082201195219 0.7015868022813688
0 0.7336161912350597 0.6091967718631178 0.747229687250996 0.6938876330798479 0.7931122121513945 0.665978144486692 0.7754650866533864 0.5774376977186312 0.7588263695219123 0.4811980817490494 0.7149606583665339 0.5110323631178707 0.7336161912350597 0.6091967718631178
0 0.7613473874501993 0.4763861007604563 0.7769776972111554 0.5774376977186312 0.7956332300796812 0.6630909562737642 0.8258854442231076 0.645767825095057 0.8077341155378486 0.5610769638783271 0.7885743794820717 0.4581005741444867 0.7613473874501993 0.4763861007604563
0 0.8087425229083666 0.5524153973384031 0.8294148685258964 0.641918241444867 0.8631965079681275 0.6159335437262358 0.8410115507968127 0.5225811159695817 0.8263896474103586 0.49467162737642584 0.8142887619521912 0.4619501577946768 0.8163055756972111 0.4378902547528517 0.7926080079681276 0.45425098859315594 0.8087425229083666 0.5524153973384031
0 0.8233644262948207 0.6679029372623574 0.8571460647410358 0.8555701882129277 0.9100874392430279 0.8189991349809885 0.8747931902390439 0.6371062604562737 0.8233644262948207 0.6679029372623574
0 0.8294148685258964 0.8777053003802281 0.856137657370518 0.8603821692015209 0.8384905328685259 0.7612553650190114 0.8228602221115537 0.6727149182509505 0.7956332300796812 0.6852260684410647 0.8097509292828685 0.7853152699619772 0.8294148685258964 0.8777053003802281
0 0.7951290258964143 0.9027276007604563 0.8258854442231076 0.8796300931558936 0.8057173007968127 0.7853152699619772 0.7915996015936254 0.6919628422053232 0.7628599980079681 0.7102483688212928 0.7759692908366534 0.800713608365019 0.7951290258964143 0.9027276007604563
0 0.730590969123506 0.7978264201520913 0.7240363227091633 0.8055255893536122 0.7310951733067729 0.8555701882129277 0.7431960587649403 0.8536453973384031 0.7532801304780877 0.9085019771863119 0.7764734940239044 0.9085019771863119 0.7910953974103585 0.9027276007604563 0.7734482729083665 0.8141871539923955 0.7578179621513944 0.718909933460076 0.7235321195219123 0.7420074410646388 0.730590969123506 0.7978264201520913
0 0.6978177380478088 0.7776161007604563 0.6912630916334661 0.7766537034220533 0.6897504800796813 0.7237219144486692 0.6504226025896414 0.7343082718631179 0.6453805667330678 0.820923927756654 0.6463889741035856 0.9248627129277566 0.6786580019920319 0.9277499011406843 0.6796664093625499 0.9133139581749049 0.6958009233067729 0.9046523935361216 0.692775702191235 0.8517206045627377 0.7008429591633466 0.8488334163498099 0.6978177380478088 0.7776161007604563
0 0.6121031314741037 0.8228487186311787 0.6095821135458167 0.9239003174904943 0.6433637519920318 0.9296746939163498 0.6423553456175298 0.8228487186311787 0.6489099910358566 0.7314210836501901 0.6176493705179282 0.7256467072243347 0.6121031314741037 0.8228487186311787
0 0.5833635278884463 0.7448946311787072 0.5793298994023904 0.7497066102661597 0.5793298994023904 0.8238111159695818 0.5752962709163346 0.9248627129277566 0.606556891434263 0.9296746939163498 0.6090779093625498 0.820923927756654 0.6141199452191235 0.7285338954372623 0.5894139701195219 0.7285338954372623 0.5833635278884463 0.7448946311787072
0 0.551094499003984 0.7506690076045628 0.5455482599601593 0.752593800380228 0.5445398525896414 0.8189991349809885 0.5435314462151394 0.9210131273764258 0.5737836603585658 0.9219755247148289 0.5773130846613546 0.8199615304182509 0.5758004741035856 0.7506690076045628 0.5843719352589641 0.7458570266159695 0.5853803416334661 0.726609102661597 0.5531113137450199 0.726609102661597 0.551094499003984 0.7506690076045628
0 0.5384894103585658 0.9219755247148289 0.5410104282868526 0.8189991349809885 0.5415146314741036 0.7833904771863118 0.5384894103585658 0.7612553650190114 0.5475650747011952 0.7448946311787072 0.5485734810756973 0.7237219144486692 0.48756484960159363 0.7169851406844107 0.4865564432270917 0.7862776653992395 0.49210268227091636 0.7891648536121673 0.48958166434262945 0.8921412433460076 0.5072287888446215 0.8969532243346008 0.5062203814741036 0.9210131273764258 0.5384894103585658 0.9219755247148289