0 0.09783665508021391 0.028330394736842103 0.09844433689839573 0.08121380055401663 0.22241127807486633 0.08625031440443214 0.22423432219251335 0.03021908864265928 0.09783665508021391 0.028330394736842103
0 0.0893291203208556 0.08247292936288088 0.08872143850267379 0.12465373961218837 0.22058823529411764 0.1309493836565097 0.22362664037433155 0.08876857202216067 0.0893291203208556 0.08247292936288088
0 0.08629071524064172 0.12402417590027702 0.08568303342245989 0.14479979916897506 0.09783665508021391 0.1460589265927978 0.09722897459893047 0.16683454986149585 0.22058823529411764 0.1718710650969529 0.22058823529411764 0.13157894736842105 0.08629071524064172 0.12402417590027702
0 0.09601361229946523 0.16746411495844876 0.09479825 0.1876101731301939 0.10695187165775401 0.19453538088642658 0.10512882887700535 0.20838579639889196 0.21329606283422461 0.21405187673130194 0.2157267860962567 0.17438932271468144 0.09601361229946523 0.16746411495844876
0 0.09479825 0.20712666897506926 0.09358288770053476 0.24993704293628807 0.21511910561497324 0.25749181578947367 0.21694214839572193 0.21405187673130194 0.09479825 0.20712666897506926
0 0.09115216310160429 0.2518257368421053 0.08629071524064172 0.2895995969529086 0.2108653382352941 0.2965248047091413 0.21329606283422461 0.25938050831024934 0.09115216310160429 0.2518257368421053
0 0.08811375802139038 0.2902291620498615 0.08750607620320855 0.3361873587257618 0.20843461363636362 0.33870561634349033 0.20843461363636362 0.3003021911357341 0.08811375802139038 0.2902291620498615
0 0.08507535294117648 0.3355577936288089 0.08629071524064172 0.3764794764542936 0.20235780213903745 0.3846638130193906 0.2102576564171123 0.33933518005540164 0.08507535294117648 0.3355577936288089
0 0.082644628342246 0.38025686288088645 0.08021390374331551 0.42558549445983374 0.2072192513368984 0.42873331717451524 0.20904229411764708 0.38844119806094185 0.082644628342246 0.38025686288088645
0 0.07960622326203208 0.42621505955678674 0.08142926604278074 0.4400654750692521 0.09905201737967914 0.4444724252077562 0.09662129278074867 0.4608410983379502 0.206611570855615 0.46587761218836565 0.2072192513368984 0.4318811385041551 0.07960622326203208 0.42621505955678674
0 0.09419056818181817 0.4608410983379502 0.08082158422459894 0.46587761218836565 0.07778317914438503 0.5112062451523546 0.20600388903743316 0.5137245027700831 0.20904229411764708 0.4652480484764543 0.09419056818181817 0.4608410983379502
0 0.3706854639037433 0.09317552216066483 0.367039378342246 0.06295643351800555 0.35367039438502673 0.057290354570637116 0.3512396697860963 0.03399647506925208 0.2461108409090909 0.02707126731301939 0.2394263489304813 0.08562075069252077 0.3706854639037433 0.09317552216066483
0 0.350024307486631 0.1334676398891967 0.3506319879679144 0.11458071052631578 0.36339329144385024 0.11458071052631578 0.3706854639037433 0.09569377977839334 0.24124939171122994 0.0881390083102493 0.23821098663101603 0.12591286842105265 0.350024307486631 0.1334676398891967
0 0.2394263489304813 0.12906068975069254 0.2360607807486631 0.1726452700831025 0.36886242112299467 0.17753714404432133 0.3725085080213904 0.14731805540166204 0.35427807486631013 0.14228154155124653 0.3548857553475936 0.13472676869806094 0.2394263489304813 0.12906068975069254
0 0.3445551778074867 0.21971795567867033 0.3463782205882353 0.20712666897506926 0.3646086537433155 0.20334928254847645 0.367039378342246 0.1794258379501385 0.23821098663101603 0.17690758033240997 0.2369956243315508 0.21657013296398894 0.3445551778074867 0.21971795567867033
0 0.36339329144385024 0.23356837119113572 0.3463782205882353 0.22664316343490304 0.3463782205882353 0.22034751939058173 0.23881866844919783 0.2178292617728532 0.2339572192513369 0.2568622506925208 0.3609625668449198 0.2612692022160665 0.36339329144385024 0.23356837119113572
0 0.3421244532085561 0.3040795775623269 0.3463782205882353 0.2858222105263158 0.3603548863636364 0.28456308171745154 0.3627856096256684 0.2631578947368421 0.2339572192513369 0.2600100734072022 0.23456489973262032 0.2990430623268698 0.3421244532085561 0.3040795775623269
0 0.2904715601604278 0.345630824099723 0.35974720454545456 0.3437421301939058 0.35549343716577536 0.31667086426592794 0.3451628582887701 0.3065978337950139 0.23578026203208557 0.3003021911357341 0.23456489973262032 0.3412238725761773 0.2904715601604278 0.345630824099723
0 0.34333981550802134 0.38655250554016624 0.34333981550802134 0.3670360110803324 0.3615702473262032 0.3475195166204986 0.2321341764705882 0.34248300138504156 0.22970345187165778 0.3808864265927978 0.28621779278074866 0.3871820706371191 0.34333981550802134 0.38655250554016624
0 0.2868254745989305 0.427474188365651 0.34941662566844917 0.4293628808864266 0.35306271256684496 0.3871820706371191 0.2929022847593583 0.3871820706371191 0.23031113235294118 0.3834046842105263 0.2278804077540107 0.42558549445983374 0.2868254745989305 0.427474188365651
0 0.2570491002673797 0.4715436911357341 0.26555663636363636 0.48791236426592793 0.29897909625668445 0.4860236717451523 0.29715605213903745 0.4759506426592798 0.3324015561497326 0.4753210775623269 0.3342245989304813 0.4532863254847645 0.34820126336898394 0.45454545429362886 0.350024307486631 0.42810375207756235 0.22605736497326204 0.42873331717451524 0.22119591577540107 0.47280281994459833 0.2570491002673797 0.4715436911357341
0 0.4630529893048128 0.09758247229916897 0.6137578997326203 0.10576680886426593 0.6107194946524064 0.04784689058171745 0.46669907620320855 0.044699067867036014 0.4630529893048128 0.09758247229916897
0 0.6885026737967914 0.11206245290858727 0.7589936804812834 0.11206245290858727 0.7553475935828877 0.08058423545706371 0.7419786096256684 0.07554772160664819 0.741370929144385 0.055401662049861494 0.6429265922459892 0.047217325484764545 0.6374574625668449 0.10639637396121883 0.6885026737967914 0.11206245290858727
0 0.5493437045454546 0.10639637396121883 0.4831064652406417 0.10135985872576178 0.4849295093582888 0.12150591828254848 0.4982984933155081 0.13283807617728532 0.506198347593583 0.1429111052631579 0.6088964505347594 0.14794762049861496 0.6088964505347594 0.10513724515235458 0.5493437045454546 0.10639637396121883
0 0.5456976176470588 0.14857718421052632 0.5001215360962566 0.14039284764542936 0.5001215360962566 0.1498363130193906 0.4831064652406417 0.1504658781163435 0.4800680601604278 0.18383278808864265 0.5432668930481284 0.18886930193905818 0.5754739906417112 0.19012843074792243 0.6064657272727273 0.18698060941828254 0.605250364973262 0.1504658781163435 0.5456976176470588 0.14857718421052632
0 0.687894993315508 0.1523545706371191 0.739547885026738 0.15298413434903047 0.7401555668449197 0.1378745914127424 0.7504861443850268 0.1366154626038781 0.7577783181818182 0.11395114542936288 0.6957948462566845 0.11646940304709141 0.6350267379679144 0.10639637396121883 0.6301652887700535 0.1492067493074792 0.687894993315508 0.1523545706371191
0 0.687894993315508 0.19390581717451524 0.7541322312834224 0.1983127673130194 0.7571706363636365 0.16557542243767315 0.7407632473262032 0.16116847091412742 0.742586290106952 0.15424326315789474 0.6897180360962567 0.1561319570637119 0.632596013368984 0.1523545706371191 0.6313806510695187 0.18698060941828254 0.687894993315508 0.19390581717451524
0 0.5450899371657755 0.192646688365651 0.4727758877005348 0.1857214806094183 0.469129800802139 0.22349534072022162 0.5469129799465241 0.2310501135734072 0.6076810895721925 0.23293880609418283 0.6095041323529412 0.18698060941828254 0.5450899371657755 0.192646688365651
0 0.6872873114973262 0.2367161925207756 0.7334710748663101 0.23608662742382272 0.7401555668449197 0.22286577700831023 0.7541322312834224 0.21594056925207755 0.7559552740641712 0.19705363850415514 0.6903257165775402 0.19642407479224377 0.6356344184491979 0.1876101731301939 0.6332036951871658 0.23356837119113572 0.6872873114973262 0.2367161925207756
0 0.5475206617647059 0.2341979349030471 0.4648760334224599 0.22349534072022162 0.4618376270053476 0.2669352811634349 0.5359747205882353 0.2732309238227147 0.6034273208556149 0.2726013601108033 0.6064657272727273 0.23608662742382272 0.5475206617647059 0.2341979349030471
0 0.6854642687165775 0.2776378739612188 0.7620320855614974 0.28015613157894736 0.7632474478609625 0.22916141966759002 0.7346864371657753 0.2367161925207756 0.687894993315508 0.2398640138504155 0.6332036951871658 0.23608662742382272 0.6271268836898396 0.27449005263157894 0.6854642687165775 0.2776378739612188
0 0.678779776737968 0.31981868559556786 0.7541322312834224 0.3210778144044321 0.765678172459893 0.2996726260387812 0.7577783181818182 0.2776378739612188 0.6848565868983958 0.27826743905817175 0.6271268836898396 0.27574918144044325 0.6271268836898396 0.31163434903047094 0.678779776737968 0.31981868559556786
0 0.5414438502673797 0.27574918144044325 0.48128342245989303 0.2726013601108033 0.48432182754010694 0.3110047853185596 0.5450899371657755 0.3154117354570637 0.605250364973262 0.31604129916897505 0.6040350026737967 0.2732309238227147 0.5414438502673797 0.27574918144044325
0 0.683033544117647 0.36388818975069254 0.742586290106952 0.3651473185595568 0.7456246965240642 0.31667086426592794 0.6836412245989305 0.3210778144044321 0.624696159090909 0.31415260664819944 0.6234807967914439 0.35507428808864266 0.683033544117647 0.36388818975069254
0 0.5438745748663101 0.31792999307479225 0.4891832767379679 0.31352304155124655 0.4776373355614973 0.3210778144044321 0.47642197326203206 0.3512969030470914 0.5420515307486631 0.361369932132964 0.5997812352941176 0.36199949584487534 0.5997812352941176 0.319189120498615 0.5438745748663101 0.31792999307479225
0 0.5384054451871658 0.36577688227146815 0.4727758877005348 0.35696298199445986 0.47459893048128343 0.39221858448753466 0.5128828395721925 0.4010324861495845 0.5402284879679145 0.4048098711911357 0.5973505106951872 0.4010324861495845 0.6016042780748663 0.36640644736842104 0.5384054451871658 0.36577688227146815
0 0.741370929144385 0.43062200969529085 0.7438016524064172 0.36829513988919665 0.6812105013368984 0.36766557479224377 0.6210500735294118 0.35948123961218836 0.62044239171123 0.4243263656509695 0.741370929144385 0.43062200969529085
0 0.4709528435828877 0.4400654750692521 0.5949197860962567 0.4476202465373961 0.5961351483957219 0.4048098711911357 0.5384054451871658 0.40795769390581715 0.4837141470588235 0.40166204986149584 0.47520661096256683 0.4010324861495845 0.4709528435828877 0.4400654750692521
0 0.48675255213903745 0.5609418282548476 0.5013368983957219 0.5622009570637119 0.5080213903743316 0.5703852936288089 0.6143655815508021 0.5414253337950138 0.5985658729946525 0.48728280055401657 0.47581429278074866 0.5219088393351801 0.48675255213903745 0.5609418282548476
0 0.5068060280748663 0.5722739861495845 0.506198347593583 0.5804583227146815 0.49526008689839573 0.5886426592797784 0.5013368983957219 0.6176026191135734 0.6216577540106952 0.5823470152354571 0.6125425374331551 0.5439435914127424 0.5068060280748663 0.5722739861495845
0 0.5001215360962566 0.619491311634349 0.5043753034759358 0.635859984764543 0.52564414171123 0.6396373711911357 0.527467185828877 0.6528582216066482 0.6338113756684493 0.6257869556786704 0.625303840909091 0.5842357091412742 0.5001215360962566 0.619491311634349
0 0.5268595040106953 0.6553764792243768 0.5128828395721925 0.6685973310249308 0.5201750120320856 0.69881641966759 0.6435342727272727 0.6679677659279778 0.6338113756684493 0.6314530346260387 0.5268595040106953 0.6553764792243768
0 0.5268595040106953 0.7208511703601109 0.5438745748663101 0.7208511703601109 0.5481283422459893 0.7359607146814405 0.6544725334224599 0.709519012465374 0.6441419545454545 0.6704860235457064 0.5201750120320856 0.7025938047091412 0.5268595040106953 0.7208511703601109
0 0.5444822553475935 0.7397381011080333 0.5335439959893048 0.7504406952908587 0.5438745748663101 0.7831780401662051 0.6641954304812834 0.7454041800554017 0.6544725334224599 0.7126668351800554 0.5444822553475935 0.7397381011080333
0 0.5402284879679145 0.7882145554016621 0.5463052994652406 0.8020649709141274 0.5578512393048128 0.8071014861495844 0.5657510935828878 0.8240997229916898 0.6769567326203209 0.7938806343490304 0.6629800681818182 0.7485520013850416 0.5402284879679145 0.7882145554016621
0 0.6423189104278075 0.5735331149584487 0.7614244050802138 0.537647947368421 0.7450170147058824 0.48791236426592793 0.7334710748663101 0.48791236426592793 0.6277345655080214 0.5193905817174516 0.6423189104278075 0.5735331149584487
0 0.753524550802139 0.5854948379501386 0.7510938262032085 0.5684965997229917 0.7650704906417113 0.5628305207756232 0.763855128342246 0.5395366412742383 0.6465726791443851 0.574792243767313 0.6575109385026737 0.6138252326869806 0.753524550802139 0.5854948379501386
0 0.7796548368983958 0.6245278268698061 0.7717549826203209 0.5773105013850415 0.6490034024064171 0.6150843614958449 0.6550802139037433 0.6560060443213297 0.7796548368983958 0.6245278268698061
0 0.7954545454545454 0.6604129944598338 0.7863393288770054 0.6188617479224376 0.656903256684492 0.6591538656509696 0.6696645601604277 0.6962981620498615 0.7954545454545454 0.6604129944598338
0 0.8039620802139038 0.7057416274238227 0.7924161403743315 0.6597834293628808 0.6714876029411765 0.6994459833795014 0.6806028195187166 0.7378494085872576 0.8039620802139038 0.7057416274238227
0 0.817331064171123 0.7655502396121884 0.8063928048128343 0.7070007548476455 0.6836412245989305 0.7409972299168975 0.6945794852941176 0.7989171495844875 0.817331064171123 0.7655502396121884
0 0.24550316042780748 0.6056408961218837 0.362177929144385 0.574792243767313 0.3548857553475936 0.5439435914127424 0.3439474959893048 0.542684462603878 0.3354399612299465 0.5231679681440443 0.23821098663101603 0.5470914127423823 0.24550316042780748 0.6056408961218837
0 0.35549343716577536 0.6207504404432134 0.35731647994652405 0.6075295900277009 0.36825473930481284 0.6031226385041552 0.3609625668449198 0.5760513725761772 0.24975692780748665 0.6094182825484764 0.2588721443850267 0.6503399653739612 0.35549343716577536 0.6207504404432134
0 0.11485172593582889 0.5899017880886427 0.09844433689839573 0.6169730540166205 0.10148274197860963 0.649080836565097 0.22423432219251335 0.619491311634349 0.22241127807486633 0.6069000249307479 0.22484200267379678 0.6024930747922438 0.22058823529411764 0.5892722229916898 0.2157267860962567 0.5873835304709142 0.21147301871657753 0.5634600858725761 0.11485172593582889 0.5899017880886427
0 0.10938259625668448 0.672374716066482 0.12518230481283424 0.669856459833795 0.13125911497326204 0.6874842603878116 0.18534273262032083 0.6742634099722992 0.2321341764705882 0.6623016869806094 0.22241127807486633 0.6232686980609419 0.10512882887700535 0.649080836565097 0.10938259625668448 0.672374716066482
0 0.3816237232620321 0.6553764792243768 0.3779776377005348 0.6283052132963989 0.362177929144385 0.6333417271468144 0.3609625668449198 0.6207504404432134 0.2576567820855615 0.6534877867036011 0.26555663636363636 0.685595567867036 0.3816237232620321 0.6553764792243768
0 0.1184978128342246 0.7000755470914127 0.12639766711229947 0.7290355069252078 0.24793388368983957 0.6994459833795014 0.23517258155080212 0.6629312520775623 0.1184978128342246 0.7000755470914127
0 0.3810160427807487 0.6994459833795014 0.38405444786096254 0.6843364390581718 0.39438502673796794 0.6767816675900277 0.391346621657754 0.6541173504155124 0.26859504144385027 0.6887433891966759 0.27649489572192515 0.7239989930747922 0.3810160427807487 0.6994459833795014
0 0.12578998529411764 0.7290355069252078 0.13368983957219252 0.7510702590027701 0.148274185828877 0.7523293878116344 0.14948954812834223 0.7661798033240997 0.2558337379679145 0.7403676662049861 0.24914924598930482 0.6994459833795014 0.12578998529411764 0.7290355069252078
0 0.4059309679144385 0.7359607146814405 0.40106951871657753 0.7057416274238227 0.38587749197860965 0.709519012465374 0.3810160427807487 0.701334675900277 0.2813563435828877 0.7271468144044322 0.2910792419786096 0.7712163185595567 0.4059309679144385 0.7359607146814405
0 0.15070491042780748 0.767438932132964 0.14888186631016043 0.7743641398891967 0.14098201203208555 0.7819189127423822 0.148274185828877 0.8127675650969529 0.2698104037433155 0.7825484764542936 0.2576567820855615 0.7428859224376732 0.15070491042780748 0.767438932132964
0 0.3980311136363637 0.7831780401662051 0.3974234318181818 0.7661798033240997 0.4089693729946524 0.7598841606648199 0.4095770534759358 0.738478972299169 0.29229460427807485 0.7731050110803325 0.3044482259358289 0.8083606149584487 0.3980311136363637 0.7831780401662051
0 0.1452357807486631 0.817174515235457 0.15252795320855614 0.8297658019390581 0.1689353422459893 0.8297658019390581 0.1744044719251337 0.8530596828254847 0.2801409826203209 0.825358851800554 0.2667719986631016 0.7850667340720221 0.1452357807486631 0.817174515235457
0 0.42719980614973263 0.820322336565097 0.41747690775401064 0.7850667340720221 0.3998541564171123 0.7907328130193906 0.3980311136363637 0.7844371689750693 0.3044482259358289 0.8115084362880887 0.31477880347593584 0.8555779404432132 0.42719980614973263 0.820322336565097
0 0.17258142914438504 0.8530596828254847 0.16103548796791442 0.8681692271468143 0.1683276617647059 0.8952404930747923 0.23456489973262032 0.8820196426592798 0.28621779278074866 0.8612440193905817 0.27649489572192515 0.8272475443213296 0.17258142914438504 0.8530596828254847
0 0.38405444786096254 0.8788718213296398 0.42112299465240643 0.8681692271468143 0.41929995187165775 0.8518005540166205 0.42963052941176466 0.8467640387811635 0.42841516711229943 0.8215814653739613 0.3153864852941176 0.8599848905817175 0.32389402005347595 0.8920926717451524 0.38405444786096254 0.8788718213296398
0 0.23274185695187166 0.8857970290858725 0.16650461898395721 0.8996474445983379 0.17318911096256684 0.9160161163434903 0.1865580949197861 0.9147569875346261 0.19385026737967914 0.9355326108033242 0.2995867767379679 0.9034248296398892 0.2886485173796791 0.8562075041551247 0.23274185695187166 0.8857970290858725