0 0.13109147962382445 0.22623019151376147 0.14106583072100312 0.23769808142201834 0.17170134012539184 0.2397831525229358 0.18167569122257055 0.23613427866972475 0.19449985736677117 0.23769808142201834 0.19806212539184953 0.16472060091743118 0.1831005987460815 0.16419933256880734 0.18381305172413795 0.15794412041284403 0.1503277288401254 0.1558590493119266 0.148190368338558 0.16159299426605503 0.13607865517241377 0.16159299426605503 0.13109147962382445 0.22623019151376147
0 0.24152180094043887 0.16159299426605503 0.20376175548589343 0.15794412041284403 0.19877457993730407 0.16419933256880734 0.1952123119122257 0.24134695527522934 0.23510971786833856 0.24499583027522934 0.24223425548589342 0.20173060894495412 0.24152180094043887 0.16159299426605503
0 0.2871188369905956 0.16680567087155962 0.27571957836990596 0.16889074197247705 0.2636078652037617 0.15950792316513762 0.24365916144200625 0.1584653876146789 0.2457965235109718 0.2006880733944954 0.2400968934169279 0.24499583027522934 0.27714448589341695 0.2470809002293578 0.2885437445141066 0.20277314449541287 0.2871188369905956 0.16680567087155962
0 0.326303789968652 0.16993327752293577 0.31775434639498434 0.16367806536697246 0.3013679106583072 0.16367806536697246 0.292106012539185 0.1683694747706422 0.29068110501567396 0.19860300229357797 0.2792818463949843 0.24655963302752293 0.31846679937304073 0.2507297752293578 0.3298660579937304 0.20381568004587156 0.326303789968652 0.16993327752293577
0 0.37118837304075236 0.16784820642201836 0.3334283275862069 0.16680567087155962 0.3348532351097179 0.2032944116972477 0.32345397492163014 0.25229357798165136 0.3619264749216301 0.25646372018348623 0.37546309561128527 0.21007089220183486 0.37118837304075236 0.16784820642201836
0 0.4495582789968652 0.2434320263761468 0.5051296661442006 0.227793995412844 0.49016813949843263 0.19078398623853213 0.46808207523510975 0.16315679701834862 0.45383300156739814 0.15950792316513762 0.42747221473354235 0.16524186811926606 0.41892276959247643 0.17462468692660552 0.434596750783699 0.20642201834862386 0.4495582789968652 0.2434320263761468
0 0.5086919357366771 0.14439115940366973 0.46665716771159876 0.1522101754587156 0.4944428605015674 0.19078398623853213 0.5065545736677116 0.22883653096330275 0.5471644341692791 0.21788990825688073 0.532202907523511 0.17670975802752295 0.5086919357366771 0.14439115940366973
0 0.54858934169279 0.13135946674311927 0.5058421206896552 0.1407422855504587 0.5371900830721004 0.17670975802752295 0.5521516097178683 0.21684737270642204 0.5891992021943574 0.2043369472477064 0.5756625815047022 0.16680567087155962 0.54858934169279 0.13135946674311927
0 0.5906241097178683 0.12249791513761467 0.5528640642633229 0.13135946674311927 0.5792248510971787 0.16784820642201836 0.5934739247648904 0.2043369472477064 0.6340837852664577 0.19078398623853213 0.6162724420062696 0.1537739782110092 0.5906241097178683 0.12249791513761467
0 0.11684240595611287 0.3925145951834862 0.11114277586206897 0.42848206880733947 0.1766885156739812 0.4305671387614679 0.18025078369905956 0.3945996662844037 0.18096323667711597 0.34977064220183485 0.11897976645768026 0.3456005 0.11684240595611287 0.3925145951834862
0 0.18381305172413795 0.34977064220183485 0.18167569122257055 0.3945996662844037 0.17740096865203764 0.43004587155963303 0.2151610141065831 0.4321309426605504 0.22228555172413794 0.3940783990825688 0.2215730971786834 0.3508131777522936 0.18381305172413795 0.34977064220183485
0 0.22086064420062695 0.3523769805045871 0.2237104592476489 0.39616346903669725 0.21801082915360503 0.4310884071100917 0.23225990282131662 0.4326522098623853 0.24080934796238243 0.4243119266055046 0.26432031974921627 0.4237906594036697 0.26717013322884015 0.39876980848623855 0.2636078652037617 0.35602585435779815 0.22086064420062695 0.3523769805045871
0 0.3092049012539185 0.3544620516055046 0.26432031974921627 0.3534195160550459 0.2707324028213166 0.4003336112385321 0.2664576802507837 0.4326522098623853 0.3049301802507837 0.43682235206422015 0.3056426332288401 0.4013761467889908 0.3092049012539185 0.3544620516055046
0 0.3505272163009404 0.36228106766055046 0.3084924482758621 0.35706838990825684 0.3092049012539185 0.4013761467889908 0.30635508620689655 0.43734361926605503 0.3198917068965517 0.43890742316513764 0.33271587304075234 0.419099248853211 0.3462524937304075 0.43682235206422015 0.3540894843260188 0.40241868233944955 0.3505272163009404 0.36228106766055046
0 0.3904246222570533 0.36228106766055046 0.3540894843260188 0.3617597993119266 0.35337702978056423 0.40606755619266055 0.34981476175548587 0.4415137614678899 0.3897121692789968 0.4342160137614679 0.3939868902821317 0.40241868233944955 0.3904246222570533 0.36228106766055046
0 0.3939868902821317 0.3617597993119266 0.3982616128526646 0.40554628899082573 0.39113707680250787 0.4404712259174312 0.4353092053291536 0.440992494266055 0.4395839263322884 0.4102376983944954 0.438871473354232 0.3680150126146789 0.3939868902821317 0.3617597993119266
0 0.48233114890282136 0.36957881536697246 0.4417212884012539 0.3643661387614679 0.44385864890282134 0.4091951628440367 0.44100883385579936 0.44724770642201833 0.47876887931034484 0.44985404472477064 0.48304360188087775 0.41128023394495417 0.48233114890282136 0.36957881536697246
0 0.5272157304075235 0.408152627293578 0.5450270736677116 0.4404712259174312 0.6005984608150471 0.42848206880733947 0.582787119122257 0.3925145951834862 0.5542889717868339 0.3523769805045871 0.5029923056426332 0.3669724770642202 0.5272157304075235 0.408152627293578
0 0.5998860078369906 0.3403878233944954 0.5542889717868339 0.3513344449541284 0.5849244796238244 0.38990825688073394 0.6027358228840125 0.4232693910550459 0.6383585062695925 0.4138865722477064 0.6241094326018809 0.38052543807339445 0.5998860078369906 0.3403878233944954
0 0.6397834137931034 0.32944120068807337 0.6005984608150471 0.338302752293578 0.6276717006269592 0.37844036697247707 0.6426332288401254 0.415450375 0.6818181818181818 0.4003336112385321 0.6632943855799374 0.367493744266055 0.6397834137931034 0.32944120068807337
0 0.6789683667711599 0.3174520435779816 0.6397834137931034 0.3247497912844037 0.6689940156739812 0.3669724770642202 0.6860929043887147 0.40241868233944955 0.7231404952978057 0.3873019185779817 0.7060416065830721 0.35706838990825684 0.6789683667711599 0.3174520435779816
0 0.14747791379310343 0.4555879896788991 0.1446280987460815 0.44724770642201833 0.1075805078369906 0.4477689736238532 0.10544314576802509 0.48321517889908255 0.09903106269592477 0.5233527935779816 0.15317754388714733 0.5285654713302752 0.16243944200626959 0.49207673050458717 0.16386434952978057 0.45454545412844033 0.14747791379310343 0.4555879896788991
0 0.20518666300940439 0.45454545412844033 0.1688515250783699 0.45246038417431195 0.16742661755485894 0.4879065883027523 0.15531490438871473 0.5280442029816513 0.19948703291536052 0.533256880733945 0.20803647805642633 0.4910341949541285 0.20518666300940439 0.45454545412844033
0 0.24793388401253919 0.4566305252293578 0.20589911598746083 0.45298165137614677 0.21088629310344828 0.488949123853211 0.20376175548589343 0.5327356135321101 0.24294670846394983 0.5327356135321101 0.2500712460815047 0.49207673050458717 0.24793388401253919 0.4566305252293578
0 0.29495582758620686 0.45610925802752295 0.25577087460815046 0.45298165137614677 0.255058421630094 0.49207673050458717 0.24722143103448274 0.5322143451834862 0.2864063840125392 0.5389908256880734 0.29495582758620686 0.49207673050458717 0.29495582758620686 0.45610925802752295
0 0.33699059561128525 0.46340700573394494 0.2942433746081505 0.4566305252293578 0.2970931896551724 0.4915554633027523 0.2892561990595611 0.5374270229357798 0.3305785125391849 0.5421184323394496 0.33841550313479624 0.4957256043577981 0.33699059561128525 0.46340700573394494
0 0.3761755485893417 0.46236447018348625 0.34055286363636367 0.45975813188073394 0.34126531818181816 0.4988532110091743 0.33271587304075234 0.540554628440367 0.3704759184952978 0.5421184323394496 0.3804502711598746 0.4967681399082569 0.3761755485893417 0.46236447018348625
0 0.41678540909090905 0.4644495412844037 0.37760045611285264 0.46027939908256876 0.38330008620689654 0.49989574655963304 0.3761755485893417 0.5436822350917432 0.4153605015673981 0.5442035034403669 0.42177258463949846 0.5019808176605505 0.41678540909090905 0.4644495412844037
0 0.4258098228840126 0.503631498853211 0.4199320799373041 0.5289564220183486 0.41862591379310343 0.5466360860091743 0.4081765940438872 0.5466360860091743 0.40491118025078365 0.5762614678899083 0.44474921630094044 0.5796062694954128 0.4767502617554859 0.568138379587156 0.4813218385579937 0.529434251146789 0.4930773244514106 0.5284785928899083 0.4898119122257053 0.4969418956422018 0.4702194357366771 0.49359709518348627 0.46891327115987463 0.46588302752293576 0.42058516144200625 0.4654051983944954 0.4258098228840126 0.503631498853211
0 0.5590386630094044 0.4993310401376147 0.5753657257053292 0.5327790516055045 0.6308777429467085 0.5232224770642202 0.6145506786833855 0.4830848623853211 0.5956112852664577 0.446769877293578 0.5381400203761755 0.45967125344036697 0.5590386630094044 0.4993310401376147
0 0.6347962382445141 0.43530198738532105 0.5982236159874609 0.4424694185779816 0.6191222570532915 0.4821292052752294 0.6341431551724138 0.5222668199541285 0.6720219435736677 0.5098432717889908 0.6570010454545455 0.47113914334862383 0.6347962382445141 0.43530198738532105
0 0.6713688605015674 0.4252675837155963 0.6354493213166145 0.43339067316513763 0.658307210031348 0.4692278291284404 0.6746342742946708 0.5098432717889908 0.713166144200627 0.5012423543577982 0.6994514106583072 0.46062691169724773 0.6713688605015674 0.4252675837155963
0 0.7210031347962382 0.4157110091743119 0.6785527695924766 0.4238340974770642 0.7033699059561128 0.45871559633027525 0.7170846394984326 0.4988532110091743 0.7569226755485894 0.48786315022935783 0.7425548589341693 0.4501146788990826 0.7210031347962382 0.4157110091743119
0 0.07967607053291537 0.641724005733945 0.07510449373040752 0.6866399082568807 0.1828631144200627 0.693329510321101 0.18808777429467086 0.6498470951834862 0.07967607053291537 0.641724005733945
0 0.07445141065830721 0.687117737385321 0.07053291536050156 0.7181766055045872 0.1371473354231975 0.724388379587156 0.18547544357366771 0.7253440366972477 0.18874085736677115 0.6966743119266054 0.07445141065830721 0.687117737385321
0 0.13518808777429467 0.7258218658256881 0.0731452460815047 0.7186544346330275 0.07445141065830721 0.7501911318807339 0.13388192319749218 0.7564029048165138 0.17698537147335425 0.7573585630733944 0.18482236206896552 0.7267775229357798 0.13518808777429467 0.7258218658256881
0 0.12996342789968654 0.759269877293578 0.07249216300940439 0.7511467889908257 0.06465517241379311 0.783639143348624 0.1273510971786834 0.7884174311926605 0.17306687617554858 0.790328746559633 0.17502612382445143 0.759269877293578 0.12996342789968654 0.759269877293578
0 0.12669801410658307 0.7912844036697247 0.06857366771159874 0.78125 0.06661442006269593 0.8142201834862385 0.12343260188087775 0.819954128440367 0.16980146238244515 0.8209097855504588 0.17306687617554858 0.7927178899082569 0.12669801410658307 0.7912844036697247
0 0.12147335423197492 0.8223432717889909 0.06269592476489028 0.8142201834862385 0.054858934169279 0.8452790516055046 0.12147335423197492 0.854835627293578 0.1678422147335423 0.85626911353211 0.17371995768025078 0.8228211009174312 0.12147335423197492 0.8223432717889909
0 0.11820794200626959 0.8567469415137615 0.06204284169278997 0.8448012236238531 0.059430512539184945 0.8706039759174311 0.11690177586206896 0.8777714071100917 0.16131139028213168 0.8782492350917431 0.1652298855799373 0.8586582568807339 0.11820794200626959 0.8567469415137615
0 0.2109456630094044 0.6804281341743119 0.22074190125391852 0.6842507649082569 0.21617032445141066 0.694762996559633 0.27037617554858934 0.698585627293578 0.31739811912225707 0.70001911353211 0.3193573667711599 0.6957186548165137 0.3415621739811912 0.6976299690366973 0.34548066927899684 0.6756498474770641 0.32654127429467084 0.6713493887614679 0.3278474404388715 0.6617928130733945 0.22400731504702193 0.6512805814220183 0.2109456630094044 0.6804281341743119
0 0.3402560078369906 0.7234327213302753 0.3409090909090909 0.7019304277522936 0.2664576802507837 0.70001911353211 0.2109456630094044 0.6966743119266054 0.20768025078369906 0.7272553520642201 0.2644984326018809 0.732033638761468 0.3193573667711599 0.732033638761468 0.3213166144200627 0.7262996938073395 0.3402560078369906 0.7234327213302753
0 0.26253918495297807 0.733467125 0.20637408620689654 0.7258218658256881 0.20572100313479624 0.7430237006880733 0.21290491065830722 0.7473241594036697 0.2142110768025078 0.7583142201834863 0.2612330203761755 0.7626146788990825 0.3330721003134796 0.7673929667431192 0.3382967601880878 0.7339449541284404 0.26253918495297807 0.733467125
0 0.33699059561128525 0.7664373084862386 0.2592737727272727 0.7659594805045871 0.2011494247648903 0.7602255355504587 0.2004963432601881 0.791762232798165 0.24033437774294672 0.7974961777522935 0.24555903918495295 0.8146980126146789 0.30694879780564266 0.8132645263761468 0.31674503605015675 0.8008409782110092 0.3141327068965517 0.7936735470183487 0.3160919545454545 0.7879396020642202 0.33503134796238243 0.7879396020642202 0.33699059561128525 0.7664373084862386
0 0.6067136880877743 0.7487576456422018 0.5929989545454545 0.7133983176605505 0.56295715830721 0.6703937305045872 0.5120167194357367 0.6842507649082569 0.5348746081504702 0.7286888383027522 0.5512016724137931 0.7630925080275229 0.6067136880877743 0.7487576456422018
0 0.6067136880877743 0.6594036697247706 0.565569487460815 0.6699159025229358 0.596264368338558 0.7133983176605505 0.6086729357366771 0.7444571869266055 0.6498171363636364 0.7353784403669725 0.6328369905956113 0.6995412844036697 0.6067136880877743 0.6594036697247706
0 0.6458986410658307 0.6474579506880734 0.6099791018808778 0.6584480126146789 0.6361024028213166 0.70001911353211 0.6543887147335423 0.733467125 0.6916144200626959 0.724388379587156 0.6739811912225705 0.6909403669724771 0.6458986410658307 0.6474579506880734
0 0.6857366771159875 0.6383792052752293 0.6491640548589342 0.6488914369266056 0.6759404388714734 0.6885512236238531 0.6955329153605015 0.7262996938073395 0.7314524561128527 0.7157874621559632 0.713166144200627 0.6770833337155963 0.6857366771159875 0.6383792052752293
0 0.730146289968652 0.6293004587155964 0.6909613369905956 0.6388570332568808 0.7157784749216302 0.676605504587156 0.7334117037617555 0.7162652901376148 0.7725966567398119 0.7043195722477064 0.7543103448275862 0.6684824162844036 0.730146289968652 0.6293004587155964
0 0.7693312429467084 0.6168769116972477 0.7307993730407524 0.6264334862385321 0.7575757570532915 0.6675267580275229 0.7745559043887148 0.7014525997706421 0.7836990595611285 0.70001911353211 0.7876175548589341 0.6885512236238531 0.8059038667711598 0.6794724770642202 0.7928422147335423 0.6555810401376146 0.7693312429467084 0.6168769116972477
0 0.808516195924765 0.6049311926605505 0.7699843260188087 0.6140099392201834 0.796760710031348 0.6555810401376146 0.8137408573667712 0.6885512236238531 0.8248432601880877 0.6914181961009174 0.844435736677116 0.6837729357798165 0.8457419012539186 0.6756498474770641 0.8503134796238244 0.6761276754587157 0.8359456630094044 0.6436353211009175 0.808516195924765 0.6049311926605505