0 0.08482142857142858 0.6769012237762237 0.1433531746031746 0.6823645104895105 0.14583333333333334 0.6222683566433567 0.14583333333333334 0.556708916083916 0.09077380952380952 0.5539772727272727 0.08482142857142858 0.6769012237762237
0 0.14732142857142858 0.556708916083916 0.1463293650793651 0.6823645104895105 0.18353174603174602 0.6829108391608392 0.18551587301587302 0.5550699300699301 0.14732142857142858 0.556708916083916
0 0.1875 0.5556162587412588 0.1840277777777778 0.6861888111888111 0.22569444444444445 0.6861888111888111 0.22271825396825398 0.5594405594405595 0.1875 0.5556162587412588
0 0.2619047619047619 0.5583479020979021 0.2251984126984127 0.5583479020979021 0.22767857142857142 0.6178977272727273 0.22668650793650794 0.6856424825174825 0.2628968253968254 0.6861888111888111 0.26686507936507936 0.615166083916084 0.2619047619047619 0.5583479020979021
0 0.30257936507936506 0.5588942307692307 0.26438492063492064 0.5583479020979021 0.26884920634920634 0.6168050699300699 0.2648809523809524 0.6845498251748252 0.3040674603174603 0.6878277972027972 0.3040674603174603 0.6135270979020979 0.30257936507936506 0.5588942307692307
0 0.34325396825396826 0.5610795454545454 0.30357142857142855 0.5594405594405595 0.30505952380952384 0.6168050699300699 0.30505952380952384 0.6861888111888111 0.34375 0.6878277972027972 0.3482142857142857 0.623361013986014 0.34325396825396826 0.5610795454545454
0 0.38392857142857145 0.5583479020979021 0.34375 0.5594405594405595 0.3501984126984127 0.6162587412587412 0.3462301587301587 0.6878277972027972 0.38392857142857145 0.6894667832167832 0.3834325396825397 0.6118881118881119 0.38392857142857145 0.5583479020979021
0 0.42311507936507936 0.5621722027972028 0.3878968253968254 0.5605332167832168 0.38839285714285715 0.6162587412587412 0.38591269841269843 0.6840034965034965 0.4270833333333333 0.6867351398601399 0.4280753968253968 0.6244536713286714 0.42311507936507936 0.5621722027972028
0 0.46130952380952384 0.5621722027972028 0.42311507936507936 0.5594405594405595 0.42956349206349204 0.6260926573426573 0.4310515873015873 0.6845498251748252 0.46726190476190477 0.6850961538461539 0.46924603174603174 0.6260926573426573 0.46130952380952384 0.5621722027972028
0 0.5089285714285714 0.5812937062937062 0.5009920634920635 0.5720061188811189 0.5 0.5627185314685315 0.4632936507936508 0.5610795454545454 0.4697420634920635 0.6157124125874126 0.46825396825396826 0.6883741258741258 0.5133928571428571 0.6878277972027972 0.5109126984126984 0.6315559440559441 0.5089285714285714 0.5812937062937062
0 0.44990079365079366 0.701486013986014 0.45535714285714285 0.7632211538461539 0.45287698412698413 0.8222246503496503 0.5089285714285714 0.821131993006993 0.5059523809523809 0.7003933566433567 0.44990079365079366 0.701486013986014
0 0.4176587301587302 0.7643138111888111 0.4131944444444444 0.8222246503496503 0.4479166666666667 0.8233173076923077 0.45287698412698413 0.7599431818181818 0.4479166666666667 0.7009396853146853 0.4166666666666667 0.701486013986014 0.4176587301587302 0.7643138111888111
0 0.3740079365079365 0.7615821678321678 0.3680555555555556 0.8178540209790209 0.4117063492063492 0.8216783216783217 0.41617063492063494 0.7566652097902098 0.4117063492063492 0.7020323426573427 0.375 0.7009396853146853 0.3740079365079365 0.7615821678321678
0 0.3323412698412698 0.8249562937062938 0.3655753968253968 0.8222246503496503 0.3705357142857143 0.7517482517482518 0.37103174603174605 0.6993006993006993 0.3333333333333333 0.699847027972028 0.3323412698412698 0.8249562937062938
0 0.29017857142857145 0.819493006993007 0.3318452380952381 0.8238636363636364 0.3308531746031746 0.7003933566433567 0.2961309523809524 0.7009396853146853 0.29017857142857145 0.819493006993007
0 0.25148809523809523 0.8178540209790209 0.2881944444444444 0.8227709790209791 0.2926587301587302 0.6987543706293706 0.2534722222222222 0.6971153846153846 0.25148809523809523 0.8178540209790209
0 0.20982142857142858 0.821131993006993 0.24851190476190477 0.8238636363636364 0.25396825396825395 0.701486013986014 0.21279761904761904 0.699847027972028 0.20982142857142858 0.821131993006993
0 0.17261904761904762 0.8216783216783217 0.2078373015873016 0.8238636363636364 0.20932539682539683 0.698208041958042 0.17113095238095238 0.6960227272727273 0.17261904761904762 0.8216783216783217
0 0.12896825396825398 0.821131993006993 0.1691468253968254 0.8216783216783217 0.16765873015873015 0.6976617132867133 0.12946428571428573 0.698208041958042 0.12896825396825398 0.821131993006993
0 0.08928571428571429 0.8178540209790209 0.12648809523809523 0.8189466783216783 0.1284722222222222 0.698208041958042 0.09275793650793651 0.6965690559440559 0.08928571428571429 0.8178540209790209
0 0.5828373015873016 0.6987543706293706 0.5307539682539683 0.6987543706293706 0.53125 0.8205856643356644 0.5853174603174603 0.8205856643356644 0.5828373015873016 0.6987543706293706
0 0.5828373015873016 0.698208041958042 0.5873015873015873 0.8233173076923077 0.625 0.821131993006993 0.6240079365079365 0.701486013986014 0.5828373015873016 0.698208041958042
0 0.6259920634920635 0.699847027972028 0.6284722222222222 0.8238636363636364 0.6641865079365079 0.8227709790209791 0.6631944444444444 0.698208041958042 0.6259920634920635 0.699847027972028
0 0.6636904761904762 0.6987543706293706 0.6651785714285714 0.8233173076923077 0.7063492063492064 0.824409965034965 0.7028769841269841 0.7020323426573427 0.6636904761904762 0.6987543706293706
0 0.7038690476190477 0.6987543706293706 0.7083333333333334 0.8249562937062938 0.7410714285714286 0.8265952797202797 0.7440476190476191 0.698208041958042 0.7038690476190477 0.6987543706293706
0 0.7445436507936508 0.6965690559440559 0.7445436507936508 0.8238636363636364 0.7847222222222222 0.8238636363636364 0.783234126984127 0.6954763986013986 0.7445436507936508 0.6965690559440559
0 0.7867063492063492 0.7003933566433567 0.7862103174603174 0.8255026223776224 0.8239087301587301 0.8205856643356644 0.8224206349206349 0.7009396853146853 0.7867063492063492 0.7003933566433567
0 0.8258928571428571 0.7003933566433567 0.8253968253968254 0.824409965034965 0.8621031746031746 0.826048951048951 0.8640873015873016 0.7003933566433567 0.8258928571428571 0.7003933566433567
0 0.8635912698412699 0.6976617132867133 0.8645833333333334 0.8238636363636364 0.9012896825396826 0.8249562937062938 0.9007936507936508 0.6954763986013986 0.8635912698412699 0.6976617132867133
0 0.9037698412698413 0.698208041958042 0.9037698412698413 0.8238636363636364 0.9464285714285714 0.826048951048951 0.9429563492063492 0.7003933566433567 0.9037698412698413 0.698208041958042
0 0.9449404761904762 0.7009396853146853 0.9489087301587301 0.8249562937062938 0.9851190476190477 0.8216783216783217 0.9831349206349206 0.7020323426573427 0.9449404761904762 0.7009396853146853
0 0.5262896825396826 0.6818181818181818 0.5868055555555556 0.6840034965034965 0.5848214285714286 0.5616258741258742 0.529265873015873 0.5616258741258742 0.5262896825396826 0.6818181818181818
0 0.5873015873015873 0.5616258741258742 0.5877976190476191 0.634833916083916 0.5912698412698413 0.6845498251748252 0.6254960317460317 0.6845498251748252 0.6264880952380952 0.6255463286713286 0.6205357142857143 0.5610795454545454 0.5873015873015873 0.5616258741258742
0 0.6235119047619048 0.5605332167832168 0.628968253968254 0.6375655594405595 0.6279761904761905 0.6840034965034965 0.6617063492063492 0.6840034965034965 0.6661706349206349 0.6386582167832168 0.6666666666666666 0.5627185314685315 0.6235119047619048 0.5605332167832168
0 0.6706349206349206 0.5632648601398601 0.6676587301587301 0.6359265734265734 0.6631944444444444 0.6856424825174825 0.7048611111111112 0.6861888111888111 0.7058531746031746 0.6392045454545454 0.7038690476190477 0.5643575174825175 0.6706349206349206 0.5632648601398601
0 0.7058531746031746 0.5610795454545454 0.7078373015873016 0.6337412587412588 0.7063492063492064 0.6861888111888111 0.7445436507936508 0.6856424825174825 0.7450396825396826 0.620083041958042 0.7410714285714286 0.5610795454545454 0.7058531746031746 0.5610795454545454
0 0.746031746031746 0.5572552447552448 0.7475198412698413 0.6397508741258742 0.7465277777777778 0.6845498251748252 0.7837301587301587 0.6872814685314685 0.7867063492063492 0.6392045454545454 0.7847222222222222 0.5588942307692307 0.746031746031746 0.5572552447552448
0 0.7876984126984127 0.5583479020979021 0.7872023809523809 0.6386582167832168 0.783234126984127 0.6861888111888111 0.8174603174603174 0.6856424825174825 0.8278769841269841 0.6413898601398601 0.8239087301587301 0.5605332167832168 0.7876984126984127 0.5583479020979021
0 0.8273809523809523 0.5610795454545454 0.8333333333333334 0.6370192307692307 0.8224206349206349 0.6850961538461539 0.8640873015873016 0.6861888111888111 0.8660714285714286 0.6408435314685315 0.8586309523809523 0.5616258741258742 0.8273809523809523 0.5610795454545454
0 0.8616071428571429 0.5621722027972028 0.8700396825396826 0.6402972027972028 0.8660714285714286 0.6861888111888111 0.904265873015873 0.6861888111888111 0.908234126984127 0.6413898601398601 0.9017857142857143 0.5643575174825175 0.8616071428571429 0.5621722027972028
0 0.9072420634920635 0.5621722027972028 0.9117063492063492 0.6386582167832168 0.9072420634920635 0.6872814685314685 0.9424603174603174 0.6861888111888111 0.9459325396825397 0.629916958041958 0.939484126984127 0.5599868881118881 0.9072420634920635 0.5621722027972028
0 0.9429563492063492 0.5599868881118881 0.9494047619047619 0.6304632867132867 0.9444444444444444 0.6867351398601399 0.9885912698412699 0.6845498251748252 0.9856150793650794 0.5873033216783217 0.9742063492063492 0.5583479020979021 0.9429563492063492 0.5599868881118881
0 0.5689484126984127 0.4059222027972028 0.6264880952380952 0.4059222027972028 0.6279761904761905 0.3518356643356643 0.6254960317460317 0.2873688811188811 0.5699404761904762 0.28463723776223776 0.5689484126984127 0.4059222027972028
0 0.6304563492063492 0.2857298951048951 0.6274801587301587 0.40701486013986016 0.6651785714285714 0.4081075174825175 0.6661706349206349 0.2857298951048951 0.6304563492063492 0.2857298951048951
0 0.6691468253968254 0.2862762237762238 0.6651785714285714 0.4081075174825175 0.7058531746031746 0.4075611888111888 0.7073412698412699 0.28463723776223776 0.6691468253968254 0.2862762237762238
0 0.7123015873015873 0.2835445804195804 0.7063492063492064 0.4081075174825175 0.7455357142857143 0.40701486013986016 0.7504960317460317 0.28682255244755245 0.7123015873015873 0.2835445804195804
0 0.7514880952380952 0.2835445804195804 0.75 0.40646853146853146 0.7876984126984127 0.4059222027972028 0.7876984126984127 0.28518356643356646 0.7514880952380952 0.2835445804195804
0 0.7921626984126984 0.2835445804195804 0.7891865079365079 0.40701486013986016 0.8258928571428571 0.40865384615384615 0.8268849206349206 0.2835445804195804 0.7921626984126984 0.2835445804195804
0 0.8313492063492064 0.28463723776223776 0.8283730158730159 0.4097465034965035 0.8640873015873016 0.4102928321678322 0.8650793650793651 0.28518356643356646 0.8313492063492064 0.28463723776223776
0 0.8675595238095238 0.2824519230769231 0.8655753968253969 0.4081075174825175 0.908234126984127 0.40865384615384615 0.9067460317460317 0.28463723776223776 0.8675595238095238 0.2824519230769231
0 0.9097222222222222 0.28518356643356646 0.9087301587301587 0.4102928321678322 0.9469246031746031 0.41083916083916083 0.9474206349206349 0.28682255244755245 0.9097222222222222 0.28518356643356646
0 0.9513888888888888 0.2862762237762238 0.9484126984126984 0.4081075174825175 0.9871031746031746 0.4081075174825175 0.9866071428571429 0.28682255244755245 0.9513888888888888 0.2862762237762238
0 0.5694444444444444 0.2666083916083916 0.6284722222222222 0.26770104895104896 0.6284722222222222 0.14368444055944055 0.5714285714285714 0.14368444055944055 0.5694444444444444 0.2666083916083916
0 0.6319444444444444 0.14204545454545456 0.6324404761904762 0.2682473776223776 0.6666666666666666 0.2704326923076923 0.6661706349206349 0.14423076923076922 0.6319444444444444 0.14204545454545456
0 0.6701388888888888 0.1447770979020979 0.6691468253968254 0.2666083916083916 0.7103174603174603 0.2660620629370629 0.7043650793650794 0.14532342657342656 0.6701388888888888 0.1447770979020979
0 0.7088293650793651 0.14423076923076922 0.7132936507936508 0.26770104895104896 0.746031746031746 0.2666083916083916 0.7485119047619048 0.14532342657342656 0.7088293650793651 0.14423076923076922
0 0.7514880952380952 0.13986013986013987 0.7470238095238095 0.272618006993007 0.7886904761904762 0.2704326923076923 0.7862103174603174 0.1431381118881119 0.7514880952380952 0.13986013986013987
0 0.7921626984126984 0.14368444055944055 0.7881944444444444 0.2704326923076923 0.8293650793650794 0.270979020979021 0.8273809523809523 0.14368444055944055 0.7921626984126984 0.14368444055944055
0 0.8333333333333334 0.14259178321678323 0.8258928571428571 0.2704326923076923 0.8680555555555556 0.26934003496503495 0.8655753968253969 0.14532342657342656 0.8333333333333334 0.14259178321678323
0 0.8740079365079365 0.1431381118881119 0.871031746031746 0.26988636363636365 0.9067460317460317 0.272618006993007 0.9067460317460317 0.14914772727272727 0.8740079365079365 0.1431381118881119
0 0.9112103174603174 0.14969405594405594 0.9122023809523809 0.2737106643356643 0.9479166666666666 0.274256993006993 0.9449404761904762 0.15078671328671328 0.9112103174603174 0.14969405594405594
0 0.9469246031746031 0.1486013986013986 0.9523809523809523 0.27480332167832167 0.9910714285714286 0.2737106643356643 0.9861111111111112 0.14914772727272727 0.9469246031746031 0.1486013986013986