0 0.10086439175257733 0.3031369156804734 0.16645718728522338 0.30366966863905326 0.16521958762886596 0.2946128535502959 0.17512038659793813 0.29674386982248524 0.17883318556701033 0.21842906065088755 0.11200279209621994 0.21736355325443785 0.10086439175257733 0.3031369156804734
0 0.18130838659793813 0.21896181360946743 0.17883318556701033 0.30580068491124257 0.2357627817869416 0.3068661923076923 0.23823798109965635 0.2210928298816568 0.18130838659793813 0.21896181360946743
0 0.243188381443299 0.22375659763313607 0.23947558075601375 0.30899720710059175 0.29888037628865977 0.31485749852071004 0.3032119759450172 0.23014964349112427 0.243188381443299 0.22375659763313607
0 0.3063059759450172 0.22908413609467454 0.3019743762886598 0.3164557603550296 0.3595227731958763 0.3180540221893491 0.3570475721649484 0.2322806597633136 0.3063059759450172 0.22908413609467454
0 0.36199797250859106 0.2328134127218935 0.36323557216494845 0.318586775147929 0.41707116838487973 0.32231605177514794 0.41892756701030925 0.23867370414201183 0.36199797250859106 0.2328134127218935
0 0.4232591666666667 0.23867370414201183 0.41892756701030925 0.3191195295857988 0.4814263625429553 0.32284880621301776 0.4851391632302406 0.24133747337278108 0.4232591666666667 0.23867370414201183
0 0.4882331632302406 0.23867370414201183 0.483282762886598 0.3233815591715976 0.5420687577319587 0.32711083579881656 0.5457815584192439 0.2440012426035503 0.4882331632302406 0.23867370414201183
0 0.5457815584192439 0.23973921301775147 0.5470191580756014 0.3281763446745562 0.6095179536082473 0.3313728668639053 0.6082803539518901 0.24346848964497042 0.5457815584192439 0.23973921301775147
0 0.17821438659793815 0.38304998668639056 0.18254598625429555 0.3377659127218935 0.17388278694158074 0.30526793047337275 0.10395839175257733 0.3031369156804734 0.09405759278350515 0.32391431360946743 0.10210199140893471 0.37932070857988165 0.17821438659793815 0.38304998668639056
0 0.2295747817869416 0.3100627144970414 0.17821438659793815 0.30846445266272193 0.18563998625429554 0.3398969275147929 0.1831647852233677 0.38464824704142014 0.2314311821305842 0.38677926331360946 0.237000381443299 0.3345693890532544 0.2295747817869416 0.3100627144970414
0 0.29640517697594504 0.31592300591715977 0.2326687817869416 0.3111282218934911 0.2419507817869416 0.33723315828402367 0.2357627817869416 0.38731201627218936 0.29454877663230244 0.38731201627218936 0.3007367766323024 0.34149518934911244 0.29640517697594504 0.31592300591715977
0 0.3595227731958763 0.318586775147929 0.3001179776632303 0.31752126775147926 0.3050683762886598 0.34309345118343193 0.299499176975945 0.3878447707100592 0.36014157216494846 0.3905085399408284 0.36447317182130584 0.33883142011834316 0.3595227731958763 0.318586775147929
0 0.41088316838487976 0.32178329881656803 0.36323557216494845 0.3196522825443787 0.3688047714776632 0.3425606967455621 0.3650919725085911 0.38944303106508876 0.4028387697594502 0.3953033239644971 0.42140276804123716 0.34362620414201184 0.41088316838487976 0.32178329881656803
0 0.4770947628865979 0.3292418520710059 0.41707116838487973 0.3233815591715976 0.4232591666666667 0.3505520044378698 0.4059327680412371 0.40436013757396444 0.4770947628865979 0.40862216863905326 0.483282762886598 0.3510847573964497 0.4770947628865979 0.3292418520710059
0 0.5414499587628866 0.3292418520710059 0.47771356357388317 0.3260453284023669 0.4869955618556701 0.35428128106508877 0.4814263625429553 0.40222912278106504 0.5383559587628867 0.4038273846153846 0.5464003573883162 0.3516175118343195 0.5414499587628866 0.3292418520710059
0 0.6070427525773195 0.3297746050295858 0.5451627577319588 0.3276435902366864 0.5513507577319587 0.35374852662721895 0.5445439587628865 0.40063086094674555 0.6039487542955326 0.40489289201183437 0.6256067525773196 0.35321577218934913 0.6070427525773195 0.3297746050295858
0 0.6602595498281787 0.5013213313609467 0.6658287491408935 0.4789456715976331 0.6540715498281787 0.4565700103550296 0.6126119536082475 0.4523079807692308 0.5952855549828179 0.4363253668639053 0.5371183591065293 0.4325960902366864 0.5265987594501719 0.4682905946745562 0.5408311580756013 0.5119764068047337 0.5971419536082474 0.5151729289940828 0.6020923539518901 0.4991903150887574 0.6602595498281787 0.5013213313609467
0 0.5222671597938144 0.4677578417159763 0.5290739587628865 0.43792362721893485 0.4634811649484536 0.43579261242603545 0.4640999639175258 0.4661595798816568 0.4591495652920963 0.510910899408284 0.5265987594501719 0.510910899408284 0.5327867594501717 0.4922645162721893 0.5222671597938144 0.4677578417159763
0 0.4610059639175258 0.4682905946745562 0.458530764604811 0.4336615976331361 0.40221996907216495 0.42993232100591716 0.40407636941580755 0.4592337795857988 0.3966507697594502 0.5098453920118343 0.45667436426116836 0.5093126375739645 0.4610059639175258 0.4682905946745562
0 0.34652797422680415 0.42034275295857987 0.34467157388316155 0.45497175 0.34467157388316155 0.4682905946745562 0.3583602439862543 0.49906870710059176 0.3688047714776632 0.4997230695266272 0.3941755704467354 0.4997230695266272 0.4016011683848797 0.45976653402366857 0.40098236941580756 0.4251375369822485 0.34652797422680415 0.42034275295857987
0 0.2784599793814433 0.49865756213017753 0.34652797422680415 0.4997230695266272 0.3409587731958763 0.4581682721893491 0.3440527731958763 0.42460478254437867 0.28217277835051546 0.41821173668639056 0.2784599793814433 0.49865756213017753
0 0.2209115824742268 0.44591493491124257 0.21596118384879726 0.4959937928994083 0.2759847783505155 0.4997230695266272 0.2784599793814433 0.41767898372781065 0.21905518384879724 0.4150152144970414 0.2209115824742268 0.44591493491124257
0 0.14974958934707905 0.4421856582840237 0.1516059879725086 0.4869369778106509 0.20791678350515466 0.4922645162721893 0.2178175824742268 0.4501769659763314 0.21224838316151204 0.4150152144970414 0.16026918728522338 0.40968767603550293 0.14974958934707905 0.4421856582840237
0 0.5903351546391753 0.580701647928994 0.6014735532646048 0.5759068639053254 0.6058051529209622 0.5455398964497041 0.5909539553264604 0.5157056834319527 0.5296927594501718 0.5141074215976331 0.5296927594501718 0.5402123579881657 0.5296927594501718 0.5689810636094674 0.5173167594501719 0.5860291863905326 0.5185543608247423 0.6195926760355029 0.580434355670103 0.6222564437869822 0.5903351546391753 0.580701647928994
0 0.5142227611683848 0.6206581834319527 0.5290739587628865 0.5135746686390532 0.464718764604811 0.5119764068047337 0.4511051649484536 0.616396152366864 0.5142227611683848 0.6206581834319527
0 0.4492487663230241 0.6153306449704142 0.4634811649484536 0.5114436523668638 0.4084079690721649 0.5098453920118343 0.389843970790378 0.6131996301775148 0.4492487663230241 0.6153306449704142
0 0.38736876975945017 0.6116013683431952 0.40717036941580753 0.507714375739645 0.3477655738831615 0.5061161153846154 0.33291437457044676 0.6105358609467455 0.38736876975945017 0.6116013683431952
0 0.3310579742268041 0.6078720917159763 0.3452903728522337 0.5055833609467456 0.28588557731958764 0.4997230695266272 0.2667027800687285 0.6046755695266273 0.3310579742268041 0.6078720917159763
0 0.2642275790378007 0.6036100606508875 0.28279157903780067 0.5002558224852071 0.22214918213058418 0.4949282855029586 0.21101078350515465 0.602011800295858 0.2642275790378007 0.6036100606508875
0 0.1367547886597938 0.5189022056213017 0.1367547886597938 0.5295572825443787 0.1447991890034364 0.5327538047337278 0.1441803883161512 0.5993480310650887 0.20358518384879726 0.6004135384615384 0.21843638316151204 0.5045178535502959 0.20110998453608248 0.5013213313609467 0.19306558591065293 0.49119900887573964 0.15531878865979382 0.4906662544378698 0.1454179879725086 0.5045178535502959 0.1367547886597938 0.5189022056213017
0 0.3471467731958763 0.9062142233727811 0.3428151735395189 0.8870350857988165 0.3050683762886598 0.8556026109467456 0.2320499828178694 0.8987556701183432 0.302593176975945 0.97973424852071 0.3589039725085911 0.9483017736686391 0.3403399742268041 0.9190003136094673 0.3471467731958763 0.9062142233727811
0 0.39541317010309274 0.8699869644970414 0.380561970790378 0.8438820281065088 0.3551911735395189 0.8252356449704141 0.30692477663230244 0.8518733343195266 0.34838437285223367 0.8865023313609467 0.3514783728522337 0.9046159615384616 0.3415775738831615 0.924327852071006 0.35828517182130587 0.9445724970414202 0.40717036941580753 0.9147382840236686 0.38736876975945017 0.8902316079881657 0.39541317010309274 0.8699869644970414
0 0.44182316666666666 0.8390872426035503 0.4269719673539519 0.8124495532544379 0.40717036941580753 0.798065199704142 0.35828517182130587 0.8220391213017751 0.3799431701030928 0.8401527514792899 0.3966507697594502 0.867855948224852 0.39170036941580755 0.8907643624260355 0.4084079690721649 0.9120745147928994 0.45667436426116836 0.8843713165680473 0.4368727663230241 0.8603973949704142 0.44182316666666666 0.8390872426035503
0 0.4715255635738832 0.7890083860946746 0.43996676632302406 0.7714275103550297 0.41088316838487976 0.7911394008875741 0.43130356701030925 0.8124495532544379 0.4461547663230241 0.8417510118343196 0.44182316666666666 0.8625284112426036 0.4548179656357388 0.8833058091715976 0.5049407611683848 0.8508078269230769 0.486376762886598 0.825768397928994 0.4715255635738832 0.7890083860946746
0 0.4758571632302406 0.7911394008875741 0.4888519621993127 0.8209736139053254 0.5439251580756014 0.7868773698224851 0.5321679587628866 0.7501173579881657 0.5030843608247423 0.7357330044378698 0.4473923659793815 0.7682309866863906 0.4758571632302406 0.7911394008875741
0 0.3044495773195876 0.8534715961538463 0.28031637800687287 0.815646075443787 0.25680198109965635 0.7959341849112426 0.1874963848797251 0.8369562278106509 0.23390638144329895 0.8907643624260355 0.3044495773195876 0.8534715961538463
0 0.29331117697594505 0.7597069260355029 0.2469011804123711 0.7890083860946746 0.28341037800687285 0.8124495532544379 0.3050683762886598 0.8513405813609467 0.3527159725085911 0.8215063683431952 0.3310579742268041 0.7852791094674555 0.29331117697594505 0.7597069260355029
0 0.3428151735395189 0.7277416982248521 0.29454877663230244 0.7581086642011834 0.33291437457044676 0.7826153402366863 0.3533347731958763 0.8209736139053254 0.4059327680412371 0.7927376627218935 0.37808677147766323 0.7538466346153846 0.3428151735395189 0.7277416982248521
0 0.42078396735395185 0.7074970532544379 0.4077891683848797 0.7133573446745561 0.39293796907216494 0.7080298076923077 0.3514783728522337 0.7298727130177515 0.3817995704467354 0.7543793875739645 0.4077891683848797 0.7900738934911243 0.4541991649484536 0.7533138801775148 0.4449171666666667 0.7202831449704142 0.42078396735395185 0.7074970532544379
0 0.8155783367697594 0.7122918372781065 0.782781939862543 0.7170866213017751 0.773499939862543 0.7325364822485207 0.764217941580756 0.7426588047337278 0.7295651443298969 0.7399950355029586 0.7283275446735396 0.794868677514793 0.7679307405498282 0.7959341849112426 0.7778315395189003 0.7868773698224851 0.811246737113402 0.7911394008875741 0.842186735395189 0.7847463550295858 0.8458995343642612 0.7181521286982249 0.8155783367697594 0.7122918372781065
0 0.7809255395189004 0.6691387795857988 0.7815443402061856 0.6819248713017751 0.739465943298969 0.6819248713017751 0.7382283436426117 0.7357330044378698 0.7487479432989691 0.7367985133136095 0.7605051408934708 0.720815897928994 0.7803067405498282 0.7197503905325444 0.7852571391752577 0.7144228520710059 0.8465183350515464 0.713890099112426 0.8533251340206185 0.6749990710059172 0.8217663367697595 0.6595492115384616 0.7809255395189004 0.6691387795857988
0 0.7871135395189003 0.6153306449704142 0.7803067405498282 0.626518474852071 0.7376095429553264 0.6270512292899408 0.7338967439862543 0.6819248713017751 0.7790691408934708 0.6813921168639053 0.7815443402061856 0.6648767485207101 0.8236227371134021 0.6558199349112426 0.851468735395189 0.6696715325443786 0.8570379347079038 0.622789198224852 0.8242415360824742 0.6089375991124261 0.7871135395189003 0.6153306449704142
0 0.7889699398625429 0.5636535266272189 0.7852571391752577 0.574308602071006 0.7481291426116838 0.5764396168639053 0.7468915429553264 0.626518474852071 0.7821631391752577 0.6259857204142012 0.7902075395189003 0.6105358609467455 0.8533251340206185 0.6116013683431952 0.8588943333333333 0.5657845414201184 0.8316671357388317 0.5487364186390532 0.7889699398625429 0.5636535266272189
0 0.9362443281786941 0.7181521286982249 0.8527063350515464 0.7133573446745561 0.8458995343642612 0.7868773698224851 0.9337691288659793 0.7868773698224851 0.9362443281786941 0.7181521286982249
0 0.8527063350515464 0.6702042869822484 0.8527063350515464 0.7122918372781065 0.9350067285223367 0.7165538683431953 0.9356255274914088 0.6739335636094674 0.9009727302405498 0.6643439955621302 0.8527063350515464 0.6702042869822484
0 0.8582755343642612 0.626518474852071 0.8520875343642611 0.6696715325443786 0.9028291305841925 0.6622129792899408 0.9374819278350515 0.6718025488165681 0.9387195274914089 0.6302477514792899 0.9053043298969072 0.616396152366864 0.8582755343642612 0.626518474852071
0 0.8632259329896907 0.5583259881656805 0.8595131340206186 0.6105358609467455 0.8991163316151203 0.615863399408284 0.9399571271477665 0.612134122781065 0.9467639278350516 0.5609897573964497 0.907779530927835 0.5476709112426035 0.8632259329896907 0.5583259881656805
0 0.8291919364261168 0.4507097189349113 0.7970143384879725 0.4581682721893491 0.7908263384879725 0.47308537869822487 0.7499855429553264 0.4736181331360947 0.7499855429553264 0.5274262677514793 0.860750733676976 0.5290245281065089 0.8657011340206185 0.4571027647928994 0.8291919364261168 0.4507097189349113
0 0.7976331391752577 0.40702390680473377 0.7945391391752578 0.42194101331360945 0.758029941580756 0.42247376775147927 0.754935941580756 0.46935610207100587 0.7864947388316151 0.4714871183431953 0.8001083384879725 0.4523079807692308 0.8316671357388317 0.4485787041420118 0.8644635343642612 0.45337348816568046 0.870032733676976 0.4171462292899409 0.8366175360824742 0.39849984615384615 0.7976331391752577 0.40702390680473377
0 0.8032023384879725 0.35534678846153844 0.7982519381443299 0.3697311405325444 0.7623615412371134 0.3697311405325444 0.7574111426116839 0.4208755059171598 0.7908263384879725 0.42034275295857987 0.7970143384879725 0.40276187721893486 0.8106279381443299 0.39903260059171597 0.8397115360824742 0.39477056952662726 0.8657011340206185 0.40222912278106504 0.8687951340206186 0.3574778032544379 0.8403303350515464 0.3473554807692308 0.8032023384879725 0.35534678846153844
0 0.8081527371134021 0.29940763905325446 0.8056775378006873 0.31539025295857986 0.764217941580756 0.31592300591715977 0.7629803419243986 0.36546911094674556 0.7982519381443299 0.3686656331360947 0.8062963384879726 0.35001925 0.8403303350515464 0.34415895857988166 0.8669387336769759 0.3510847573964497 0.8675575326460481 0.34149518934911244 0.8743643333333333 0.3367004053254438 0.8786959329896907 0.3068661923076923 0.8471371357388316 0.29141633136094675 0.8081527371134021 0.29940763905325446
0 0.9133487302405497 0.45124247337278106 0.8712703333333334 0.4544389955621302 0.8644635343642612 0.5220987292899408 0.9498579278350515 0.52476249852071 0.9529519261168384 0.4581682721893491 0.9133487302405497 0.45124247337278106
0 0.8737455326460482 0.40489289201183437 0.8675575326460481 0.45284073372781064 0.9139675292096219 0.44964421153846157 0.9560459261168385 0.45497175 0.960996326460481 0.40649115384615386 0.9139675292096219 0.39903260059171597 0.8737455326460482 0.40489289201183437
0 0.8731267336769759 0.35428128106508877 0.8725079329896908 0.40436013757396444 0.9152051288659795 0.39583607692307693 0.9560459261168385 0.40276187721893486 0.9585211271477663 0.35641229585798817 0.9182991288659794 0.3478882352071006 0.8731267336769759 0.35428128106508877
0 0.8817899329896907 0.29834213165680473 0.8762207319587629 0.35374852662721895 0.917061529209622 0.3446917115384615 0.9597587268041237 0.35374852662721895 0.9634715257731958 0.3068661923076923 0.9251059295532646 0.2876870547337278 0.8817899329896907 0.29834213165680473