0 0.061879505167958655 0.26992481142857144 0.0625595 0.2812030071428572 0.13055895607235143 0.2789473685714286 0.13259893927648578 0.26992481142857144 0.14279885788113694 0.2669172928571429 0.13735890051679586 0.23609022571428573 0.12443900387596898 0.22556390999999998 0.11831905297157623 0.19774436142857144 0.07819937467700258 0.19924812 0.06323949354005168 0.18345864714285715 0.02447980361757106 0.18646616571428573 0.023119815245478036 0.26992481142857144 0.061879505167958655 0.26992481142857144
0 0.1645586834625323 0.10150376 0.1604787157622739 0.12330827 0.14347885271317828 0.13007518857142858 0.1448388410852713 0.18270676714285716 0.20739834108527133 0.1879699242857143 0.2189582480620155 0.15639097714285716 0.22847817183462532 0.10977443571428572 0.22099823255813952 0.05488721857142857 0.16591867312661499 0.050375939999999994 0.1645586834625323 0.10150376
0 0.22371821059431524 0.05488721857142857 0.23255813953488372 0.11052631571428571 0.22507819896640827 0.15939849571428572 0.25839793281653745 0.16240601571428573 0.25975792248062013 0.05563909714285714 0.22371821059431524 0.05488721857142857
0 0.19991840051679585 0.3112781957142857 0.20603835142118862 0.2917293228571428 0.22099823255813952 0.2872180457142857 0.22711818346253232 0.25112782 0.21759825968992247 0.2 0.1645586834625323 0.19699248142857143 0.1604787157622739 0.30827067714285716 0.19991840051679585 0.3112781957142857
0 0.2481980142118863 0.2 0.22235822093023258 0.19924812 0.23119814987080106 0.25563909714285715 0.22507819896640827 0.2879699242857143 0.20331837338501293 0.30150376 0.1992384056847545 0.32330827 0.249558003875969 0.32406015 0.2549979599483204 0.25789473714285716 0.2481980142118863 0.2
0 0.643274854005168 0.17368421 0.6820345439276485 0.17593984999999998 0.6901944780361756 0.16315789428571428 0.7010743914728682 0.1646616542857143 0.7099143204134367 0.13082706714285713 0.7003943966408269 0.06541353428571428 0.6514347881136952 0.06541353428571428 0.643274854005168 0.17368421
0 0.703794369509044 0.06616541285714286 0.7126342984496123 0.12631579 0.703794369509044 0.17518797 0.7357541136950905 0.17819548857142856 0.7398340813953488 0.06541353428571428 0.703794369509044 0.06616541285714286
0 0.6847545219638242 0.33007518857142853 0.6969944237726099 0.3090225557142857 0.703794369509044 0.24586466142857144 0.6813545490956072 0.21203007571428573 0.6493948049095607 0.21052631571428573 0.6391948863049096 0.3270676685714286 0.6847545219638242 0.33007518857142853
0 0.7051543591731266 0.21428571428571427 0.7003943966408269 0.23007518857142856 0.7065143475452196 0.25864661714285714 0.7017543863049096 0.30676691714285714 0.6888344896640828 0.33157894714285713 0.7364341085271318 0.33007518857142853 0.7377940981912144 0.21503759428571428 0.7051543591731266 0.21428571428571427
0 0.746634027131783 0.18045112714285713 0.7976336188630491 0.16691729285714285 0.8044335645994832 0.13157894714285714 0.8003535968992249 0.10075187999999999 0.794233645994832 0.06992481142857142 0.7486740103359174 0.06917293285714286 0.746634027131783 0.18045112714285713
0 0.8003535968992249 0.07067669142857143 0.8078335374677003 0.12631579 0.8010335917312662 0.17293233142857142 0.8357133139534884 0.18345864714285715 0.8377532984496124 0.07142857142857142 0.8003535968992249 0.07067669142857143
0 0.7969536240310077 0.27293233142857143 0.790833673126615 0.22857142857142856 0.7439140490956073 0.22255639142857145 0.7445940426356589 0.33007518857142853 0.7867537054263566 0.32857142857142857 0.7969536240310077 0.27293233142857143
0 0.792873657622739 0.22030075142857142 0.8017135865633074 0.26917293285714283 0.7867537054263566 0.3323308271428571 0.830273357881137 0.3323308271428571 0.8323133410852712 0.22180451142857144 0.792873657622739 0.22030075142857142
0 0.5786753708010336 0.4383458642857143 0.5881952945736434 0.46466165428571427 0.5834353320413437 0.5090225557142857 0.6228750167958657 0.5112781957142858 0.6330749354005168 0.4631578942857143 0.6303549573643411 0.4052631585714286 0.5875152997416021 0.4022556385714286 0.5786753708010336 0.4383458642857143
0 0.6555147558139535 0.4022556385714286 0.6337549302325581 0.40150376000000004 0.6357949134366925 0.46466165428571427 0.6255949948320414 0.5097744357142857 0.6582347338501292 0.5097744357142857 0.6650346795865634 0.4601503757142857 0.6555147558139535 0.4022556385714286
0 0.6820345439276485 0.40977443571428573 0.6595947235142119 0.40375939857142856 0.6697946421188631 0.4616541357142857 0.662994696382429 0.5135338342857143 0.68271453875969 0.5157894742857143 0.6942744457364342 0.4601503757142857 0.6820345439276485 0.40977443571428573
0 0.7146742829457365 0.40375939857142856 0.6874745000000001 0.40451127857142855 0.6942744457364342 0.4616541357142857 0.6908744728682171 0.5127819542857143 0.7167142661498709 0.5142857142857142 0.7221542222222223 0.4609022557142857 0.7146742829457365 0.40375939857142856
0 0.746634027131783 0.41278195428571424 0.7167142661498709 0.4075187971428571 0.7289541679586563 0.4699248114285714 0.7221542222222223 0.5142857142857142 0.7445940426356589 0.5165413528571429 0.7534339728682171 0.46390977428571434 0.746634027131783 0.41278195428571424
0 0.7758737932816537 0.4075187971428571 0.7507139948320414 0.4090225557142857 0.7561539509043927 0.4699248114285714 0.7493540051679587 0.5180451128571428 0.7751937984496124 0.5157894742857143 0.7853937170542635 0.46541353428571425 0.7758737932816537 0.4075187971428571
0 0.8023935813953489 0.4165413528571429 0.7806337545219638 0.4135338342857143 0.7881136950904393 0.4714285714285714 0.7765537881136951 0.5203007514285715 0.8044335645994832 0.5218045114285714 0.8132734935400517 0.46541353428571425 0.8023935813953489 0.4165413528571429
0 0.833673330749354 0.4105263157142857 0.8037535697674419 0.4120300757142857 0.8159934715762274 0.47293233142857144 0.8091935258397933 0.5240601500000001 0.8397932816537468 0.5240601500000001 0.8472732222222222 0.46842105285714286 0.833673330749354 0.4105263157142857
0 0.8635930917312662 0.4195488728571429 0.8404732764857881 0.41578947428571433 0.8506731950904393 0.47067669142857144 0.8418332648578811 0.52481203 0.8635930917312662 0.5278195485714285 0.8778729767441861 0.46917293285714284 0.8635930917312662 0.4195488728571429
0 0.8989528087855297 0.40977443571428573 0.8669930645994832 0.40977443571428573 0.8819529444444444 0.47218045142857146 0.8724330206718346 0.52556391 0.8982728139534883 0.5270676685714285 0.9077927377260981 0.47443609 0.8989528087855297 0.40977443571428573
0 0.9261525904392764 0.41578947428571433 0.8996328023255814 0.41278195428571424 0.9125526989664082 0.4774436085714286 0.9057527545219638 0.5218045114285714 0.9322725413436692 0.52330827 0.9349925206718346 0.46842105285714286 0.9261525904392764 0.41578947428571433
0 0.1618387054263566 0.49398496285714283 0.2339181291989664 0.49473684142857144 0.23595811240310077 0.47518796999999996 0.24751801937984497 0.47593985 0.24615803100775194 0.42481203 0.16795865633074936 0.42481203 0.1618387054263566 0.49398496285714283
0 0.16387868863049096 0.49849624 0.16319869379844962 0.55037594 0.249558003875969 0.54887218 0.2481980142118863 0.49624060142857146 0.16387868863049096 0.49849624
0 0.2441180465116279 0.6278195485714285 0.2441180465116279 0.6105263157142857 0.25227798191214473 0.6052631585714285 0.25567795478036176 0.5533834585714286 0.2053583565891473 0.5518796985714286 0.19583843281653746 0.5609022557142856 0.1686386511627907 0.5593984957142858 0.16659866666666667 0.6285714285714286 0.2441180465116279 0.6278195485714285
0 0.250917992248062 0.6864661657142858 0.25227798191214473 0.6300751885714286 0.16591867312661499 0.6323308271428572 0.167278661498708 0.6887218042857143 0.250917992248062 0.6864661657142858
0 0.24479804134366923 0.7616541357142858 0.2481980142118863 0.7398496242857142 0.2563579496124031 0.7353383457142858 0.2570379431524548 0.6887218042857143 0.16931864599483204 0.6939849628571428 0.16931864599483204 0.7616541357142858 0.24479804134366923 0.7616541357142858
0 0.1448388410852713 0.7548872185714286 0.14415884625322997 0.8240601499999999 0.2733578126614987 0.8210526314285714 0.272677819121447 0.7586466171428572 0.1448388410852713 0.7548872185714286
0 0.2570379431524548 0.8932330828571429 0.2611179108527132 0.8270676685714285 0.17543859689922484 0.8240601499999999 0.17407860723514212 0.8909774442857142 0.2570379431524548 0.8932330828571429
0 0.14687882558139537 0.8894736842857143 0.15027879715762274 0.9586466171428571 0.2611179108527132 0.9526315785714286 0.2577179379844961 0.8977443614285715 0.14687882558139537 0.8894736842857143
0 0.3386372906976744 0.8789473685714285 0.3399972803617571 0.8917293228571428 0.3325173397932817 0.89849624 0.333197334625323 0.9443609028571429 0.4127566976744186 0.9451127814285714 0.4161566705426356 0.87443609 0.3386372906976744 0.8789473685714285
0 0.3318373449612403 0.8669172928571428 0.34475724160206717 0.8691729328571429 0.34339725322997416 0.881203007142857 0.4141166873385013 0.8774436085714286 0.4113967093023255 0.8203007514285714 0.3325173397932817 0.8195488728571428 0.3318373449612403 0.8669172928571428
0 0.3406772751937985 0.7624060157142857 0.32979736175710594 0.7593984957142856 0.3318373449612403 0.8097744357142856 0.4188766485788114 0.8075187971428571 0.4181966550387597 0.7398496242857142 0.3399972803617571 0.742105262857143 0.3406772751937985 0.7624060157142857
0 0.32979736175710594 0.7360902257142857 0.33659730749354005 0.7383458642857142 0.33659730749354005 0.7443609028571428 0.416836665374677 0.7398496242857142 0.4141166873385013 0.6857142857142857 0.3304773565891473 0.6857142857142857 0.32979736175710594 0.7360902257142857
0 0.33523731782945737 0.6300751885714286 0.3250373992248062 0.6308270671428572 0.3236774108527132 0.67669173 0.4052767583979328 0.6781954885714286 0.4086767299741602 0.6112781957142858 0.33523731782945737 0.6127819542857142 0.33523731782945737 0.6300751885714286
0 0.3257173940568476 0.6060150371428572 0.33523731782945737 0.6030075185714285 0.3359173126614987 0.6172932328571429 0.40595675193798453 0.6135338342857143 0.40323677390180873 0.5511278199999999 0.3243574056847545 0.5548872185714285 0.3257173940568476 0.6060150371428572
0 0.32639738888888886 0.49398496285714283 0.31823745348837207 0.49774436142857137 0.3175574599483204 0.54887218 0.4025567790697675 0.5481203014285715 0.39915680620155036 0.47518796999999996 0.32979736175710594 0.47443609 0.32639738888888886 0.49398496285714283
0 0.3148374819121447 0.41879699285714284 0.31687746511627907 0.47368421000000005 0.40119679069767444 0.47443609 0.397116822997416 0.4142857142857143 0.37467700258397935 0.4135338342857143 0.3733170129198966 0.3842105257142857 0.3359173126614987 0.38721804571428575 0.33659730749354005 0.4172932328571428 0.3148374819121447 0.41879699285714284
0 0.48755609948320416 0.4541353385714286 0.4821161434108527 0.4150375942857143 0.4025567790697675 0.41804511285714285 0.40663674677002587 0.4857142857142857 0.47871617054263566 0.48646616571428575 0.4800761589147287 0.4601503757142857 0.48755609948320416 0.4541353385714286
0 0.47871617054263566 0.4902255642857143 0.4759961925064599 0.4857142857142857 0.4079967364341085 0.4857142857142857 0.40663674677002587 0.5421052628571429 0.49027607751937985 0.5353383457142857 0.48959608268733845 0.4902255642857143 0.47871617054263566 0.4902255642857143
0 0.4929960555555556 0.5977443614285713 0.48959608268733845 0.5473684214285714 0.40323677390180873 0.5526315785714285 0.40731674160206716 0.6210526314285715 0.48143614857881134 0.6180451128571428 0.4800761589147287 0.6022556385714286 0.4929960555555556 0.5977443614285713
0 0.4141166873385013 0.62406015 0.4154766757105944 0.6744360899999999 0.4936760503875969 0.67669173 0.4923160620155039 0.62330827 0.4141166873385013 0.62406015
0 0.5025159793281654 0.72556391 0.49843601291989664 0.6857142857142857 0.4181966550387597 0.6872180457142857 0.4188766485788114 0.7563909771428572 0.48483612144702837 0.7511278200000001 0.4861961098191214 0.7353383457142858 0.5025159793281654 0.72556391
0 0.41479668217054266 0.757894737142857 0.4181966550387597 0.8135338342857144 0.49707602325581396 0.8052631585714286 0.4943560452196382 0.75037594 0.41479668217054266 0.757894737142857
0 0.5079559366925065 0.8616541357142858 0.5052359586563308 0.8142857142857143 0.416836665374677 0.82330827 0.4181966550387597 0.8894736842857143 0.4868761046511628 0.8857142857142857 0.4889160891472868 0.87368421 0.5079559366925065 0.8616541357142858
0 0.4188766485788114 0.8939849628571429 0.4188766485788114 0.9473684214285715 0.5018359857881136 0.9428571428571428 0.5018359857881136 0.8887218042857143 0.4188766485788114 0.8939849628571429
0 0.5807153540051679 0.6496240600000001 0.6262749896640827 0.6518796985714286 0.631714945736434 0.5812030071428571 0.6323949405684754 0.5345864657142857 0.5936352506459949 0.5375939842857143 0.5807153540051679 0.6496240600000001
0 0.6697946421188631 0.5338345871428571 0.6357949134366925 0.5375939842857143 0.6357949134366925 0.5834586471428571 0.6289949677002584 0.6496240600000001 0.6561947506459949 0.6496240600000001 0.6704746356589147 0.5857142857142857 0.6697946421188631 0.5338345871428571
0 0.6969944237726099 0.5315789471428571 0.6725146201550387 0.5308270671428572 0.6765945878552971 0.5857142857142857 0.6595947235142119 0.6518796985714286 0.6847545219638242 0.6556390971428571 0.6997144018087855 0.5834586471428571 0.6969944237726099 0.5315789471428571
0 0.7180742558139536 0.5300751885714285 0.7010743914728682 0.5270676685714285 0.703794369509044 0.5887218042857143 0.6915544677002584 0.6526315785714286 0.7153542777777778 0.6541353385714286 0.7255541950904393 0.5879699242857144 0.7180742558139536 0.5300751885714285
0 0.7445940426356589 0.5285714285714286 0.7228342170542637 0.5270676685714285 0.7296341627906977 0.5909774442857143 0.7187542493540051 0.6548872185714285 0.7452740374677002 0.6586466171428572 0.7568339457364341 0.5804511271428572 0.7445940426356589 0.5285714285714286
0 0.7731538152454781 0.5308270671428572 0.746634027131783 0.5308270671428572 0.7602339186046512 0.5849624057142857 0.7473140219638243 0.6593984957142858 0.7738338087855297 0.6601503757142857 0.7887936899224806 0.5842105257142857 0.7731538152454781 0.5308270671428572
0 0.8010335917312662 0.5330827071428571 0.7785937713178295 0.5323308271428572 0.790833673126615 0.5909774442857143 0.7792737661498709 0.6578947371428572 0.8003535968992249 0.6609022557142857 0.8166734664082688 0.5909774442857143 0.8010335917312662 0.5330827071428571
0 0.8289133682170542 0.5308270671428572 0.8078335374677003 0.5308270671428572 0.8221134224806201 0.5939849628571429 0.8037535697674419 0.6593984957142858 0.8282333746770026 0.6593984957142858 0.8493132054263566 0.5909774442857143 0.8289133682170542 0.5308270671428572
0 0.8567931459948321 0.5345864657142857 0.8343533255813954 0.5345864657142857 0.8527131782945736 0.5902255642857143 0.8295933630490957 0.6578947371428572 0.8554331563307495 0.6609022557142857 0.8758329935400516 0.5902255642857143 0.8567931459948321 0.5345864657142857
0 0.8663130697674418 0.5421052628571429 0.8805929547803617 0.5939849628571429 0.8608731124031007 0.6616541357142857 0.9234326124031008 0.6669172928571429 0.9275125801033591 0.62330827 0.9077927377260981 0.62330827 0.9091527273901809 0.5954887214285715 0.9254725956072352 0.5962406014285715 0.9254725956072352 0.5473684214285714 0.8663130697674418 0.5421052628571429