0 0.13014874184782607 0.09365325147058823 0.0750858125 0.09597523235294118 0.07723112092391304 0.1354489161764706 0.07723112092391304 0.19891640882352943 0.12871853532608696 0.19814241470588234 0.13157894701086956 0.1385448911764706 0.13014874184782607 0.09365325147058823
0 0.13086384375 0.09133126911764707 0.13443935869565218 0.14783281764705883 0.12442791711956522 0.20433436470588237 0.11799199048913044 0.23839009264705885 0.18020594972826084 0.23684210588235294 0.1794908464673913 0.051857585294117645 0.12085240217391303 0.04876161029411765 0.13086384375 0.09133126911764707
0 0.20380434782608695 0.2554179573529412 0.2488558355978261 0.2546439632352941 0.2624427921195652 0.13777089852941177 0.2510011440217391 0.07275541764705883 0.20737986277173912 0.07120743088235294 0.20380434782608695 0.2554179573529412
0 0.2717391304347826 0.08049535588235295 0.2717391304347826 0.07198142352941177 0.25457665896739134 0.07275541764705883 0.26530320380434785 0.1354489161764706 0.25386155570652175 0.2275541794117647 0.29605263179347824 0.22600619264705882 0.29390732201086955 0.07739938088235294 0.2717391304347826 0.08049535588235295
0 0.32823226494565216 0.12383900882352941 0.3153604116847826 0.1269349838235294 0.3125 0.2515479882352941 0.38258009103260876 0.25386996911764703 0.3847254008152174 0.1400928794117647 0.3768592676630435 0.07120743088235294 0.32537185326086954 0.06965944264705883 0.32823226494565216 0.12383900882352941
0 0.3797196793478261 0.07120743088235294 0.3868707092391305 0.1385448911764706 0.38973112092391304 0.2515479882352941 0.4319221970108696 0.24922600588235294 0.4269164755434783 0.07198142352941177 0.3797196793478261 0.07120743088235294
0 0.5012871847826087 0.06888544852941177 0.4533752866847826 0.06888544852941177 0.4548054918478261 0.12151702794117647 0.43835812364130433 0.12151702794117647 0.4397883301630435 0.20975232205882352 0.5070080095108696 0.21130031029411767 0.5077231127717391 0.1385448911764706 0.5012871847826087 0.06888544852941177
0 0.557780320652174 0.1462848294117647 0.557780320652174 0.11919504705882353 0.5484839823369565 0.11919504705882353 0.547768879076087 0.09829721323529413 0.5048626997282609 0.09287925735294118 0.5112986263586956 0.1385448911764706 0.5112986263586956 0.1942724455882353 0.5513443940217391 0.1958204338235294 0.5484839823369565 0.15325077352941177 0.557780320652174 0.1462848294117647
0 0.5799485122282608 0.2167182661764706 0.6300057214673913 0.21749226029411764 0.6342963383152174 0.13931888529411765 0.627145308423913 0.06888544852941177 0.58137871875 0.06965944264705883 0.5799485122282608 0.2167182661764706
0 0.666475972826087 0.09597523235294118 0.6328661331521739 0.09442724411764707 0.6371567499999999 0.1385448911764706 0.6357265448369566 0.21749226029411764 0.6779176195652173 0.21981424117647058 0.6743421046195652 0.1416408661764706 0.666475972826087 0.09597523235294118
0 0.7522883301630435 0.09287925735294118 0.7093821508152175 0.09597523235294118 0.7115274605978261 0.1416408661764706 0.7079519456521739 0.20278637794117646 0.7551487418478261 0.20433436470588237 0.7601544619565218 0.1385448911764706 0.7522883301630435 0.09287925735294118
0 0.7951945081521739 0.10216718235294119 0.7551487418478261 0.10061919558823529 0.7637299769021739 0.1385448911764706 0.7644450801630435 0.2051083588235294 0.7944794048913044 0.20433436470588237 0.7980549198369565 0.14473684264705883 0.7951945081521739 0.10216718235294119
0 0.9489416480978261 0.1207430338235294 0.9525171630434783 0.10526315735294117 0.9639588097826087 0.09442724411764707 0.9632437065217391 0.07662538676470589 0.9031750570652174 0.06037151764705883 0.8767162472826087 0.05417956617647059 0.8159324945652173 0.06656346764705882 0.8159324945652173 0.11222910147058823 0.9489416480978261 0.1207430338235294
0 0.8767162472826087 0.050309597058823534 0.9167620135869565 0.061919504411764706 0.9210526317934782 0.01315789411764706 0.8802917622282608 0.010835913235294117 0.816647597826087 0.014705882352941176 0.8116418763586957 0.06269349852941176 0.8767162472826087 0.050309597058823534
0 0.8938787187499999 0.20123838970588237 0.9167620135869565 0.1942724455882353 0.9203375285326088 0.1339009294117647 0.8788615557065217 0.1339009294117647 0.826659039402174 0.1354489161764706 0.8173626997282608 0.20046439558823528 0.8938787187499999 0.20123838970588237
0 0.20451945108695654 0.2600619191176471 0.20094393614130435 0.3026315794117647 0.20308924456521738 0.3691950470588235 0.22382723097826088 0.36532507794117647 0.23240846739130433 0.3869969044117647 0.26029748233695654 0.38777089852941177 0.26172768885869563 0.29876161029411763 0.25314645244565215 0.2585139323529412 0.20451945108695654 0.2600619191176471
0 0.25529176222826083 0.25696594411764706 0.26458810054347826 0.3057275544117647 0.26530320380434785 0.3668730647058823 0.3132151032608696 0.36222910147058823 0.3082093817934783 0.259287925 0.25529176222826083 0.25696594411764706
0 0.3232265448369565 0.4280185764705883 0.36184210461956523 0.4287925691176471 0.3639874144021739 0.39241486029411765 0.37757437092391305 0.39396284852941177 0.3818649891304348 0.30650154852941175 0.3761441644021739 0.25619195 0.3232265448369565 0.2546439632352941 0.3232265448369565 0.4280185764705883
0 0.43478260869565216 0.2523219808823529 0.3797196793478261 0.25309597500000003 0.3861556059782609 0.3088235294117647 0.3782894741847826 0.39938080441176477 0.3925915326086956 0.40092879264705883 0.39616704755434784 0.417956655882353 0.4419336385869565 0.41408668676470595 0.43478260869565216 0.2523219808823529
0 0.4490846684782609 0.42414860735294113 0.49413615625 0.4249226 0.5091533179347827 0.4055727558823529 0.5184496562500001 0.37229102205882353 0.5592105258152175 0.36532507794117647 0.5620709388586956 0.26547987647058824 0.5120137296195653 0.26547987647058824 0.5134439361413043 0.24303405588235294 0.441218535326087 0.24613003088235297 0.4490846684782609 0.42414860735294113
0 0.5706521739130435 0.38622291029411765 0.5985411902173913 0.38622291029411765 0.6006864986413043 0.40247678088235295 0.6543192214673913 0.40247678088235295 0.6557494279891304 0.38235294117647056 0.6950800910326087 0.38390092941176474 0.6872139592391304 0.24613003088235297 0.5706521739130435 0.2515479882352941 0.5706521739130435 0.38622291029411765
0 0.6950800910326087 0.3885448911764706 0.7065217391304348 0.39086687352941174 0.7151029741847826 0.4078947367647059 0.7844679633152174 0.40479876176470586 0.8137871847826087 0.38390092941176474 0.8216533179347827 0.36222910147058823 0.8116418763586957 0.2314241485294118 0.6986556059782608 0.23374612941176473 0.6950800910326087 0.3885448911764706
0 0.8259439361413043 0.3815789470588235 0.8681350108695652 0.38080495294117644 0.8688501141304349 0.3707430338235294 0.8917334089673913 0.3730650161764706 0.8910183070652175 0.23684210588235294 0.83094965625 0.23297213676470588 0.8259439361413043 0.3815789470588235
0 0.10225972554347827 0.585913313235294 0.14445080027173912 0.5750774000000001 0.2109553777173913 0.5874613 0.20523455434782606 0.5270897838235293 0.10154462228260869 0.5270897838235293 0.10225972554347827 0.585913313235294
0 0.21381578940217394 0.6470588235294118 0.2166762010869565 0.5874613 0.1794908464673913 0.585913313235294 0.14659611005434783 0.5758513926470589 0.10368993070652173 0.5882352941176471 0.05220251766304348 0.5897832823529412 0.055778032608695655 0.6486068117647059 0.21381578940217394 0.6470588235294118
0 0.21596109782608697 0.591331269117647 0.27602974864130436 0.58126935 0.33037757472826085 0.5874613 0.32537185326086954 0.5201238397058824 0.2831807785326087 0.5108359132352941 0.25243135054347826 0.513157894117647 0.21810640760869565 0.5232198147058823 0.21596109782608697 0.591331269117647
0 0.2188215108695652 0.5952012382352941 0.22168192255434782 0.6393188852941177 0.32537185326086954 0.6331269352941177 0.32465675 0.5944272441176471 0.27602974864130436 0.584365325 0.2188215108695652 0.5952012382352941
0 0.11727688722826086 0.6609907117647059 0.07937643070652174 0.671826625 0.08366704755434783 0.6904024764705883 0.055778032608695655 0.7012383897058824 0.055778032608695655 0.7995356044117647 0.22311212771739128 0.7910216720588235 0.22096681929347825 0.7608359132352941 0.21024027445652174 0.7484520117647059 0.20809496603260869 0.6772445823529412 0.162328375 0.6609907117647059 0.11727688722826086 0.6609907117647059
0 0.22382723097826088 0.8606811147058823 0.1701945081521739 0.8482972132352941 0.15803775679347826 0.8482972132352941 0.07651601766304349 0.8653250779411765 0.07294050407608696 0.8962848294117648 0.09939931385869565 0.8931888544117648 0.09796910733695652 0.9272445823529412 0.22382723097826088 0.9249225999999999 0.22382723097826088 0.8606811147058823
0 0.1423054918478261 0.7902476779411765 0.10583524048913044 0.8072755411764706 0.06936498913043479 0.8126934985294118 0.07866132744565217 0.8660990705882353 0.16804919972826088 0.8459752323529411 0.22454233423913045 0.8583591338235295 0.2202517160326087 0.8010835911764707 0.19879862635869563 0.7925696588235294 0.1423054918478261 0.7902476779411765
0 0.2223970258152174 0.7236842102941177 0.27960526358695653 0.7159442720588235 0.3239416480978261 0.7205882352941176 0.3217963383152174 0.6571207426470588 0.2610125855978261 0.6532507735294117 0.22382723097826088 0.6602167176470588 0.2223970258152174 0.7236842102941177
0 0.2767448519021739 0.7159442720588235 0.22311212771739128 0.7267801852941177 0.22096681929347825 0.7755417955882353 0.32608695652173914 0.7739938073529412 0.3239416480978261 0.7252321985294118 0.2767448519021739 0.7159442720588235
0 0.22668764266304348 0.7902476779411765 0.22382723097826088 0.8568111455882352 0.2824656752717391 0.8482972132352941 0.3525457663043478 0.8537151705882352 0.35183066304347826 0.7879256970588235 0.22668764266304348 0.7902476779411765
0 0.28175057201086956 0.8529411764705882 0.22525743750000002 0.8591331264705881 0.2288329524456522 0.9109907117647059 0.29319222010869567 0.9109907117647059 0.29247711684782607 0.923374613235294 0.3353832948369565 0.9264705882352942 0.33681350135869564 0.9032507735294117 0.3675629293478261 0.8986068117647059 0.36613272282608694 0.8529411764705882 0.28175057201086956 0.8529411764705882
0 0.4698226548913043 0.7546439632352941 0.45122997690217387 0.7747678014705881 0.4576659035326087 0.83126935 0.47053775679347826 0.83126935 0.46624713994565214 0.8684210529411764 0.5441933641304348 0.8691950470588236 0.5499141875 0.8413312691176471 0.5806636154891305 0.8436532514705882 0.5763729972826087 0.7391640867647059 0.528461097826087 0.7360681117647059 0.5234553777173913 0.7229102161764707 0.46910755163043477 0.7267801852941177 0.4698226548913043 0.7546439632352941
0 0.6435926779891304 0.8962848294117648 0.6650457663043479 0.905572755882353 0.6864988559782609 0.8846749220588235 0.7072368423913042 0.8660990705882353 0.7058066358695653 0.8258513926470588 0.692219679347826 0.8041795661764705 0.6936498858695652 0.7817337455882353 0.7043764307065218 0.753095975 0.6886441644021739 0.7198142411764705 0.6114130434782609 0.7190402470588235 0.5870995421195652 0.747678019117647 0.5863844388586957 0.7894736838235293 0.5856693369565218 0.8320433441176471 0.5778032038043478 0.8544891647058824 0.5778032038043478 0.9078947367647059 0.6006864986413043 0.9171826632352941 0.6450228831521739 0.915634675 0.6435926779891304 0.8962848294117648
0 0.8845823804347827 0.902476780882353 0.9217677350543478 0.9063467485294118 0.927488558423913 0.8939628485294117 0.9711098396739131 0.8815789470588236 0.9653890163043478 0.7964396279411764 0.9539473682065218 0.7794117647058824 0.9489416480978261 0.7360681117647059 0.9239130434782609 0.7229102161764707 0.9203375285326088 0.7043343647058823 0.8638443940217392 0.7051083588235294 0.8330949660326088 0.7337461294117646 0.8352402744565218 0.8955108352941176 0.8795766589673913 0.8916408661764705 0.8845823804347827 0.902476780882353
0 0.8967391304347826 0.5317337455882354 0.8338100692934782 0.5348297220588235 0.8359553777173913 0.665634675 0.9310640733695652 0.6671826632352941 0.9303489701086957 0.590557275 0.9096109836956522 0.585913313235294 0.8967391304347826 0.5317337455882354
0 0.7580091535326087 0.5332817338235294 0.7294050339673912 0.5456656352941177 0.7229691073369565 0.5626934985294118 0.7236842105978261 0.6060371514705882 0.7058066358695653 0.6099071205882354 0.7029462241847826 0.6486068117647059 0.6886441644021739 0.663312694117647 0.6929347826086957 0.6826625382352941 0.7058066358695653 0.6996904029411765 0.7050915326086956 0.7221362235294118 0.8252288328804348 0.7221362235294118 0.8252288328804348 0.669504644117647 0.8137871847826087 0.663312694117647 0.816647597826087 0.5952012382352941 0.8259439361413043 0.5882352941176471 0.8245137296195651 0.5085139323529412 0.7644450801630435 0.509287925 0.7580091535326087 0.5332817338235294
0 0.6657608695652174 0.5363777088235294 0.6106979402173913 0.5363777088235294 0.6078375285326088 0.5464396279411765 0.5792334089673913 0.5495356044117647 0.5842391304347826 0.6904024764705883 0.6736270027173913 0.6865325073529411 0.6657608695652174 0.5363777088235294
0 0.48984553804347825 0.5108359132352941 0.44264874184782604 0.5147058823529411 0.4447940502717391 0.5464396279411765 0.42620137364130434 0.5479876161764705 0.4204805489130435 0.6269349838235294 0.5778032038043478 0.6160990705882353 0.5749427921195652 0.5054179573529411 0.49485125815217396 0.5030959749999999 0.48984553804347825 0.5108359132352941
0 0.441218535326087 0.6246130029411765 0.4397883301630435 0.6803405573529412 0.45552059510869564 0.6834365323529412 0.45552059510869564 0.7190402470588235 0.5749427921195652 0.7082043338235294 0.5727974823369566 0.6168730647058823 0.441218535326087 0.6246130029411765