0 0.2593406593406593 0.08669201520912548 0.2593406593406593 0.26692015209125475 0.3164835164835165 0.26539923954372624 0.30989010989010984 0.18403041825095057 0.31794871794871793 0.0844106463878327 0.2593406593406593 0.08669201520912548
0 0.32087912087912085 0.08973384030418252 0.3128205128205128 0.18555133079847907 0.31575091575091574 0.26768060836501906 0.3553113553113553 0.2623574144486692 0.34871794871794876 0.0973384030418251 0.32087912087912085 0.08973384030418252
0 0.36117216117216117 0.18174904942965778 0.36703296703296706 0.25475285171102663 0.41245421245421243 0.25475285171102663 0.4021978021978022 0.18479087452471482 0.4021978021978022 0.10342205323193916 0.3575091575091575 0.10342205323193916 0.36117216117216117 0.18174904942965778
0 0.40366300366300367 0.09125475285171103 0.40512820512820513 0.18174904942965778 0.4161172161172161 0.25475285171102663 0.4608058608058608 0.2517110266159696 0.4622710622710623 0.18479087452471482 0.4622710622710623 0.10722433460076046 0.43956043956043955 0.10798479087452471 0.43956043956043955 0.09125475285171103 0.40366300366300367 0.09125475285171103
0 0.5106227106227107 0.09505703422053231 0.46593406593406594 0.09505703422053231 0.46593406593406594 0.17642585551330797 0.47179487179487184 0.26692015209125475 0.5076923076923077 0.26692015209125475 0.5025641025641026 0.17566539923954375 0.5106227106227107 0.09505703422053231
0 0.515018315018315 0.09505703422053231 0.5047619047619049 0.17642585551330797 0.5120879120879122 0.2722433460076045 0.5626373626373626 0.2692015209125475 0.5560439560439561 0.0935361216730038 0.515018315018315 0.09505703422053231
0 0.6073260073260074 0.09581749049429658 0.5670329670329671 0.09657794676806084 0.5626373626373626 0.17566539923954375 0.5648351648351648 0.25019011406844105 0.6065934065934065 0.24866920152091257 0.6043956043956044 0.17186311787072245 0.6073260073260074 0.09581749049429658
0 0.6498168498168498 0.0935361216730038 0.6124542124542124 0.09277566539923954 0.608058608058608 0.17110266159695817 0.6124542124542124 0.25247148288973387 0.6432234432234432 0.25247148288973387 0.6402930402930403 0.17338403041825096 0.6498168498168498 0.0935361216730038
0 0.7047619047619048 0.08973384030418252 0.6527472527472528 0.09201520912547528 0.6527472527472528 0.16653992395437262 0.6586080586080586 0.24638783269961975 0.704029304029304 0.24334600760456274 0.7003663003663003 0.17338403041825096 0.7047619047619048 0.08973384030418252
0 0.7201465201465201 0.09429657794676806 0.706959706959707 0.0935361216730038 0.7047619047619048 0.17490494296577946 0.7084249084249085 0.25247148288973387 0.756043956043956 0.25627376425855514 0.7567765567765568 0.18403041825095057 0.7655677655677655 0.17946768060836504 0.7633699633699634 0.13384030418250953 0.7545787545787546 0.13155893536121674 0.7545787545787546 0.07224334600760456 0.7245421245421246 0.07224334600760456 0.7201465201465201 0.09429657794676806
0 0.8 0.09505703422053231 0.7619047619047619 0.09581749049429658 0.7575091575091576 0.13003802281368823 0.764102564102564 0.1505703422053232 0.7684981684981685 0.1832699619771863 0.7611721611721612 0.19239543726235742 0.7589743589743589 0.25475285171102663 0.8029304029304029 0.2494296577946768 0.7978021978021979 0.18250950570342206 0.8 0.09505703422053231
0 0.8036630036630037 0.09581749049429658 0.8029304029304029 0.18098859315589355 0.8058608058608059 0.24486692015209127 0.8432234432234432 0.23954372623574144 0.8424908424908425 0.20684410646387832 0.8505494505494505 0.19239543726235742 0.8512820512820513 0.14752851711026616 0.8373626373626374 0.13079847908745246 0.8351648351648352 0.0973384030418251 0.8036630036630037 0.09581749049429658
0 0.8886446886446886 0.10950570342205324 0.8600732600732601 0.10950570342205324 0.852014652014652 0.13079847908745246 0.8476190476190476 0.27452471482889734 0.9201465201465201 0.2714828897338403 0.9238095238095237 0.12167300380228137 0.9018315018315017 0.1247148288973384 0.8886446886446886 0.10950570342205324
0 0.8791208791208791 0.27604562737642585 0.8776556776556776 0.2874524714828897 0.8542124542124542 0.2844106463878327 0.8600732600732601 0.4311787072243346 0.9245421245421246 0.43422053231939167 0.9186813186813187 0.2790874524714829 0.8791208791208791 0.27604562737642585
0 0.7934065934065934 0.3619771863117871 0.7941391941391942 0.47376425855513304 0.8417582417582418 0.4714828897338403 0.8417582417582418 0.2615969581749049 0.7978021978021979 0.2615969581749049 0.7934065934065934 0.3619771863117871
0 0.7582417582417582 0.3612167300380228 0.7604395604395604 0.4114068441064639 0.7934065934065934 0.41596958174904947 0.7919413919413919 0.3596958174904943 0.7926739926739927 0.30190114068441065 0.7611721611721612 0.30190114068441065 0.7582417582417582 0.3612167300380228
0 0.7450549450549451 0.38859315589353616 0.7509157509157509 0.3855513307984791 0.7553113553113553 0.2813688212927757 0.6996336996336996 0.2798479087452471 0.7003663003663003 0.3581749049429658 0.7010989010989012 0.4144486692015209 0.7128205128205128 0.41596958174904947 0.7128205128205128 0.4296577946768061 0.7428571428571429 0.4311787072243346 0.7450549450549451 0.38859315589353616
0 0.6476190476190476 0.314828897338403 0.6637362637362637 0.31711026615969584 0.6615384615384615 0.39391634980988594 0.6468864468864469 0.3893536121673004 0.652014652014652 0.4783269961977186 0.7047619047619048 0.48060836501901144 0.6959706959706959 0.3589353612167301 0.7025641025641026 0.26387832699619773 0.6498168498168498 0.2615969581749049 0.6476190476190476 0.314828897338403
0 0.6527472527472528 0.47300380228136885 0.649084249084249 0.3946768060836502 0.6432234432234432 0.39923954372623577 0.643956043956044 0.2889733840304182 0.6058608058608059 0.28517110266159695 0.6058608058608059 0.4768060836501901 0.6527472527472528 0.47300380228136885
0 0.5567765567765568 0.4790874524714829 0.6036630036630037 0.4783269961977186 0.6036630036630037 0.2661596958174905 0.550915750915751 0.2737642585551331 0.5567765567765568 0.4790874524714829
0 0.5304029304029304 0.4714828897338403 0.5538461538461538 0.4783269961977186 0.5428571428571428 0.29961977186311783 0.5076923076923077 0.29733840304182513 0.5076923076923077 0.45627376425855515 0.5304029304029304 0.4714828897338403
0 0.4652014652014652 0.42889733840304184 0.5062271062271062 0.4570342205323194 0.5032967032967033 0.26996197718631176 0.4637362637362637 0.2714828897338403 0.4652014652014652 0.42889733840304184
0 0.45787545787545786 0.4494296577946768 0.4564102564102564 0.26083650190114066 0.40293040293040294 0.2623574144486692 0.41025641025641024 0.4509505703422053 0.45787545787545786 0.4494296577946768
0 0.36849816849816847 0.43954372623574145 0.4087912087912088 0.4463878326996198 0.4 0.27452471482889734 0.3956043956043956 0.2790874524714829 0.35824175824175825 0.28973384030418253 0.36849816849816847 0.43954372623574145
0 0.3142857142857143 0.4752851711026616 0.36703296703296706 0.4714828897338403 0.36703296703296706 0.4015209125475285 0.35311355311355314 0.3961977186311787 0.3523809523809524 0.28517110266159695 0.30842490842490844 0.28212927756653994 0.3047619047619048 0.35285171102661594 0.3142857142857143 0.4752851711026616
0 0.31062271062271063 0.4722433460076046 0.30036630036630035 0.36045627376425854 0.3054945054945055 0.305703422053232 0.27765567765567767 0.3026615969581749 0.2673992673992674 0.33231939163498103 0.252014652014652 0.33307984790874523 0.2490842490842491 0.47072243346007603 0.31062271062271063 0.4722433460076046
0 0.3172161172161172 0.6517110266159696 0.37142857142857144 0.6547528517110266 0.3728937728937729 0.6745247148288973 0.44908424908424904 0.6661596958174905 0.44835164835164837 0.6524714828897338 0.4564102564102564 0.6539923954372624 0.45274725274725275 0.5977186311787072 0.3230769230769231 0.5977186311787072 0.3172161172161172 0.6517110266159696
0 0.38095238095238093 0.6935361216730038 0.3758241758241758 0.7072243346007605 0.3567765567765568 0.7125475285171103 0.34725274725274724 0.7444866920152091 0.4446886446886447 0.7429657794676806 0.4432234432234432 0.6950570342205323 0.38095238095238093 0.6935361216730038
0 0.34212454212454213 0.7467680608365019 0.35018315018315016 0.7619771863117871 0.3802197802197802 0.765019011406844 0.3860805860805861 0.7840304182509505 0.4454212454212454 0.7802281368821292 0.4454212454212454 0.7467680608365019 0.34212454212454213 0.7467680608365019
0 0.3443223443223443 0.844106463878327 0.44908424908424904 0.844106463878327 0.44981684981684983 0.7954372623574144 0.3912087912087912 0.7946768060836502 0.38095238095238093 0.8121673003802281 0.35311355311355314 0.8121673003802281 0.3443223443223443 0.844106463878327
0 0.34871794871794876 0.8463878326996197 0.3509157509157509 0.8844106463878327 0.45054945054945056 0.8813688212927757 0.44761904761904764 0.8494296577946768 0.34871794871794876 0.8463878326996197
0 0.4468864468864469 0.9003802281368821 0.3882783882783883 0.8980988593155893 0.3787545787545788 0.9140684410646388 0.3509157509157509 0.9140684410646388 0.3435897435897436 0.9422053231939164 0.45054945054945056 0.9467680608365019 0.4468864468864469 0.9003802281368821
0 0.34505494505494505 0.9444866920152092 0.35018315018315016 0.9695817490494296 0.3772893772893773 0.9718631178707224 0.3860805860805861 0.9863117870722432 0.44908424908424904 0.9847908745247148 0.44835164835164837 0.9520912547528517 0.34505494505494505 0.9444866920152092
0 0.14652014652014653 0.7376425855513308 0.24395604395604392 0.7368821292775666 0.23443223443223443 0.7125475285171103 0.21025641025641026 0.7117870722433459 0.20293040293040293 0.6912547528517111 0.14945054945054945 0.694296577946768 0.14652014652014653 0.7376425855513308
0 0.20952380952380953 0.7771863117870723 0.20805860805860804 0.7574144486692015 0.2468864468864469 0.7551330798479087 0.24322344322344325 0.7399239543726236 0.14505494505494507 0.7414448669201521 0.14945054945054945 0.7437262357414448 0.15164835164835164 0.779467680608365 0.20952380952380953 0.7771863117870723
0 0.20805860805860804 0.8121673003802281 0.2043956043956044 0.793916349809886 0.14505494505494507 0.7931558935361217 0.15018315018315018 0.8425855513307985 0.23882783882783884 0.8418250950570343 0.23443223443223443 0.8182509505703421 0.20805860805860804 0.8121673003802281
0 0.21245421245421245 0.8821292775665399 0.2131868131868132 0.864638783269962 0.24468864468864468 0.8638783269961977 0.24468864468864468 0.8456273764258555 0.15164835164835164 0.8479087452471483 0.15164835164835164 0.8798479087452472 0.21245421245421245 0.8821292775665399
0 0.21172161172161172 0.9140684410646388 0.20805860805860804 0.8958174904942966 0.14725274725274726 0.8958174904942966 0.1523809523809524 0.9490494296577947 0.241025641025641 0.9467680608365019 0.23809523809523808 0.9186311787072243 0.21172161172161172 0.9140684410646388
0 0.21172161172161172 0.9809885931558935 0.2087912087912088 0.9665399239543726 0.24395604395604392 0.9657794676806084 0.24322344322344325 0.9467680608365019 0.15457875457875458 0.9513307984790874 0.1575091575091575 0.9832699619771864 0.21172161172161172 0.9809885931558935
0 0.8578754578754578 0.773384030418251 0.928937728937729 0.773384030418251 0.9296703296703297 0.6615969581749049 0.9062271062271062 0.6608365019011407 0.906959706959707 0.6372623574144487 0.8615384615384615 0.6372623574144487 0.8578754578754578 0.773384030418251
0 0.7992673992673992 0.6631178707224334 0.7750915750915751 0.667680608365019 0.7736263736263735 0.7285171102661597 0.7794871794871795 0.7429657794676806 0.7816849816849817 0.7688212927756654 0.841025641025641 0.7703422053231939 0.843956043956044 0.6418250950570342 0.8051282051282052 0.6395437262357414 0.7992673992673992 0.6631178707224334
0 0.8776556776556776 0.8334600760456273 0.8681318681318682 0.8060836501901141 0.8153846153846154 0.8060836501901141 0.8146520146520146 0.7954372623574144 0.7853479853479853 0.7954372623574144 0.7721611721611722 0.8053231939163499 0.7582417582417582 0.8182509505703421 0.7597069597069597 0.8912547528517111 0.7926739926739927 0.8904942965779468 0.7963369963369964 0.8760456273764259 0.8219780219780219 0.8768060836501901 0.83003663003663 0.8866920152091254 0.8901098901098901 0.8828897338403041 0.8915750915750916 0.8342205323193916 0.8776556776556776 0.8334600760456273
0 0.5875457875457876 0.9026615969581749 0.5904761904761905 0.9749049429657793 0.6212454212454213 0.9741444866920151 0.6395604395604395 0.9634980988593156 0.652014652014652 0.9665399239543726 0.6644688644688644 0.9969581749049429 0.6901098901098901 0.9946768060836503 0.7157509157509158 0.9809885931558935 0.7523809523809524 0.9703422053231938 0.7516483516483516 0.9026615969581749 0.5875457875457876 0.9026615969581749
0 0.6959706959706959 0.8844106463878327 0.698901098901099 0.8996197718631178 0.7575091575091576 0.894296577946768 0.756043956043956 0.8076045627376426 0.5956043956043956 0.8152091254752852 0.5985347985347985 0.8889733840304183 0.6959706959706959 0.8844106463878327
0 0.7597069597069597 0.7870722433460076 0.7567765567765568 0.6121673003802282 0.6798534798534799 0.611406844106464 0.6776556776556777 0.6250950570342205 0.6498168498168498 0.6250950570342205 0.6542124542124542 0.7901140684410647 0.7597069597069597 0.7870722433460076