0 0.09520587066666666 0.19713981666666666 0.090648144 0.17724497380952378 0.058744048 0.18176652857142858 0.07039157466666666 0.3264563023809524 0.107359812 0.3264563023809524 0.10584056933333333 0.1989484380952381 0.09520587066666666 0.19713981666666666
0 0.115633336 0.19831035238095238 0.10990891333333333 0.19728813571428572 0.10819158666666667 0.30462105714285714 0.11391600933333333 0.30462105714285714 0.11105379733333333 0.3240432047619048 0.14769010266666668 0.3250654238095238 0.14482789066666668 0.16968824047619047 0.115633336 0.1737771142857143 0.115633336 0.19831035238095238
0 0.14804597733333333 0.17816091904761905 0.151264368 0.32430213571428573 0.17103448266666665 0.3226600976190476 0.17149425333333332 0.3004926119047619 0.17701149466666669 0.2988505738095238 0.174712644 0.19458128095238095 0.16137931066666666 0.20032840714285713 0.16091954 0.17651888333333332 0.14804597733333333 0.17816091904761905
0 0.17609195466666666 0.20197044285714286 0.18068965466666667 0.32594417142857146 0.19954022933333332 0.3226600976190476 0.20137931066666667 0.36945812857142857 0.22666666666666666 0.3637110023809524 0.22298850533333334 0.17323481190476192 0.22390804533333336 0.17077175714285714 0.17931034533333332 0.1699507380952381 0.17977011466666667 0.1995073880952381 0.17609195466666666 0.20197044285714286
0 0.27310344799999997 0.3300492619047619 0.26988505733333334 0.1403940880952381 0.22850574666666668 0.1403940880952381 0.231264368 0.18555008095238096 0.2257471266666667 0.18555008095238096 0.22942528799999998 0.37027914523809524 0.24919540266666668 0.3686371095238095 0.247816092 0.33251231428571426 0.27310344799999997 0.3300492619047619
0 0.289655172 0.1921182261904762 0.29011494266666665 0.1691297214285714 0.27080459733333334 0.16666666666666666 0.27678160933333334 0.3267651880952381 0.304367816 0.3201970452380952 0.3006896546666667 0.19047619047619047 0.289655172 0.1921182261904762
0 0.3098850573333333 0.1715927761904762 0.3108045973333333 0.19129720952380955 0.3029885053333333 0.1921182261904762 0.30804597733333333 0.3201970452380952 0.3342528733333333 0.31773399047619044 0.337471264 0.16748768571428574 0.3098850573333333 0.1715927761904762
0 0.3558620693333333 0.1921182261904762 0.3558620693333333 0.17241379285714287 0.338390804 0.17077175714285714 0.3370114946666667 0.3193760261904762 0.3622988506666666 0.31362890000000004 0.369655172 0.18801313571428574 0.3558620693333333 0.1921182261904762
0 0.37333333333333335 0.17241379285714287 0.3760919546666667 0.19293924523809522 0.37195402266666666 0.1954023 0.37011494266666667 0.31362890000000004 0.39908045999999997 0.3169129714285714 0.4 0.1699507380952381 0.37333333333333335 0.17241379285714287
0 0.40183907999999996 0.17077175714285714 0.40367816133333334 0.3201970452380952 0.42942528799999996 0.3226600976190476 0.43264367866666664 0.18308702857142858 0.40183907999999996 0.17077175714285714
0 0.44183907999999994 0.1699507380952381 0.44 0.1896551714285714 0.434022988 0.19458128095238095 0.434022988 0.30788177380952386 0.4666666666666667 0.30377668333333335 0.46758620666666667 0.16091954047619048 0.44183907999999994 0.1699507380952381
0 0.48505747066666666 0.16502463095238096 0.46988505733333336 0.16502463095238096 0.47080459733333335 0.3029556642857143 0.5039080453333333 0.30131362857142857 0.5039080453333333 0.1896551714285714 0.48735632133333334 0.18883415476190477 0.48505747066666666 0.16502463095238096
0 0.069425288 0.4917898190476191 0.05885057466666667 0.4942528738095238 0.057931034666666666 0.5459770119047619 0.071264368 0.5476190476190477 0.07172413733333334 0.6100164214285715 0.10758620666666667 0.6059113309523809 0.106206896 0.5706075523809524 0.11448275866666667 0.5673234809523809 0.11172413733333333 0.4942528738095238 0.11402298799999999 0.41050903095238095 0.07172413733333334 0.40476190476190477 0.069425288 0.4917898190476191
0 0.144367816 0.4712643666666667 0.14712643733333333 0.41133005 0.11816091999999999 0.41133005 0.11448275866666667 0.49671592857142854 0.11448275866666667 0.6034482761904761 0.14482758666666667 0.6026272571428571 0.14758620666666666 0.5221674880952382 0.144367816 0.4712643666666667
0 0.17563218400000002 0.48850574761904764 0.17793103466666665 0.40476190476190477 0.15080459733333335 0.4072249595238095 0.146206896 0.4794745476190476 0.14896551733333332 0.6026272571428571 0.17609195466666666 0.5993431857142857 0.17885057466666668 0.5632183904761905 0.17563218400000002 0.48850574761904764
0 0.2091954026666667 0.48111658571428567 0.21333333333333335 0.40065681428571426 0.17701149466666669 0.3973727428571429 0.17885057466666668 0.48604269285714286 0.17931034533333332 0.6018062404761905 0.209655172 0.6001642047619047 0.21057471200000002 0.5459770119047619 0.2091954026666667 0.48111658571428567
0 0.24045977066666668 0.48111658571428567 0.24505747066666667 0.39983579523809526 0.21333333333333335 0.4031198690476191 0.21195402266666669 0.47290640476190476 0.213793104 0.6075533666666667 0.23908046000000002 0.6042692928571428 0.24321839066666667 0.5418719214285714 0.24045977066666668 0.48111658571428567
0 0.27678160933333334 0.3891625619047619 0.24827586266666665 0.3908045976190476 0.24551724133333336 0.4835796380952381 0.24367816133333334 0.6001642047619047 0.27356321866666666 0.5944170761904761 0.27356321866666666 0.48111658571428567 0.27678160933333334 0.3891625619047619
0 0.30896551733333333 0.39244663333333335 0.27908046000000003 0.3916256166666666 0.27586206933333335 0.4745484404761905 0.27908046000000003 0.5985221666666667 0.30712643733333334 0.5985221666666667 0.30712643733333334 0.4745484404761905 0.30896551733333333 0.39244663333333335
0 0.313103448 0.3916256166666666 0.311264368 0.47865353095238095 0.30942528799999997 0.5993431857142857 0.3402298853333333 0.5993431857142857 0.338390804 0.46798029523809526 0.34390804533333336 0.3940886690476191 0.313103448 0.3916256166666666
0 0.3457471266666666 0.3965517238095238 0.34160919600000006 0.4688013142857143 0.343448276 0.6009852214285715 0.3650574706666666 0.6001642047619047 0.3604597706666667 0.53858785 0.37333333333333335 0.5361247952380952 0.369655172 0.4770114952380953 0.37287356266666666 0.3973727428571429 0.3457471266666666 0.3965517238095238
0 0.40505747066666664 0.3949096880952381 0.37425287333333335 0.39819375952380953 0.37149425333333336 0.4671592785714286 0.375632184 0.5353037761904762 0.38390804533333334 0.536945811904762 0.389425288 0.5607553357142857 0.40505747066666664 0.559934319047619 0.40505747066666664 0.5533661738095238 0.40229885066666665 0.4753694571428571 0.40505747066666664 0.3949096880952381
0 0.43540229866666663 0.3916256166666666 0.40551724133333333 0.38998357857142857 0.40551724133333333 0.47044335 0.4082758626666667 0.5640394095238096 0.4395402293333333 0.5623973738095238 0.4344827586666667 0.47290640476190476 0.43540229866666663 0.3916256166666666
0 0.46758620666666667 0.4014778333333333 0.43816092 0.3965517238095238 0.4377011493333334 0.4753694571428571 0.4427586213333333 0.5640394095238096 0.46712643733333337 0.5648604261904762 0.46712643733333337 0.4901477833333333 0.46758620666666667 0.4014778333333333
0 0.470344828 0.5574712642857143 0.5071264373333333 0.5591133 0.503448276 0.40065681428571426 0.4689655173333333 0.4014778333333333 0.470344828 0.5574712642857143
0 0.5204597706666667 0.3596059119047619 0.568735632 0.3604269285714286 0.568735632 0.12972085476190476 0.52 0.13218390714285713 0.5204597706666667 0.3596059119047619
0 0.5719540226666666 0.14942528809523808 0.569655172 0.3579638761904762 0.60091954 0.3604269285714286 0.5972413786666667 0.1527093595238095 0.5719540226666666 0.14942528809523808
0 0.6 0.14614121428571428 0.60091954 0.2619047619047619 0.6041379306666667 0.3456486047619048 0.632183908 0.344006569047619 0.6298850573333333 0.25615763571428574 0.629425288 0.15599343095238094 0.6 0.14614121428571428
0 0.663448276 0.14860426904761903 0.634022988 0.1510673238095238 0.632183908 0.1921182261904762 0.6312643680000001 0.2676518880952381 0.63816092 0.3538587857142857 0.665287356 0.3505747119047619 0.6620689653333333 0.26600985238095237 0.663448276 0.14860426904761903
0 0.6942528733333334 0.17651888333333332 0.689655172 0.14778325238095238 0.6657471266666667 0.14696223333333333 0.6648275866666667 0.25944170714285714 0.6721839079999999 0.3563218380952381 0.6993103453333334 0.3555008214285715 0.6951724133333333 0.2545156 0.6942528733333334 0.17651888333333332
0 0.728735632 0.13957307142857145 0.6965517240000001 0.1436781619047619 0.6974712639999999 0.18883415476190477 0.7029885053333335 0.3587848928571428 0.7379310346666667 0.3596059119047619 0.7291954026666667 0.26272578095238097 0.728735632 0.13957307142857145
0 0.7577011493333333 0.1403940880952381 0.7319540226666666 0.1436781619047619 0.7342528733333333 0.2651888333333333 0.7439080453333333 0.3563218380952381 0.7664367813333334 0.3563218380952381 0.76183908 0.26272578095238097 0.7577011493333333 0.1403940880952381
0 0.7949425293333333 0.14285714285714285 0.76183908 0.1436781619047619 0.7650574706666666 0.2619047619047619 0.7705747119999999 0.35303776666666664 0.80091954 0.35221674761904764 0.794022988 0.2619047619047619 0.7949425293333333 0.14285714285714285
0 0.8289655173333333 0.14285714285714285 0.7972413786666666 0.14285714285714285 0.7981609199999999 0.25615763571428574 0.806896552 0.3497536952380953 0.8326436786666667 0.35139573095238097 0.8266666666666667 0.26108374285714286 0.8289655173333333 0.14285714285714285
0 0.8602298853333333 0.13957307142857145 0.834022988 0.14203612380952382 0.829425288 0.25615763571428574 0.8386206893333333 0.35303776666666664 0.8680459773333333 0.35139573095238097 0.8588505746666666 0.25615763571428574 0.8602298853333333 0.13957307142857145
0 0.893793104 0.13875205238095237 0.8643678159999999 0.13875205238095237 0.862528736 0.25615763571428574 0.871264368 0.3489326761904762 0.8983908039999999 0.34482758571428573 0.8914942533333333 0.2528735642857143 0.893793104 0.13875205238095237
0 0.9259770119999999 0.14203612380952382 0.8983908039999999 0.1403940880952381 0.8942528733333334 0.2553366166666666 0.9043678159999999 0.3505747119047619 0.9319540226666666 0.34646962142857146 0.9241379306666666 0.26108374285714286 0.9259770119999999 0.14203612380952382
0 0.9691954026666667 0.11658456428571429 0.9227586213333334 0.11576354761904763 0.9273563213333333 0.2668308714285714 0.9374712639999999 0.3489326761904762 0.9944827586666667 0.3415435142857143 0.9963218386666667 0.1691297214285714 0.9691954026666667 0.11658456428571429
0 0.5671111106666666 0.5896825404761904 0.5666666666666667 0.48650793571428574 0.5666666666666667 0.3904761904761905 0.520444444 0.3912698404761905 0.528 0.5865079357142857 0.5671111106666666 0.5896825404761904
0 0.5973333333333334 0.39603174523809526 0.5671111106666666 0.39603174523809526 0.5693333333333334 0.47936507857142857 0.5724444439999999 0.5928571428571429 0.6031111106666667 0.5928571428571429 0.599555556 0.481746030952381 0.5973333333333334 0.39603174523809526
0 0.5982222226666667 0.38412698333333334 0.6022222226666667 0.47936507857142857 0.6026666666666667 0.5888888880952381 0.632444444 0.5857142857142857 0.6311111106666667 0.4714285714285714 0.6328888893333333 0.38571428571428573 0.5982222226666667 0.38412698333333334
0 0.6351111106666666 0.38333333333333336 0.636 0.4753968261904762 0.6337777773333333 0.5928571428571429 0.6688888893333333 0.5984126976190477 0.6657777773333333 0.46904761904761905 0.6671111106666666 0.3849206357142857 0.6351111106666666 0.38333333333333336
0 0.6986666666666667 0.3849206357142857 0.6697777773333333 0.38571428571428573 0.6702222226666666 0.46904761904761905 0.672444444 0.5865079357142857 0.7 0.5865079357142857 0.6968888893333333 0.4753968261904762 0.6986666666666667 0.3849206357142857
0 0.7324444440000001 0.38174603095238097 0.700444444 0.37857142857142856 0.6991111106666668 0.4785714285714286 0.7031111106666668 0.5880952380952381 0.7346666666666667 0.5833333333333334 0.731555556 0.47936507857142857 0.7324444440000001 0.38174603095238097
0 0.7626666666666667 0.3880952380952381 0.7342222226666666 0.38174603095238097 0.7333333333333333 0.47619047619047616 0.7377777773333334 0.587301588095238 0.768 0.5825396833333333 0.7631111106666667 0.48650793571428574 0.7626666666666667 0.3880952380952381
0 0.7666666666666667 0.38015873095238095 0.7657777773333334 0.47222222142857145 0.7711111106666667 0.5880952380952381 0.8017777773333333 0.5801587309523809 0.7955555559999999 0.47619047619047616 0.800444444 0.38333333333333336 0.7666666666666667 0.38015873095238095
0 0.8031111106666667 0.38095238095238093 0.7982222226666666 0.47777777857142856 0.8057777773333333 0.5865079357142857 0.8311111106666668 0.5896825404761904 0.8288888893333333 0.4698412690476191 0.8266666666666667 0.3849206357142857 0.8031111106666667 0.38095238095238093
0 0.8653333333333333 0.38412698333333334 0.831555556 0.38412698333333334 0.8324444440000001 0.4825396833333333 0.8351111106666668 0.5936507928571428 0.8631111106666667 0.587301588095238 0.8608888893333333 0.4753968261904762 0.8653333333333333 0.38412698333333334
0 0.896 0.3793650785714286 0.868 0.37857142857142856 0.8653333333333333 0.47936507857142857 0.8675555559999999 0.587301588095238 0.896444444 0.5849206357142857 0.8946666666666667 0.4746031738095238 0.896 0.3793650785714286
0 0.928 0.3769841261904762 0.8991111106666667 0.3761904761904762 0.8977777773333334 0.4674603166666667 0.900444444 0.5849206357142857 0.9306666666666666 0.581746030952381 0.9262222226666667 0.4706349214285714 0.928 0.3769841261904762
0 0.9786666666666667 0.5769841261904762 0.9773333333333334 0.5031746023809524 0.9946666666666667 0.5031746023809524 0.9951111106666667 0.38174603095238097 0.9288888893333332 0.3777777785714285 0.928 0.6023809523809524 0.9733333333333334 0.5960317452380952 0.9786666666666667 0.5769841261904762
0 0.41770675599999996 0.7412698404761904 0.4168178666666667 0.7865079357142857 0.4070400893333333 0.7857142857142857 0.40755555600000004 0.9444444452380952 0.456 0.9460317452380952 0.45466666666666666 0.7396825404761905 0.41770675599999996 0.7412698404761904
0 0.08577777733333333 0.7595238095238095 0.08444444400000001 0.8007936499999999 0.06977777733333333 0.8023809523809524 0.07066666666666667 0.9428571428571428 0.108 0.9412698404761904 0.10666666666666667 0.9015873023809524 0.11422222266666668 0.90079365 0.11733333333333333 0.761111111904762 0.08577777733333333 0.7595238095238095
0 0.16177777733333332 0.888095238095238 0.16177777733333332 0.8007936499999999 0.14933333333333335 0.7992063500000001 0.147555556 0.7658730166666667 0.11866666666666667 0.7587301595238096 0.115555556 0.9031746023809524 0.11866666666666667 0.9031746023809524 0.11777777733333333 0.9396825404761905 0.155555556 0.9388888880952381 0.156444444 0.8904761904761904 0.16177777733333332 0.888095238095238
0 0.23111111066666667 0.75079365 0.19422222266666667 0.7531746023809524 0.191555556 0.7952380952380952 0.18133333333333335 0.7960317452380952 0.18088888933333333 0.9396825404761905 0.22888888933333332 0.9388888880952381 0.23111111066666667 0.75079365
0 0.23333333333333334 0.7531746023809524 0.228 0.9849206357142858 0.2946666666666667 0.9785714285714285 0.2906666666666667 0.7976190476190477 0.26355555599999997 0.7960317452380952 0.26355555599999997 0.7523809523809524 0.23333333333333334 0.7531746023809524
0 0.3462222226666667 0.7452380952380953 0.304 0.7452380952380953 0.30266666666666664 0.7849206357142857 0.29422222266666664 0.7849206357142857 0.2991111106666667 0.9452380952380952 0.3413333333333333 0.9460317452380952 0.3462222226666667 0.7452380952380953
0 0.38266666666666665 0.780158730952381 0.3742222226666667 0.7428571428571429 0.348 0.7444444452380953 0.34311111066666666 0.9460317452380952 0.39511111066666665 0.9460317452380952 0.3897777773333333 0.7841269833333333 0.38266666666666665 0.780158730952381
0 0.508444444 0.9436507928571428 0.504444444 0.7849206357142857 0.49377777733333333 0.7825396833333333 0.491555556 0.7468253976190476 0.4568888893333334 0.7396825404761905 0.4573333333333333 0.9484126976190476 0.508444444 0.9436507928571428
0 0.5373333333333333 0.7420634928571429 0.535555556 0.7857142857142857 0.5133333333333333 0.780952380952381 0.5057777773333333 0.9817460309523809 0.5733333333333334 0.9785714285714285 0.5711111106666666 0.7444444452380953 0.5373333333333333 0.7420634928571429
0 0.6293333333333333 0.869841269047619 0.619555556 0.780158730952381 0.6057777773333333 0.7825396833333333 0.6022222226666667 0.7452380952380953 0.5742222226666667 0.7444444452380953 0.5768888893333334 0.9341269833333333 0.6142222226666667 0.930158730952381 0.6168888893333334 0.8722222214285714 0.6293333333333333 0.869841269047619
0 0.687555556 0.7468253976190476 0.6528888893333333 0.7515873023809524 0.6502222226666667 0.7825396833333333 0.64 0.7777777785714286 0.64 0.9357142857142857 0.6888888893333333 0.9357142857142857 0.687555556 0.7468253976190476
0 0.7413333333333333 0.9015873023809524 0.739555556 0.7880952380952381 0.7337777773333334 0.7880952380952381 0.7204444440000001 0.7428571428571429 0.688444444 0.7420634928571429 0.6862222226666667 0.9825396833333334 0.7471111106666667 0.9841269833333333 0.7453333333333333 0.9055555547619047 0.7413333333333333 0.9015873023809524
0 0.7608888893333333 0.7793650785714286 0.7528888893333333 0.7865079357142857 0.7533333333333333 0.9531746023809523 0.8048888893333332 0.9476190476190476 0.8026666666666666 0.738888888095238 0.7617777773333334 0.7420634928571429 0.7608888893333333 0.7793650785714286
0 0.847555556 0.8452380952380952 0.8457777773333334 0.7912698404761904 0.836 0.7833333333333333 0.8306666666666667 0.7412698404761904 0.8048888893333332 0.7468253976190476 0.803555556 0.9912698404761904 0.8648888893333333 0.9880952380952381 0.8622222226666666 0.8484126976190476 0.847555556 0.8452380952380952
0 0.8857777773333334 0.75 0.8848888893333333 0.7865079357142857 0.872 0.7904761904761904 0.8697777773333334 0.8428571428571429 0.8662222226666666 0.8428571428571429 0.8697777773333334 0.9857142857142858 0.9231111106666667 0.9865079357142856 0.9191111106666667 0.7436507928571429 0.8857777773333334 0.75
0 0.9648888893333333 0.888888888095238 0.9631111106666668 0.7849206357142857 0.9493333333333334 0.7825396833333333 0.9502222226666666 0.7420634928571429 0.9226666666666666 0.7436507928571429 0.9266666666666666 0.9793650785714285 0.9773333333333334 0.9793650785714285 0.9684444440000001 0.9095238095238095 0.9648888893333333 0.888888888095238