0 0.7291816529411764 0.1692170589123867 0.7360896078431373 0.22352538066465258 0.8134586803921569 0.20222800906344413 0.809313919607843 0.16495762990936555 0.8003336098039215 0.1436602583081571 0.7761557666666667 0.10372764652567977 0.6994774254901961 0.12236288670694864 0.7291816529411764 0.1692170589123867
0 0.6379966705882353 0.18093065861027188 0.6476677647058824 0.20222800906344413 0.6497401725490196 0.24375785951661633 0.734708037254902 0.22139563595166162 0.7291816529411764 0.16815218731117826 0.6980958568627451 0.12289527190332325 0.616581968627451 0.14099808761329305 0.6379966705882353 0.18093065861027188
0 0.6272943921568628 0.36580578700906347 0.6978519039215686 0.3506178459214502 0.7048440803921568 0.37952391238670696 0.7938355490196078 0.364825916918429 0.7868433725490196 0.320242003021148 0.749975505882353 0.26193994712990937 0.6033351705882353 0.2946050981873112 0.6222091450980392 0.3403292567975831 0.6272943921568628 0.36580578700906347
0 0.7874790156862745 0.31975205891238667 0.7931999058823529 0.3643359909365559 0.8548583078431372 0.34963799546827795 0.8548583078431372 0.3613963806646526 0.8713852862745098 0.35845678851963747 0.8643931098039216 0.30799367371601205 0.8542226156862744 0.27761780362537763 0.8300678176470588 0.24332248942598186 0.7511491117647059 0.2609324456193354 0.7874790156862745 0.31975205891238667
0 0.4260722294117647 0.22139206948640486 0.4858159254901961 0.2592700574018127 0.5243602411764706 0.29677671450151055 0.5243602411764706 0.3038324259818731 0.5388143588235293 0.31831519637462236 0.5995216490196078 0.27041064652567975 0.582658511764706 0.25518520996978855 0.5855493274509804 0.2503575966767372 0.5609773333333333 0.22510559818731116 0.5335145235294118 0.20356711631419938 0.48501617254901963 0.1782879577039275 0.4260722294117647 0.22139206948640486
0 0.4260722294117647 0.31412406495468276 0.4814796823529412 0.35571556948640487 0.5378507294117647 0.31746621903323263 0.5219512215686275 0.3011267114803625 0.5253238352941177 0.2985272099697885 0.4867795196078431 0.2602778595166163 0.4279994529411765 0.22277122507552868 0.3651475431372549 0.2683136329305136 0.4260722294117647 0.31412406495468276
0 0.487691931372549 0.4084590815709969 0.4624225431372549 0.4678387205438066 0.6066430137254902 0.503466504531722 0.6266001549019607 0.4405815181268882 0.487691931372549 0.4084590815709969
0 0.4630388607843137 0.46831378700906345 0.43838579019607843 0.5329188096676738 0.5678144098039216 0.5633211933534743 0.5715124078431373 0.5528703549848942 0.5826062607843137 0.5466948927492447 0.6057956725490197 0.5029111586102719 0.4630388607843137 0.46831378700906345
0 0.2886184176470588 0.42698551812688823 0.42544293725490195 0.45928803927492445 0.4470143745098039 0.3965831540785498 0.31530346470588233 0.36578594864048336 0.2886184176470588 0.42698551812688823
0 0.26643063921568627 0.4816147870090634 0.3336102411764706 0.4953908700906344 0.3286796568627451 0.5039415709969789 0.4032551843137255 0.518192666163142 0.4223613039215686 0.45881304531722056 0.28833469215686275 0.42633474320241693 0.26643063921568627 0.4816147870090634
0 0.540507337254902 0.6759541027190332 0.5654100392156863 0.6143314954682779 0.5182259352941176 0.6022090362537764 0.4278409784313726 0.5808178338368579 0.40419762156862743 0.6436274652567976 0.540507337254902 0.6759541027190332
0 0.5094306901960785 0.740633501510574 0.5391710098039215 0.6758929214501511 0.40407315686274514 0.6441895060422961 0.3760011862745098 0.705630243202417 0.5094306901960785 0.740633501510574
0 0.24751868235294117 0.5399856117824774 0.22196513725490197 0.6015342024169185 0.3473373137254902 0.631692998489426 0.372584962745098 0.5708432175226587 0.24751868235294117 0.5399856117824774
0 0.3202535823529412 0.6937464350453172 0.3478886509803922 0.6313681888217523 0.2230916588235294 0.6009049969788519 0.19194781764705884 0.6653465891238671 0.3202535823529412 0.6937464350453172
0 0.1707259196078431 0.8344802945619336 0.33972353137254907 0.8402909471299094 0.33909529607843136 0.7763736193353474 0.1800217392156863 0.7685898987915408 0.1707259196078431 0.8344802945619336
0 0.23731976078431374 0.9046925287009064 0.26182128039215685 0.9056609577039275 0.33783878039215687 0.9056609577039275 0.33972353137254907 0.8412593957703928 0.17138195294117647 0.8345451012084592 0.16946945098039215 0.9003345574018127 0.23731976078431374 0.9046925287009064
0 0.3405199196078431 0.8393225181268883 0.4605144882352941 0.8485227311178247 0.5082610137254903 0.8470700679758308 0.5114022333333333 0.7967109410876133 0.4982091215686274 0.7976793897280967 0.5000938725490196 0.782668506042296 0.4642839431372549 0.782668506042296 0.45548851764705883 0.7904160543806648 0.4366412019607843 0.7870264954682779 0.43789771960784313 0.7787947311178247 0.3402505274509804 0.7752459274924471 0.3405199196078431 0.8393225181268883
0 0.45800150392156863 0.8485227311178247 0.3713038784313726 0.8417436299093656 0.3669061411764706 0.910987413897281 0.3939206470588235 0.9085663021148037 0.39580535098039216 0.9158296374622357 0.42093510588235294 0.9221245604229608 0.43726948431372553 0.9167980861027191 0.43789771960784313 0.9347143141993958 0.48375949215686276 0.9313247356495468 0.4831312588235294 0.910987413897281 0.4963243705882353 0.9105031812688822 0.4982091215686274 0.9017871827794562 0.5051197941176471 0.9017871827794562 0.5083336666666667 0.8466469728096676 0.45800150392156863 0.8485227311178247
0 0.7816640176470587 0.8744268595166164 0.7717850039215686 0.9136697129909365 0.8622157705882353 0.9130840075528702 0.8766543058823529 0.8668125800604229 0.8614558607843137 0.8070697326283988 0.7754394470588235 0.8045262447129908 0.7816640176470587 0.8515840211480362 0.7816640176470587 0.8744268595166164
0 0.8751344274509804 0.8685697175226587 0.8622157705882353 0.9142554395770394 0.9336484803921569 0.9119126193353474 0.9465671352941176 0.8703268791540785 0.9473270470588235 0.8509982930513594 0.9388498705882352 0.8081858444108762 0.8614558607843137 0.8058983217522658 0.8751344274509804 0.8685697175226587