0 0.31274794974874376 0.17198508136482937 0.3153927537688442 0.09393562598425197 0.2955567311557789 0.09324492388451444 0.29687913190954773 0.07321453280839894 0.12893414447236182 0.06699820472440945 0.1262893417085427 0.08910070472440945 0.11306532663316583 0.08910070472440945 0.11240412562814071 0.16576875196850394 0.31274794974874376 0.17198508136482937
0 0.4932557525125628 0.09600773622047244 0.48730494597989954 0.07114242257217848 0.33060037060301506 0.07252382939632546 0.3312615716080402 0.09807984514435696 0.3206823592964824 0.09877054855643046 0.3180375565326633 0.1671501587926509 0.5084633693467338 0.1678408622047244 0.5097857713567839 0.09807984514435696 0.4932557525125628 0.09600773622047244
0 0.36432160804020103 0.17267578346456694 0.3696112135678392 0.31565133333333334 0.5064797675879397 0.3170327388451444 0.5011901608040201 0.1768200026246719 0.36432160804020103 0.17267578346456694
0 0.3689500138190955 0.31565133333333334 0.362338006281407 0.1740571902887139 0.2353874635678392 0.17336648687664044 0.23869346733668342 0.3163420367454068 0.3689500138190955 0.31565133333333334
0 0.23935466834170854 0.3163420367454068 0.23472626256281406 0.17336648687664044 0.09984131155778896 0.17336648687664044 0.09918011055276381 0.3163420367454068 0.23935466834170854 0.3163420367454068
0 0.6777307587939699 0.04213289107611549 0.6810367625628141 0.08495648556430446 0.6453319233668342 0.09186351706036745 0.6479767261306533 0.1761292992125984 0.7742660665829145 0.16922226771653545 0.765009256281407 0.04144218766404199 0.6777307587939699 0.04213289107611549
0 0.9236974346733668 0.1830363307086614 0.9065062148241205 0.08012156430446195 0.8701401746231155 0.07874015748031496 0.8655117688442211 0.05318414173228347 0.778233271356784 0.05940046981627296 0.7874900816582914 0.1809642217847769 0.9236974346733668 0.1830363307086614
0 0.778233271356784 0.3218676614173228 0.7828616771356784 0.29907445800524934 0.7901348844221106 0.29423953543307085 0.7894736846733669 0.2458903162729659 0.780878074120603 0.24381820734908138 0.7762496695979899 0.1761292992125984 0.6552499334170854 0.1816549251968504 0.6519439296482412 0.3218676614173228 0.778233271356784 0.3218676614173228
0 0.9276646394472362 0.28111617585301835 0.9283258391959799 0.24381820734908138 0.9210526319095478 0.22931344094488187 0.9151018253768844 0.1844177375328084 0.7980692939698493 0.18510844094488188 0.7974080929648242 0.3225583648293963 0.9190690288944723 0.3191048490813648 0.9210526319095478 0.29423953543307085 0.9276646394472362 0.28111617585301835
0 0.2671250992462311 0.4330708661417323 0.26646389824120603 0.5200994606299213 0.3907696381909548 0.5173366482939633 0.3914308379396985 0.4358336784776903 0.38217402763819097 0.4330708661417323 0.37952922487437185 0.4130404750656168 0.300185135678392 0.4130404750656168 0.29952393592964827 0.43099875721784775 0.2671250992462311 0.4330708661417323
0 0.5388786030150754 0.5518718057742782 0.546813012562814 0.5111203202099738 0.5494578153266332 0.4876364133858268 0.546151811557789 0.4745130538057743 0.5454906105527638 0.4434314133858268 0.4258132763819095 0.4385964908136483 0.4205236708542714 0.5477275866141732 0.5388786030150754 0.5518718057742782
0 0.6843427663316584 0.5014504763779527 0.6843427663316584 0.4828014921259843 0.6770695577889447 0.46760602230971127 0.6770695577889447 0.4413593031496063 0.5659878341708543 0.4420500065616798 0.56268183040201 0.5511811023622047 0.6750859560301508 0.5491089934383202 0.6770695577889447 0.5097389146981627 0.6843427663316584 0.5014504763779527
0 0.8212113203517588 0.49799696062992127 0.8192277173366834 0.4703688359580052 0.8112933090452262 0.46208039763779524 0.810632108040201 0.4434314133858268 0.7068235917085427 0.4441221167979002 0.7048399899497487 0.45931758530183725 0.6955831796482412 0.46760602230971127 0.6975667814070351 0.5504903989501312 0.8112933090452262 0.5518718057742782 0.8132769108040201 0.5125017270341208 0.8212113203517588 0.49799696062992127
0 0.9441946570351758 0.5753557125984251 0.9481618618090453 0.5359856338582677 0.9567574711055276 0.5339135236220472 0.9534514673366834 0.4745130538057743 0.8912985979899498 0.47313164829396326 0.8893149962311557 0.4655339133858268 0.8350965351758795 0.46277110104986874 0.8344353341708542 0.48970852362204725 0.8298069296482411 0.49730625721784777 0.8278233266331658 0.5276971955380577 0.8364189371859297 0.5422019619422572 0.8364189371859297 0.5705207900262468 0.9441946570351758 0.5753557125984251
0 0.07074847864321608 0.6630750104986877 0.17389579522613066 0.6637657139107611 0.18183020351758794 0.6209421194225722 0.17323459422110551 0.5801906338582676 0.09984131155778896 0.5801906338582676 0.07207088065326633 0.5808813372703412 0.07074847864321608 0.6630750104986877
0 0.29158952638190955 0.6326840721784777 0.29158952638190955 0.5725928989501312 0.24464427386934673 0.5725928989501312 0.21224543718592967 0.5684486811023622 0.20960063442211055 0.6313026666666667 0.24266067211055276 0.6354468845144358 0.29158952638190955 0.6326840721784777
0 0.432425283919598 0.6444260262467192 0.4403596934673367 0.5739743057742782 0.40663845603015075 0.5615416496062993 0.36035440326633167 0.5580881338582677 0.3107643479899498 0.5691393845144357 0.31010314698492464 0.6333747755905512 0.432425283919598 0.6444260262467192
0 0.17852419974874373 0.7280011049868766 0.24993387939698494 0.7280011049868766 0.2492726796482412 0.6430446194225722 0.17587939698492464 0.6506423543307086 0.17852419974874373 0.7280011049868766
0 0.24993387939698494 0.6416632125984252 0.2519174824120603 0.7314546207349082 0.24199947110552764 0.7328360275590552 0.2433218731155779 0.7459593871391077 0.300185135678392 0.7480314960629921 0.32200476005025125 0.745268683727034 0.32134356030150757 0.6451167283464567 0.24993387939698494 0.6416632125984252
0 0.32729436683417085 0.6513330564304461 0.3200211582914573 0.7431965734908137 0.3557259987437186 0.7431965734908137 0.39473684170854273 0.7383616522309712 0.40994445854271355 0.7065893083989502 0.40994445854271355 0.6603121981627297 0.32729436683417085 0.6513330564304461
0 0.31737635552763815 0.771515402887139 0.3147315527638191 0.7618455590551181 0.2889447236180904 0.7611548556430446 0.2810103153266332 0.7777317309711286 0.24464427386934673 0.7756596220472441 0.24464427386934673 0.8447299356955381 0.3365511771356784 0.8426578254593177 0.3378735778894472 0.771515402887139 0.31737635552763815 0.771515402887139
0 0.20563343090452263 0.8716673569553806 0.2135678391959799 0.9448818897637795 0.3226659610552764 0.93037712335958 0.31340915075376885 0.86406962335958 0.20563343090452263 0.8716673569553806
0 0.45226130653266333 0.8088133713910761 0.4648241206030151 0.8461113412073491 0.5104469711055276 0.8468020446194225 0.5091245703517587 0.8986047795275591 0.6116106846733669 0.8778836850393701 0.6175614912060302 0.8454206377952755 0.6235122977386934 0.8240088412073491 0.6155778894472361 0.7411244645669292 0.5911134623115578 0.7342174330708662 0.4311028831658291 0.7418151679790026 0.4277968793969849 0.807431965879265 0.45226130653266333 0.8088133713910761
0 0.5745834434673367 0.7383616522309712 0.5858238555276382 0.7245475892388452 0.6083046809045226 0.7266196994750657 0.6142554874371859 0.7031357926509186 0.6373975138190955 0.6996822769028872 0.6545887336683417 0.6464981351706036 0.6473155251256281 0.5898604776902887 0.5871462575376885 0.5884790721784776 0.5739222424623116 0.5912418845144357 0.5673102349246232 0.5967675091863517 0.5481354133165829 0.5967675091863517 0.5421846067839197 0.5649951653543307 0.49259455150753767 0.5601602427821523 0.5018513618090452 0.6036745406824147 0.48267654020100503 0.6257770406824147 0.47738693467336685 0.6782704790026246 0.5011901608040201 0.7010636824146981 0.49590055527638194 0.7314546207349082 0.5745834434673367 0.7383616522309712
0 0.8628669660804019 0.984251968503937 0.8489817512562815 0.8847907165354331 0.8251785238693466 0.8530183727034121 0.7848452788944724 0.8571625918635172 0.7822004761306532 0.8758115761154855 0.7676540603015075 0.8916977480314962 0.7894736846733669 0.9932311089238844 0.8112933090452262 0.9980660314960629 0.8628669660804019 0.984251968503937
0 0.9832055012562814 0.7542478241469817 0.9964295163316583 0.7487221994750656 0.9937847135678393 0.7217847769028871 0.9832055012562814 0.7058986049868766 0.9719650891959799 0.7107335262467191 0.9613858768844221 0.6437353228346456 0.9078286168341708 0.6527144632545931 0.8939434007537688 0.6782704790026246 0.8688177726130653 0.6844868070866141 0.8714625766331658 0.7328360275590552 0.8754297801507537 0.7418151679790026 0.8628669660804019 0.745268683727034 0.8641893680904522 0.7874015748031497 0.8965882047738694 0.7901643871391076 0.9071674158291457 0.8171018097112861 0.9197302298994975 0.8198646220472441 0.9303094422110553 0.8343693884514436 0.9977519170854271 0.8240088412073491 0.9832055012562814 0.7542478241469817
0 0.8126157097989949 0.771515402887139 0.8503041520100502 0.7652990748031496 0.8542713567839196 0.7369802454068242 0.8456757474874372 0.6913938385826771 0.8595609623115578 0.6893217296587926 0.860222163316583 0.6534051666666667 0.7431896319095477 0.6527144632545931 0.7438508329145729 0.6913938385826771 0.7055011896984924 0.6934659488188977 0.7134355992462311 0.7874015748031497 0.8040201005025126 0.7874015748031497 0.8126157097989949 0.771515402887139