0 0.2841355401234568 0.05969625404530744 0.26199510905349793 0.060939926375404525 0.17765060699588478 0.06923107281553398 0.17501484156378602 0.12022162297734629 0.2730653240740741 0.11607604935275082 0.3484482232510288 0.12022162297734629 0.34897537551440333 0.04228484708737864 0.2825540812757201 0.03813927346278317 0.2841355401234568 0.05969625404530744
0 0.26832094650205757 0.11856339401294498 0.17290622839506173 0.11856339401294498 0.17606914711934155 0.16126279773462784 0.26990240534979426 0.15794633899676375 0.3516111419753086 0.16084824029126213 0.35530121399176956 0.12478175323624595 0.26832094650205757 0.11856339401294498
0 0.2609408024691358 0.16084824029126213 0.15867309362139917 0.15545899514563108 0.14391280658436215 0.20479131634304207 0.27939116152263377 0.201474857605178 0.34581245679012346 0.20479131634304207 0.35319260082304527 0.16582292799352752 0.2609408024691358 0.16084824029126213
0 0.26832094650205757 0.2002311860841424 0.17290622839506173 0.20562043122977347 0.1771234537037037 0.24873439239482198 0.27886400925925925 0.24168691747572815 0.3516111419753086 0.23961413106796117 0.3521382952674897 0.20935144660194177 0.26832094650205757 0.2002311860841424
0 0.2746467839506173 0.24293058980582524 0.16499893106995886 0.24375970469255662 0.17396053497942388 0.28438632200647246 0.27359247736625514 0.2827280922330097 0.35951843827160496 0.28687366585760515 0.3484482232510288 0.24334514724919096 0.2746467839506173 0.24293058980582524
0 0.26726663991769545 0.2818989781553398 0.19820957921810697 0.2885318948220065 0.2066440288065844 0.3324749708737864 0.26568518004115227 0.32294015291262135 0.34581245679012346 0.3283293980582524 0.3537197541152263 0.28977556715210356 0.26726663991769545 0.2818989781553398
0 0.2704295586419753 0.32294015291262135 0.19715527263374485 0.33620598705501614 0.20137249794238685 0.37600348948220064 0.26937525205761315 0.3643958843042071 0.3400137726337448 0.3664686715210356 0.3468667633744856 0.3304021844660194 0.2704295586419753 0.32294015291262135
0 0.27148386522633744 0.36895601537216827 0.19873673251028806 0.37766171925566344 0.20717118209876542 0.4091680752427184 0.27359247736625514 0.4021206011326861 0.34370384465020576 0.4128990914239482 0.34159523251028806 0.3681269004854369 0.27148386522633744 0.36895601537216827
0 0.2704295586419753 0.40129148624595473 0.14918433744855966 0.398804142394822 0.15867309362139917 0.45020924999999995 0.2730653240740741 0.4439908899676375 0.3421223847736625 0.45103836488673144 0.3447581512345679 0.4174592216828479 0.2704295586419753 0.40129148624595473
0 0.26568518004115227 0.4410889886731391 0.18503075102880656 0.4477219061488673 0.19557381378600822 0.49000675242718444 0.272538170781893 0.4821301634304207 0.34581245679012346 0.49415232605177994 0.34739391666666664 0.44938013511326863 0.26568518004115227 0.4410889886731391
0 0.36848004218106994 0.08747159466019418 0.4586232283950617 0.07379120307443365 0.5166100730452675 0.07959500566343043 0.5155557664609054 0.03523737216828479 0.36900719547325106 0.0335791432038835 0.36848004218106994 0.08747159466019418
0 0.562999549382716 0.12146529449838186 0.5593094773662551 0.08000956310679612 0.45809607510288064 0.07379120307443365 0.3658442767489712 0.09120261084142395 0.37375157304526746 0.12229440938511327 0.4602046872427984 0.11317414886731392 0.562999549382716 0.12146529449838186
0 0.45809607510288064 0.11400326294498381 0.36848004218106994 0.12561086812297734 0.37480587962962963 0.1637501415857605 0.4617861471193416 0.15628811003236245 0.5208272983539094 0.16001912540453073 0.5208272983539094 0.11856339401294498 0.45809607510288064 0.11400326294498381
0 0.4612589938271605 0.15877545388349515 0.3700615010288066 0.16706660032362458 0.37586018621399175 0.20562043122977347 0.45651461522633746 0.19774384223300973 0.5229359104938271 0.2039622014563107 0.5192458384773663 0.1629210266990291 0.4612589938271605 0.15877545388349515
0 0.4612589938271605 0.19857295631067962 0.3716429609053498 0.20769321763754045 0.37480587962962963 0.24375970469255662 0.4649490658436214 0.23919957362459546 0.5123928477366255 0.24541793365695794 0.5176643796296296 0.20437675889967638 0.4612589938271605 0.19857295631067962
0 0.45598746296296294 0.24002868851132686 0.3700615010288066 0.246661605987055 0.37375157304526746 0.28977556715210356 0.4617861471193416 0.27899707686084146 0.5181915329218106 0.2839717645631068 0.5150286141975309 0.24707616262135923 0.45598746296296294 0.24002868851132686
0 0.45387884979423865 0.2798261909385113 0.3721701141975309 0.2910192386731391 0.37375157304526746 0.3283293980582524 0.4607318405349794 0.3225255954692557 0.5139743076131688 0.32874395550161817 0.5160829197530864 0.2901901245954693 0.45387884979423865 0.2798261909385113
0 0.4554603096707819 0.32376926699029124 0.37480587962962963 0.329573069579288 0.3711158076131687 0.37393070307443366 0.45809607510288064 0.3610794263754045 0.5102842355967079 0.3706142443365696 0.51133854218107 0.33164585598705504 0.4554603096707819 0.32376926699029124
0 0.4586232283950617 0.3606648689320388 0.37480587962962963 0.37434526051779937 0.3742787263374486 0.4112408616504854 0.4586232283950617 0.402949715210356 0.5139743076131688 0.4104117475728155 0.5171372263374485 0.37683260436893207 0.4586232283950617 0.3606648689320388
0 0.45440600308641976 0.4033642726537217 0.3674257355967078 0.41497187783171524 0.36900719547325106 0.4526965938511327 0.46389475925925927 0.44440544741100324 0.5181915329218106 0.4477219061488673 0.5150286141975309 0.41082630420711974 0.45440600308641976 0.4033642726537217
0 0.4549331563786008 0.446063677184466 0.36637142901234565 0.45394026618122973 0.37058865432098764 0.4916649822006472 0.4602046872427984 0.47881370550161817 0.5593094773662551 0.501614357605178 0.5524564866255144 0.4415035461165049 0.4549331563786008 0.446063677184466
0 0.44860731893004113 0.5687726440129449 0.5123928477366255 0.576234675566343 0.5245173703703704 0.5696017580906149 0.567216774691358 0.5700163155339806 0.5656353148148148 0.5152947491909385 0.5002683261316873 0.5057599312297735 0.48761665020576134 0.5165384215210357 0.37480587962962963 0.5198548802588997 0.3753330329218107 0.5754055606796117 0.44860731893004113 0.5687726440129449
0 0.20769833539094648 0.5248295679611651 0.2066440288065844 0.5704308729773463 0.2709567119341564 0.5666998567961165 0.3521382952674897 0.5704308729773463 0.3468667633744856 0.5240004530744337 0.2704295586419753 0.5136365202265372 0.20769833539094648 0.5248295679611651
0 0.2704295586419753 0.5683580865695793 0.20506256995884775 0.5754055606796117 0.20980694855967078 0.6139593915857605 0.27517393724279837 0.6069119174757281 0.34581245679012346 0.6152030639158576 0.3516111419753086 0.5737473317152103 0.2704295586419753 0.5683580865695793
0 0.45387884979423865 0.6085701464401295 0.4891981100823045 0.6106429328478965 0.5176643796296296 0.5998644425566343 0.5181915329218106 0.5758201181229773 0.451770237654321 0.5683580865695793 0.3711158076131687 0.5795511343042071 0.37269726748971194 0.6197631941747572 0.45387884979423865 0.6085701464401295
0 0.2704295586419753 0.6069119174757281 0.2066440288065844 0.6139593915857605 0.17501484156378602 0.6234942103559871 0.18239498456790124 0.653756894012945 0.26990240534979426 0.6496113211974109 0.34950252880658433 0.655000566343042 0.34739391666666664 0.614788506472492 0.2704295586419753 0.6069119174757281
0 0.45071593106995883 0.6487822063106796 0.502904091563786 0.6508549935275081 0.5651081615226338 0.6458803050161812 0.5645810082304527 0.5973770987055017 0.5255716769547325 0.5990353276699029 0.4902524166666667 0.6176904077669902 0.4533516965020576 0.6089847038834951 0.3742787263374486 0.6185195218446602 0.37058865432098764 0.6574879101941749 0.45071593106995883 0.6487822063106796
0 0.15551017489711935 0.6479530922330097 0.15340156275720165 0.6918961674757281 0.20769833539094648 0.693554397249191 0.26252226131687245 0.6898233810679611 0.3510839886831276 0.6972854126213592 0.35002968209876545 0.659146139158576 0.15551017489711935 0.6479530922330097
0 0.45756892181069964 0.6889942669902912 0.5651081615226338 0.6985290849514563 0.562472396090535 0.6462948624595469 0.4596775349794239 0.6516841076051779 0.37586018621399175 0.6574879101941749 0.36637142901234565 0.6964562985436893 0.45756892181069964 0.6889942669902912
0 0.26937525205761315 0.6931398398058252 0.14707572530864196 0.6894088236245954 0.14022273456790124 0.703089215210356 0.1565644814814815 0.719671508090615 0.20137249794238685 0.719671508090615 0.20875264197530863 0.7437158325242719 0.27517393724279837 0.7341810145631068 0.34633961008230457 0.7399848171521035 0.34792106995884775 0.6993581998381877 0.26937525205761315 0.6931398398058252
0 0.4512430843621399 0.730449998381877 0.5123928477366255 0.7387411448220065 0.5234630637860083 0.7018455436893204 0.45598746296296294 0.6952126262135923 0.37269726748971194 0.7014309862459547 0.37269726748971194 0.7329373422330098 0.4512430843621399 0.730449998381877
0 0.26937525205761315 0.7374974733009708 0.15498302160493826 0.730449998381877 0.1528744094650206 0.7466177338187703 0.1539287160493827 0.7814405493527508 0.2018996512345679 0.7806114344660194 0.27570109053497943 0.7731494029126214 0.34633961008230457 0.7822696634304207 0.3468667633744856 0.7399848171521035 0.26937525205761315 0.7374974733009708
0 0.45756892181069964 0.7735639603559871 0.567216774691358 0.7781240906148867 0.5645810082304527 0.72837721197411 0.5123928477366255 0.7391557022653722 0.45440600308641976 0.7333518996763754 0.3679528888888889 0.7379120307443365 0.36848004218106994 0.7826842208737864 0.45756892181069964 0.7735639603559871
0 0.26937525205761315 0.7781240906148867 0.20137249794238685 0.7822696634304207 0.20295395781893003 0.821652609223301 0.2746467839506173 0.8121177904530744 0.3468667633744856 0.8228962807443365 0.3431766913580247 0.7822696634304207 0.26937525205761315 0.7781240906148867
0 0.45756892181069964 0.7739785169902912 0.36478997016460907 0.7843424506472492 0.3679528888888889 0.8112886763754045 0.45809607510288064 0.8034120873786408 0.5440220360082304 0.8108741189320389 0.5461306491769546 0.7806114344660194 0.45756892181069964 0.7739785169902912
0 0.26726663991769545 0.8146051351132686 0.1997910380658436 0.8282855258899676 0.20875264197530863 0.8622792265372168 0.2667394866255144 0.8535735226537217 0.34159523251028806 0.8606209975728155 0.3394866193415638 0.8224817241100324 0.26726663991769545 0.8146051351132686
0 0.5318975144032921 0.8552317524271845 0.5324246676954733 0.847769720064725 0.5477121080246914 0.847769720064725 0.5514021800411523 0.8154342491909384 0.45598746296296294 0.8046557588996764 0.3700615010288066 0.8141905776699029 0.36848004218106994 0.8581336537216828 0.5318975144032921 0.8552317524271845
0 0.26726663991769545 0.8548171949838188 0.1997910380658436 0.8664248001618123 0.20348111008230452 0.9020767289644013 0.2741196306584362 0.8921273535598706 0.3484482232510288 0.9078805315533981 0.345285304526749 0.8610355542071197 0.26726663991769545 0.8548171949838188
0 0.44860731893004113 0.8925419110032363 0.4512430843621399 0.9319248567961165 0.4902524166666667 0.9331685283171521 0.5007954794238684 0.9132697766990291 0.5398048106995885 0.912855220064725 0.5482392613168724 0.8560608665048545 0.47180205658436214 0.8539880800970873 0.36689858230452677 0.8606209975728155 0.3632085102880659 0.9004184999999999 0.44860731893004113 0.8925419110032363
0 0.1903022818930041 0.9016621723300972 0.17606914711934155 0.9584565250809061 0.3426495380658436 0.9567982953074434 0.33737800720164607 0.9103678754045308 0.1903022818930041 0.9016621723300972
0 0.780713794238683 0.6168612928802589 0.7749151100823045 0.6993581998381877 0.8708569804526749 0.696870855987055 0.8814000432098765 0.6131302766990291 0.8782371244855967 0.5613106116504853 0.7786051820987654 0.5637979555016182 0.780713794238683 0.6168612928802589
0 0.7079666615226338 0.6168612928802589 0.6926792201646091 0.7026746585760518 0.7696435781893004 0.7055765590614886 0.7775508755144033 0.6152030639158576 0.764899200617284 0.5575795962783171 0.696896445473251 0.5588232677993528 0.7079666615226338 0.6168612928802589
0 0.7875667849794239 0.4750826893203884 0.7786051820987654 0.5472156626213592 0.8740198991769547 0.5513612362459547 0.8866715740740742 0.47549724676375404 0.8740198991769547 0.4104117475728155 0.779659487654321 0.41248453398058255 0.7875667849794239 0.4750826893203884
0 0.7084938148148148 0.4767409182847896 0.6984779053497943 0.548873892394822 0.7775508755144033 0.5492884498381877 0.7849310195473251 0.48088649190938515 0.7717521913580248 0.40999719012944985 0.7100752736625514 0.41082630420711974 0.7084938148148148 0.4767409182847896
0 0.784403866255144 0.24293058980582524 0.7764965689300412 0.3125762192556634 0.8708569804526749 0.3163072354368932 0.8771828179012346 0.24790527750809063 0.8666397551440329 0.19111092475728156 0.780186640946502 0.19152548220064725 0.784403866255144 0.24293058980582524
0 0.7069123549382716 0.24790527750809063 0.7021679773662552 0.30760153155339803 0.7728064969135803 0.3125762192556634 0.780713794238683 0.24293058980582524 0.7754422633744856 0.19152548220064725 0.6984779053497943 0.19069636731391584 0.7069123549382716 0.24790527750809063
0 0.7037494362139918 0.10654123139158578 0.6958421388888889 0.17577230420711976 0.7907297037037038 0.17991787702265374 0.7954740823045268 0.10778490372168284 0.7875667849794239 0.03192091343042071 0.6979507520576131 0.03109179935275081 0.7037494362139918 0.10654123139158578
0 0.7933654691358025 0.03813927346278317 0.8017999197530864 0.10571211650485438 0.7875667849794239 0.1803324344660194 0.8640039897119342 0.181576105987055 0.8771828179012346 0.10819946035598706 0.859259611111111 0.03979750242718447 0.7933654691358025 0.03813927346278317
0 0.9694346172839506 0.06840195792880259 0.9457127253086419 0.01948419417475728 0.8640039897119342 0.015338620550161813 0.8524066203703703 0.03482281472491909 0.8698026738683128 0.06840195792880259 0.8782371244855967 0.11731972168284789 0.8661126018518518 0.19442738349514563 0.9414955010288066 0.19235459708737865 0.9768147613168724 0.13017099838187704 0.9694346172839506 0.06840195792880259