0 0.19776876267748478 0.24382716049382716 0.19776876267748478 0.035493827160493825 0.07479716024340771 0.038580246913580245 0.07226166328600406 0.24228395061728394 0.19776876267748478 0.24382716049382716
0 0.30425963488843816 0.06172839506172839 0.30552738336713997 0.13580246913580246 0.33595334685598377 0.1419753086419753 0.32454361054766734 0.2345679012345679 0.4411764705882353 0.23919753086419754 0.4500507099391481 0.024691358024691357 0.36257606490872213 0.033950617283950615 0.3507437454361055 0.05041152222222223 0.30425963488843816 0.06172839506172839
0 0.49611223833671403 0.04835390987654321 0.4623056115618661 0.05246913580246913 0.4538539553752535 0.2644032925925926 0.6473968894523326 0.2808641975308642 0.6533130496957403 0.13991769506172838 0.6651453681541583 0.12654320987654322 0.6727518590263692 0.004115225925925926 0.49949290060851925 0.0020576135802469133 0.49611223833671403 0.04835390987654321
0 0.45300879006085193 0.33436213950617283 0.49864773529411766 0.33436213950617283 0.5130155507099391 0.365226337037037 0.5121703853955375 0.4104938271604938 0.5806288032454361 0.3971193419753087 0.6473968894523326 0.41769547283950614 0.6516227180527383 0.39917695432098765 0.6668356997971603 0.4074074074074074 0.6735970253549696 0.3148148148148148 0.6406355649087221 0.3117283950617284 0.6347194046653144 0.27983539135802465 0.4614604462474645 0.28189300370370374 0.45300879006085193 0.33436213950617283
0 0.05662609837728195 0.7716049382716049 0.03296146044624747 0.7798353913580246 0.005070993914807302 0.8405349790123458 0.003380662271805274 0.9650205765432098 0.1436781612576065 0.9742798358024691 0.14536849188640974 0.9259259259259259 0.17579445537525357 0.9176954728395063 0.18171061561866125 0.7191358024691358 0.0693035831643002 0.717078188888889 0.05662609837728195 0.7716049382716049
0 0.3532792423935091 1 0.36426639655172416 0.9650205765432098 0.36933739046653147 0.9310699592592592 0.3727180527383367 0.8518518518518519 0.3439824208924949 0.8467078185185186 0.3380662606490872 0.7469135802469136 0.2332657200811359 0.75 0.22650439452332657 0.7962962962962963 0.19016227180527384 0.7993827160493827 0.18255578093306288 0.812757201234568 0.18002028397565922 1 0.3532792423935091 1
0 0.419202163286004 0.8065843617283951 0.4073698448275862 0.9989711938271605 0.5747126440162271 0.9969135802469136 0.5806288032454361 0.9393004111111112 0.552738336713996 0.9341563790123456 0.5578093306288032 0.8189300407407408 0.5282285324543611 0.8137860086419753 0.5425963488843814 0.7860082308641975 0.46484110851926974 0.7839506172839507 0.4563894523326572 0.8055555555555556 0.419202163286004 0.8065843617283951
0 0.5823191348884381 0.9938271604938271 0.7217714675456389 0.9938271604938271 0.7234617981744422 0.7798353913580246 0.5806288032454361 0.7788065839506173 0.5823191348884381 0.9938271604938271
0 0.5383705202839757 0.5329218111111111 0.5425963488843814 0.5236625518518518 0.6533130496957403 0.5226337444444444 0.6550033803245436 0.423868312345679 0.5814739685598378 0.4012345679012346 0.5079445567951318 0.40946502098765436 0.503718729208925 0.5298353913580247 0.5383705202839757 0.5329218111111111
0 0.928837051724138 0.923868312345679 0.9263015547667344 0.8590534975308642 0.913624069979716 0.8446502061728395 0.9102434077079108 0.782921811111111 0.8485463154158215 0.7716049382716049 0.755578093306288 0.7921810703703703 0.749661934077079 0.9104938271604939 0.7674104127789046 0.9053497938271605 0.7682555780933062 0.9845679012345679 0.8510818123732251 0.9732510283950617 0.915314401622718 0.9845679012345679 0.9093982423935091 0.9290123456790124 0.928837051724138 0.923868312345679
0 0.7893847190669372 0.5648148148148148 0.7953008793103448 0.5473251024691358 0.815584854969574 0.5462962962962963 0.8189655172413793 0.3137860086419753 0.7014874918864097 0.30967078148148147 0.7006423255578094 0.5648148148148148 0.7893847190669372 0.5648148148148148
0 0.6997971602434077 0.2777777777777778 0.77079107505071 0.28189300370370374 0.7758620689655172 0.30967078148148147 0.8409398245436105 0.3106995888888889 0.8375591612576065 0.22839506172839505 0.8198106825557809 0.22736625555555554 0.8181203519269776 0.03600823086419753 0.7936105476673428 0.037037037037037035 0.7944557129817444 0.017489712345679014 0.7014874918864097 0.018518518518518517 0.6997971602434077 0.2777777777777778
0 0.9499661937119676 0.5164609049382716 0.9516565243407709 0.49691358024691357 0.9829276541582149 0.4958847740740741 0.9829276541582149 0.21090534938271607 0.9719405 0.20987654320987653 0.9710953346855984 0.16460905308641977 0.9127789046653144 0.15226337407407406 0.8451656521298175 0.1697530864197531 0.8426301551724138 0.20987654320987653 0.8375591612576065 0.30246913580246915 0.8400946582150102 0.5164609049382716 0.9034820821501015 0.5020576135802469 0.9499661937119676 0.5164609049382716