0 0.18698546146435455 0.1646631611570248 0.1712208795761079 0.164037064738292 0.1690313535645472 0.13461056887052342 0.12042389210019268 0.13022789944903582 0.11823436705202311 0.24355121487603307 0.11867227167630058 0.34998747796143254 0.18829917630057802 0.3575006267217631 0.19092660693641617 0.23791635399449035 0.18698546146435455 0.1646631611570248
0 0.2386582591522158 0.12960180303030303 0.19880889788053951 0.13461056887052342 0.19837099325626203 0.1565239173553719 0.18786127167630057 0.1565239173553719 0.19486775240847784 0.24542950137741046 0.19486775240847784 0.3593789132231405 0.2461026445086705 0.3600050082644628 0.2399719739884393 0.2429251184573003 0.2386582591522158 0.12960180303030303
0 0.2929584865125241 0.157776108815427 0.27544228420038536 0.15965439531680442 0.27018742292870906 0.13398447245179063 0.2404098795761079 0.12521913360881542 0.24478892967244703 0.24104683195592286 0.2517954104046243 0.36313548760330583 0.3017165876685935 0.3593789132231405 0.28989315125240844 0.23102930165289257 0.2929584865125241 0.157776108815427
0 0.3437554739884393 0.12709742011019284 0.3043440183044316 0.13210618595041324 0.30521982851637763 0.1565239173553719 0.2990891570327553 0.1584022038567493 0.29383429672447015 0.24417730991735537 0.30828516377649323 0.36751815702479335 0.3468208092485549 0.37377911294765837 0.34287966377649326 0.24355121487603307 0.3437554739884393 0.12709742011019284
0 0.3928008410404625 0.1571500123966942 0.37834997398843934 0.16090658677685948 0.37703625818882464 0.13523666391184574 0.34725871387283236 0.12647132506887052 0.3455070944123314 0.24355121487603307 0.35119986030828515 0.3700225399449036 0.395866176300578 0.36063110468319554 0.395866176300578 0.23478587465564738 0.3928008410404625 0.1571500123966942
0 0.44009458766859344 0.12208865564738292 0.40418637283236997 0.1358627603305785 0.4002452263969171 0.1621587782369146 0.3976177967244702 0.25231655371900824 0.3980557013487476 0.3656398691460055 0.44710106840077074 0.3700225399449036 0.442284112716763 0.2498121707988981 0.44009458766859344 0.12208865564738292
0 0.4983359605009634 0.15589782093663912 0.48125766377649326 0.15589782093663912 0.47468908766859347 0.12584522865013775 0.44578735356454724 0.12271475068870523 0.4453494479768786 0.24480340633608816 0.454107549132948 0.3618832961432507 0.5018392013487476 0.36313548760330583 0.5000875809248555 0.24668169283746558 0.4983359605009634 0.15589782093663912
0 0.5478192331406551 0.15339343801652894 0.5014012957610791 0.1552717258953168 0.5018392013487476 0.24355121487603307 0.5053424421965318 0.36939644352617085 0.5548257138728323 0.3650137741046832 0.5491329479768786 0.23228149311294763 0.5478192331406551 0.15339343801652894
0 0.5478192331406551 0.15214124655647382 0.5526361888246628 0.2429251184573003 0.5592047639691715 0.36313548760330583 0.6082501310211946 0.36125719972451786 0.5977404094412332 0.23290758815426998 0.5959887899807321 0.14588029063360883 0.5478192331406551 0.15214124655647382
0 0.6441583468208092 0.11081893250688704 0.614380802504817 0.11895817630853994 0.6086880366088632 0.15088905647382922 0.6003678400770713 0.1502629600550964 0.5994920298651253 0.23353368457300275 0.6130670867052024 0.3600050082644628 0.6590471184971098 0.353117955922865 0.6472236820809248 0.2228900578512397 0.6441583468208092 0.11081893250688704
0 0.6980206695568401 0.1502629600550964 0.685321421965318 0.1540195344352617 0.685321421965318 0.12709742011019284 0.6485373969171484 0.11332331542699725 0.6520406377649326 0.23102930165289257 0.665177789017341 0.3568745303030303 0.7094062003853565 0.353117955922865 0.6984585741811176 0.223516152892562 0.6980206695568401 0.1502629600550964
0 0.7418111753371869 0.11645379476584022 0.7133473458574182 0.12334084710743802 0.7115957263969171 0.14525419421487604 0.7010860048169556 0.1502629600550964 0.7037134344894027 0.23666416253443529 0.7155368718689787 0.35437014738292005 0.7549483275529865 0.34936138292011015 0.7501313718689787 0.2222639614325069 0.7418111753371869 0.11645379476584022
0 0.8022420741811175 0.14337590771349862 0.7869153969171483 0.1496368650137741 0.7816605356454721 0.11958427272727272 0.75626204238921 0.11332331542699725 0.744438605973025 0.11332331542699725 0.7597652832369942 0.35061357438016527 0.8105622697495184 0.3443526170798898 0.8031178843930635 0.22977711019283747 0.8022420741811175 0.14337590771349862
0 0.8473462957610789 0.12584522865013775 0.8039936946050096 0.13273228099173554 0.8053074094412331 0.23165539669421487 0.8110001753371868 0.3449787121212121 0.8600455423892099 0.3474830950413223 0.8526011560693642 0.2260205358126722 0.8473462957610789 0.12584522865013775
0 0.8981432822736031 0.1277235165289256 0.84909791522158 0.12334084710743802 0.8547906811175338 0.21162033608815425 0.8648624980732177 0.3437265220385675 0.9086530038535646 0.3449787121212121 0.8933263265895954 0.21036814462809916 0.8981432822736031 0.1277235165289256
0 0.7418111753371869 0.39694465289256203 0.7470660356454721 0.49837215151515146 0.8092485549132948 0.45892812396694216 0.8661762129094412 0.4845980468319559 0.8661762129094412 0.45266716804407714 0.8990190924855491 0.4501627851239669 0.8963916618497111 0.3856749311294766 0.8039936946050096 0.3775356873278237 0.7418111753371869 0.39694465289256203
0 0.8911368015414258 0.5522163787878788 0.8858819412331406 0.4914850991735537 0.8674899277456648 0.49398948209366395 0.8670520231213873 0.4839719504132231 0.8074969344894027 0.4639368898071625 0.7422490799614644 0.5021287258953168 0.7479418458574182 0.5647382920110193 0.8066211242774567 0.5328074132231405 0.8911368015414258 0.5522163787878788
0 0.8679278333333333 0.6398697727272727 0.8688036435452794 0.6016779366391184 0.8928884219653179 0.5916604063360882 0.8876335606936416 0.5603556225895316 0.8096864595375723 0.5384422741046831 0.7457523208092486 0.5735036308539945 0.7461902263969171 0.6511394944903581 0.8088106502890173 0.63924367630854 0.8679278333333333 0.6398697727272727
0 0.8933263265895954 0.7124968691460055 0.8920126117533719 0.6536438774104684 0.8674899277456648 0.656148258953168 0.8683657379576109 0.6455046336088155 0.8048695038535646 0.6430002506887053 0.7483797514450867 0.6567743553719008 0.7540725173410404 0.7375406955922865 0.8131897003853564 0.7118707741046831 0.8933263265895954 0.7124968691460055
0 0.8744964094412331 0.7675932878787879 0.8998949026974952 0.7613323319559229 0.8968295674373795 0.7231404958677686 0.8166929412331406 0.7137490606060606 0.75626204238921 0.745053844352617 0.7580136628131021 0.8070373154269972 0.8171308458574181 0.7882544449035813 0.8766859344894027 0.7882544449035813 0.8744964094412331 0.7675932878787879
0 0.8158171310211946 0.8683946900826447 0.9029602379576108 0.8690207865013774 0.9020844277456648 0.7988980716253443 0.885444035645472 0.7907588278236914 0.8171308458574181 0.7907588278236914 0.7632685231213873 0.8095416983471074 0.7637064287090558 0.8852992741046831 0.8158171310211946 0.8683946900826447
0 0.4142581888246628 0.4839719504132231 0.41513399903660886 0.570373152892562 0.42476791040462425 0.571625344352617 0.43527763198458574 0.6060606060606061 0.4816955684007707 0.5879038319559229 0.4729374672447013 0.4839719504132231 0.4729374672447013 0.3931880785123967 0.370467683044316 0.4113448539944904 0.37353301830443164 0.48772852479338846 0.4142581888246628 0.4839719504132231
0 0.476878612716763 0.3919358884297521 0.476878612716763 0.4777109944903581 0.4830092832369942 0.604808414600551 0.535995795761079 0.6010518402203856 0.5303030298651253 0.47207613360881545 0.5316167456647398 0.39381417493112947 0.476878612716763 0.3919358884297521
0 0.5320546502890173 0.3900576005509642 0.5320546502890173 0.4689456542699724 0.5368716059730251 0.598547458677686 0.5771588718689789 0.5997996487603305 0.5898581184971099 0.5578512396694215 0.593361359344894 0.4689456542699724 0.5924855491329479 0.3913097920110193 0.5320546502890173 0.3900576005509642
0 0.5465055173410405 0.8051590289256197 0.5386232263969172 0.8477335330578513 0.5911718342967244 0.9297520661157025 0.7365563150289017 0.9272476831955924 0.7313014537572254 0.8320811418732782 0.6721842707129094 0.8208114201101928 0.5465055173410405 0.8051590289256197
0 0.5539499036608864 0.7256448787878788 0.5557015240847784 0.8014024545454546 0.6402172013487475 0.8101677933884298 0.7308635491329479 0.8214375151515152 0.733490978805395 0.7494365137741047 0.6354002456647398 0.7250187823691461 0.5539499036608864 0.7256448787878788
0 0.5583289547206165 0.692461808539945 0.5605184797687861 0.7218883044077136 0.6459099662813103 0.7243926873278237 0.7256086878612718 0.7356624090909091 0.7190401117533719 0.665539694214876 0.661674549132948 0.6467568250688706 0.5583289547206165 0.692461808539945
0 0.5434401820809248 0.6855747561983472 0.664301979768786 0.63924367630854 0.7177263969171483 0.6555221639118457 0.7225433526011561 0.5922865013774105 0.6713084605009634 0.570373152892562 0.6301453843930636 0.5960430757575758 0.6108775616570328 0.589156023415978 0.5394990366088632 0.6354871019283747 0.5434401820809248 0.6855747561983472
0 0.28901734104046245 0.8489857245179064 0.35251357514450865 0.8464813429752065 0.4094412331406551 0.8552466818181818 0.41513399903660886 0.8352116198347108 0.4698721319845858 0.8446030550964188 0.46724470134874757 0.7644628099173554 0.3468208092485549 0.7294014531680441 0.28638991040462425 0.7519408966942148 0.28901734104046245 0.8489857245179064
0 0.2806971445086705 0.6836964683195592 0.2820108603082852 0.7463060358126722 0.35733053082851635 0.720010017906336 0.4668067967244701 0.7469321308539946 0.4589245048169557 0.6674179820936639 0.35514100578034685 0.659278738292011 0.2806971445086705 0.6836964683195592
0 0.2855141001926782 0.6649135991735537 0.34463128420038536 0.6555221639118457 0.45060430924855494 0.6636614077134986 0.44447363776493254 0.6110693719008264 0.42695743545279385 0.5897821184573003 0.33893851830443156 0.5753819187327824 0.2894552456647399 0.586025544077135 0.2855141001926782 0.6649135991735537
0 0.16071115799614644 0.6329827203856749 0.06612366473988439 0.6523916859504132 0.07531967052023122 0.7300275482093664 0.25880189210019267 0.7268970702479338 0.25705027167630057 0.6329827203856749 0.16071115799614644 0.6329827203856749
0 0.06174461368015414 0.554720761707989 0.06524785452793834 0.640495867768595 0.18392012620423892 0.621712997245179 0.2605535115606936 0.6273478581267218 0.26624627745664736 0.571625344352617 0.1712208795761079 0.5384422741046831 0.06174461368015414 0.554720761707989
0 0.07137852504816955 0.492111194214876 0.0709406204238921 0.5440771349862259 0.1707829739884393 0.5315552217630853 0.2658083728323699 0.5609817176308539 0.2679978978805395 0.4908590027548209 0.1681555443159923 0.47708489807162535 0.07137852504816955 0.492111194214876
0 0.12392713294797686 0.41384923553719005 0.11998598747591523 0.4332582024793388 0.07750919556840076 0.44953668870523417 0.07926081599229287 0.48271975895316804 0.18260641136801542 0.4727022286501378 0.2636188477842004 0.48647633333333334 0.2609914171483622 0.41197094903581266 0.17822736030828518 0.3925619834710744 0.12392713294797686 0.41384923553719005