0 0.07779807159904534 0.270364519035533 0.096900276849642 0.5193067131979695 0.20387262589498806 0.49049737944162436 0.19136936396181384 0.22308766370558378 0.07779807159904534 0.270364519035533
0 0.19692636933174223 0.22456506472081217 0.20456725119331742 0.4373109162436548 0.2997309642004773 0.4173659923857868 0.2910481437947494 0.20979104822335026 0.19692636933174223 0.22456506472081217
0 0.34661819510739855 0.2282585697969543 0.3327256819809069 0.19797183375634517 0.2983417130071599 0.21126844923857868 0.30771915930787586 0.26888711802030457 0.29556321062052504 0.2666710152284264 0.2966051485680191 0.3375862982233503 0.31779123090692124 0.344973307106599 0.3257794260143198 0.42179819796954315 0.3966312410501193 0.39594366751269033 0.38933767183770884 0.20166533756345176 0.34661819510739855 0.2282585697969543
0 0.39836780548926015 0.16694639720812185 0.4087871897374702 0.41219508629441626 0.5098552207637231 0.36565693147208117 0.48797451312649165 0.15069497842639593 0.39836780548926015 0.16694639720812185
0 0.4994358359188544 0.1602980888324873 0.5105498460620526 0.3604860253807107 0.6147436927207638 0.3516216154822335 0.5932102977326968 0.14109186675126903 0.4994358359188544 0.1602980888324873
0 0.6588524206443913 0.12631784898477158 0.6515588514319809 0.08051839467005076 0.6011984922434367 0.10046331852791877 0.6161329439140811 0.3516216154822335 0.6647567386634845 0.36344082868020305 0.7022665232696897 0.29695775126903556 0.6946256414081146 0.12557914847715734 0.6588524206443913 0.12631784898477158
0 0.7109493436754176 0.3316766916243655 0.8130593132458234 0.31173176776649747 0.8043764922434368 0.10415682360406091 0.7074762153937948 0.11375993401015227 0.7109493436754176 0.3316766916243655
0 0.8151431897374702 0.11745343908629441 0.8252152619331742 0.3338927944162437 0.9266306056085919 0.31468657106598985 0.9144746569212411 0.09972461802030456 0.8151431897374702 0.11745343908629441
0 0.9630984516706443 0.5636287652284264 0.9571941336515514 0.3176413756345178 0.8800906873508353 0.33093799111675126 0.8762702464200477 0.3545764187817259 0.845359405131265 0.3560538210659898 0.8252152619331742 0.39077276142131984 0.8005560513126491 0.38412445304568527 0.8085442464200477 0.5820962868020304 0.9630984516706443 0.5636287652284264
0 0.7067815900954654 0.6448858616751268 0.8078496205250597 0.6027799111675127 0.7960409850835322 0.36565693147208117 0.6883740107398568 0.39225016370558374 0.7067815900954654 0.6448858616751268
0 0.8036818669451073 0.6072121167512691 0.8193109439140812 0.8110935583756345 0.9301037338902147 0.7852390266497462 0.9023187082338903 0.5769253807106599 0.8036818669451073 0.6072121167512691
0 0.8012506772076372 0.6079508172588832 0.6967095178997613 0.6441471611675127 0.7112966563245824 0.8465511992385787 0.8106281235083532 0.8140483616751268 0.8012506772076372 0.6079508172588832
0 0.5352090566825776 0.6397149555837564 0.6310673949880669 0.6175539289340102 0.6168275692124106 0.39889847081218277 0.5258316103818615 0.42253689847715736 0.5352090566825776 0.6397149555837564
0 0.6664933025059665 0.7534748895939086 0.6546846670644392 0.6205087322335026 0.5369456205250597 0.6559663743654823 0.5550058872315036 0.8797927385786801 0.6487803490453461 0.8347319860406092 0.6470437846062053 0.7630780012690356 0.6664933025059665 0.7534748895939086
0 0.522011169451074 0.6670468870558375 0.4278893949880668 0.6810822043147208 0.43622490274463005 0.8864410469543147 0.527220861575179 0.8731444314720812 0.522011169451074 0.6670468870558375
0 0.39385273866348447 0.5030552944162436 0.4077452511933174 0.6677855888324874 0.47338737470167064 0.6603985799492386 0.5251369844868735 0.6116443223350254 0.527915487470167 0.5569804581218274 0.5195799797136038 0.5266937220812182 0.5161068514319809 0.4158885913705584 0.41990119988066826 0.4358335152284264 0.39385273866348447 0.5030552944162436
0 0.25805342541766113 0.7158011446700507 0.2674308717183771 0.9152503807106599 0.3688462153937947 0.8893958502538071 0.3559956414081145 0.7039819314720812 0.25805342541766113 0.7158011446700507
0 0.1469133233890215 0.7320525647208123 0.15768002028639616 0.9403662106598984 0.25805342541766113 0.9307630989847716 0.24624478997613367 0.7039819314720812 0.1469133233890215 0.7320525647208123
0 0.1333681229116945 0.6973336230964466 0.18824354892601433 0.6884692131979695 0.19692636933174223 0.7091528375634518 0.26465236933174224 0.6965949225888325 0.25423298448687354 0.548854747461929 0.23131033830548928 0.540729038071066 0.22436408233890215 0.4786781649746193 0.13197887171837708 0.5185680126903554 0.1333681229116945 0.6973336230964466
0 0.3900322977326969 0.5333420291878173 0.38933767183770884 0.40702418020304565 0.24555016408114558 0.4469140279187817 0.2434662869928401 0.5318646281725888 0.2594426772076372 0.5392516370558376 0.26638893317422435 0.6973336230964466 0.36710965155131264 0.6722177931472082 0.3643311485680191 0.5495934492385787 0.3900322977326969 0.5333420291878173