0 0.8397761216457961 0.018551510942760942 0.8133043050089446 0.07844638888888888 0.7817634186046512 0.16537346801346803 0.8245689078711985 0.18763528114478115 0.8470981127012522 0.16060307996632997 0.8949726744186046 0.1727940723905724 0.9383413935599284 0.05883479124579124 0.8397761216457961 0.018551510942760942
0 0.8087984642218247 0.07261591414141415 0.830764439177102 0.012721036195286195 0.7721885062611806 0 0.7474063801431127 0.060424920875420875 0.7299462459749553 0.11872967003367003 0.7823266484794276 0.14099148232323233 0.8087984642218247 0.07261591414141415
0 0.6758761538461538 0.0943476835016835 0.6775658443649374 0.10600863383838383 0.7186816440071556 0.11660949663299663 0.7378314677996423 0.05936483501683502 0.7614871332737031 0.0058304747474747474 0.7361417781753131 0 0.6877039865831843 0.002120172558922559 0.6719335429338105 0.02703220117845118 0.6589792504472272 0.09328759764309764 0.6758761538461538 0.0943476835016835
0 0.4657913157423971 0.8008952264309764 0.39707724060822897 0.8035454427609428 0.39200816905187835 0.8740411843434343 0.3965140107334526 0.9349961481481481 0.46184870572450804 0.9381764074074075 0.46184870572450804 0.8793416153198653 0.4657913157423971 0.8008952264309764
0 0.38693909838998214 0.9387064503367003 0.3846861779964222 0.8766913998316499 0.3880655581395349 0.8083158308080809 0.34807621914132375 0.8056656153198654 0.3379380769230769 0.871921010942761 0.3373748470483005 0.9413566666666666 0.38693909838998214 0.9387064503367003
0 0.2900635161001789 0.9387064503367003 0.32779993470483004 0.931285845959596 0.33061608497316636 0.8735111405723905 0.3401909973166368 0.8019553131313131 0.2996384284436494 0.7982450109427609 0.2861209051878354 0.8629102777777778 0.2900635161001789 0.9387064503367003
0 0.2404992647584973 0.9190948535353536 0.2844312146690519 0.9376463644781144 0.2821782942754919 0.8724510547138047 0.2906267459749553 0.7987750538720538 0.24556833631484792 0.7865840614478115 0.23261404293381038 0.8613201481481482 0.2404992647584973 0.9190948535353536
0 0.1858659427549195 0.8973630833333333 0.23036112254025048 0.9132643787878789 0.2292346618962433 0.8645004065656566 0.232050813059034 0.7881741910774411 0.19206147406082288 0.7807535867003367 0.18079687119856885 0.8554896734006734 0.1858659427549195 0.8973630833333333
0 0.13404877012522362 0.898953212962963 0.17798072093023257 0.9005433425925926 0.17910718067978532 0.8581398888888889 0.19037178354203937 0.7860540176767676 0.13968107155635065 0.7759831978114478 0.1278532388193202 0.8549596296296297 0.13404877012522362 0.898953212962963
0 0.08279482915921288 0.9037236010101011 0.12729000894454381 0.9016034284511785 0.11940478711985689 0.8565497592592592 0.12897969946332738 0.789234276936027 0.08448451967799642 0.7781033703703704 0.07265668694096601 0.8523094141414141 0.08279482915921288 0.9037236010101011
0 0.06533469499105546 0.8602600614478115 0.07716252772808588 0.7812836296296296 0.005069071556350626 0.7733329823232322 0.0011264606440071555 0.8432986801346801 0 0.9069038602693602 0.014080753130590339 0.9111442053872053 0.014080753130590339 0.9508974436026937 0.07209345617173524 0.9593781338383839 0.06533469499105546 0.8602600614478115
0 0.47423976833631487 0.9805798611111112 0.5457699946332737 0.976869558922559 0.5418273837209302 0.889412436026936 0.5474596851520572 0.8136162626262626 0.48663083094812165 0.8109660471380472 0.47761914847942755 0.8936527811447811 0.47423976833631487 0.9805798611111112
0 0.5553449069767441 0.8114960900673401 0.5440803041144902 0.8878223063973064 0.5502758354203936 0.9381764074074075 0.6111046896243292 0.9418867095959595 0.6032194677996422 0.8862321767676768 0.6049091583184258 0.8109660471380472 0.5553449069767441 0.8114960900673401
0 0.6144840697674419 0.816266478956229 0.6116679194991056 0.8883523493265993 0.629128053667263 0.9429467954545454 0.6854510661896244 0.9355261910774411 0.6730600035778176 0.8782815294612795 0.6623586305903398 0.8008952264309764 0.6144840697674419 0.816266478956229
0 0.6691173926654741 0.7987750538720538 0.6837613756708407 0.8777514865319864 0.6910833676207514 0.9328759755892255 0.7417740787119856 0.9190948535353536 0.7237507146690518 0.8634403207070707 0.7017847397137745 0.8014252702020201 0.6691173926654741 0.7987750538720538
0 0.7107964221824686 0.7998351405723906 0.7333256270125224 0.8645004065656566 0.74627992039356 0.9148545075757575 0.7597974427549194 0.931285845959596 0.7969706314847942 0.9190948535353536 0.7783840375670841 0.857609845959596 0.7569812924865832 0.7834038021885522 0.7107964221824686 0.7998351405723906
0 0.763740053667263 0.7807535867003367 0.7840163389982111 0.8517793712121212 0.8020397030411449 0.9159145942760942 0.8437187325581396 0.903193558080808 0.8194998372093023 0.8385282920875421 0.8121778452593917 0.7743930681818182 0.763740053667263 0.7807535867003367
0 0.8217527576028621 0.770682765993266 0.8285115187835421 0.8459488964646464 0.8532936449016101 0.8978931262626263 0.9022946654740609 0.8883523493265993 0.8673743980322003 0.8369381624579125 0.8617420966010734 0.7622020757575758 0.8217527576028621 0.770682765993266
0 0.8730066985688729 0.7542514276094276 0.8769493094812165 0.8369381624579125 0.9152489588550984 0.8899424789562289 0.956927988372093 0.8544295867003368 0.9225709499105547 0.8242171262626262 0.9242606404293381 0.7500110824915824 0.8730066985688729 0.7542514276094276
0 0.5981503962432916 0.7404703055555556 0.6032194677996422 0.6890561186868687 0.5744947307692309 0.6800453846801346 0.5739315008944544 0.6100796860269361 0.4995851243291592 0.6090196001683501 0.48832052146690524 0.7955947954545455 0.5936445554561718 0.7998351405723906 0.5981503962432916 0.7404703055555556
0 0.6893936771019678 0.6683844351851852 0.6313809740608228 0.6763350824915825 0.6201163711985689 0.6445324924242425 0.5761844212880143 0.6418822760942761 0.5874490241502683 0.6906462474747475 0.6167369901610017 0.692766420875421 0.609978228980322 0.7537213846801347 0.6263119025044723 0.8035454427609428 0.7203713345259392 0.770682765993266 0.6995318193202147 0.7155582769360269 0.6893936771019678 0.6683844351851852
0 0.7552916019677997 0.6524831397306398 0.715865492844365 0.6503629671717172 0.6944627486583185 0.6169702474747475 0.6387029660107335 0.6296912836700337 0.6510940286225403 0.665204175925926 0.6916465974955277 0.6683844351851852 0.7107964221824686 0.7272192264309764 0.738394698568873 0.7743930681818182 0.8042926234347049 0.7558415572390572 0.7716252754919499 0.7091977584175084 0.7552916019677997 0.6524831397306398
0 0.8133043050089446 0.6344616717171717 0.7834531082289803 0.6355217584175085 0.7688091252236136 0.5862277441077441 0.7046008908765653 0.6090196001683501 0.7248771753130591 0.6524831397306398 0.7682458953488372 0.6551333552188552 0.775004656529517 0.7107878880471381 0.8121778452593917 0.7547814713804714 0.8701905483005367 0.7436505648148148 0.8273850590339892 0.6858758594276094 0.8133043050089446 0.6344616717171717
0 0.8623053264758498 0.61909042003367 0.8465348828264759 0.568736319023569 0.7783840375670841 0.5862277441077441 0.7907751001788909 0.6270410673400674 0.8194998372093023 0.6334015858585859 0.8330173595706619 0.6911762912457913 0.8831448416815743 0.7447106506734007 0.9439736949910555 0.729339398989899 0.9118695778175313 0.6217406363636364 0.8623053264758498 0.61909042003367
0 0.4004566216457961 0.664674132996633 0.39313462969588553 0.6270410673400674 0.34357037835420395 0.6296912836700337 0.3362483864042934 0.669974563973064 0.3323057754919499 0.738350132996633 0.34582329874776385 0.7828737592592593 0.43762980948121644 0.7908244065656566 0.4421356511627907 0.6726247803030303 0.4004566216457961 0.664674132996633
0 0.2759827629695885 0.7828737592592593 0.3379380769230769 0.7855239747474748 0.32554701431127014 0.7330497011784513 0.32836316457960646 0.665204175925926 0.2804886037567084 0.6593737011784512 0.26359170035778173 0.7309295286195286 0.2759827629695885 0.7828737592592593
0 0.2596490894454383 0.7235089242424242 0.27147692218246866 0.6535432264309764 0.2404992647584973 0.6620239166666667 0.24218895527728085 0.6196204629629629 0.16784257781753129 0.6180303341750842 0.16784257781753129 0.67421490993266 0.1976937754919499 0.6736848661616162 0.18811886314847942 0.719798622053872 0.19375116457960642 0.7738630252525253 0.2680975411449016 0.7786334141414141 0.2596490894454383 0.7235089242424242
0 0.10814018425760287 0.7712128097643098 0.18699240250447227 0.7722728956228956 0.18136010107334527 0.7192685791245792 0.18248656171735242 0.678985297979798 0.16277350715563507 0.6715646936026936 0.1526353649373882 0.6482427946127947 0.11771509660107335 0.6392320606060606 0.10419757334525939 0.7107878880471381 0.10814018425760287 0.7712128097643098
0 0.10419757334525939 0.7669724638047137 0.10138142307692308 0.7144981902356903 0.11039310554561718 0.6424123198653199 0.08899036046511628 0.638171973905724 0.09011682021466905 0.6132599452861953 0.037173188729874775 0.6121998585858587 0.02027628443649374 0.719798622053872 0.03492026833631485 0.7611419890572391 0.10419757334525939 0.7669724638047137
0 0.0546333228980322 0.05671461868686868 0.04336872003577818 0.10229833164983165 0.05294363237924866 0.12933053282828283 0.09405943112701252 0.12243997138047139 0.13573846064400716 0.10918889225589226 0.13292231037567084 0.1415215260942761 0.24556833631484792 0.15106230303030305 0.25120063685152055 0.06360518013468014 0.0546333228980322 0.05671461868686868
0 0.12616354919499106 0.14417174158249157 0.05913916368515206 0.13463096464646465 0.05575978264758497 0.17597433164983164 0.12954292933810374 0.1828648930976431 0.24838448658318424 0.2061867920875421 0.2466947960644007 0.1584829074074074 0.12616354919499106 0.14417174158249157
0 0.050127481216457964 0.17438420202020202 0.05125394186046511 0.20512670622895623 0.08786389982110913 0.21360739646464647 0.09236974150268337 0.23692929629629633 0.23092435241502685 0.2533606346801347 0.2382463443649374 0.21678765572390574 0.050127481216457964 0.17438420202020202
0 0.05294363237924866 0.23109882154882153 0.041679029516994634 0.26290141161616165 0.04843779069767442 0.28410313804713805 0.12053124776386405 0.2772125765993266 0.128416469588551 0.2920537853535354 0.16727934794275492 0.2872833973063973 0.23317727280858674 0.30318469191919195 0.237683114490161 0.2602511952861953 0.05294363237924866 0.23109882154882153
0 0.12897969946332738 0.2915237424242424 0.11940478711985689 0.2798627929292929 0.041115799642218245 0.2878134402356902 0.04055256887298748 0.3079550808080808 0.09236974150268337 0.311665382996633 0.11771509660107335 0.307425037037037 0.11546217620751342 0.3434679730639731 0.16784257781753129 0.34558814562289564 0.22585528175313058 0.3477083181818182 0.23317727280858674 0.31007525336700337 0.12897969946332738 0.2915237424242424
0 0.060265623434704825 0.3265065917508418 0.02985119677996422 0.33710745454545454 0.032104117173524155 0.38322121043771046 0.10476080411449017 0.3805709949494949 0.13968107155635065 0.3917019015151515 0.18473948211091235 0.38163108080808084 0.22529205098389982 0.3922319444444444 0.22754497227191411 0.35035853367003367 0.060265623434704825 0.3265065917508418
0 0.1774174901610018 0.38852164225589225 0.10532403398926654 0.3917019015151515 0.09293297137745975 0.38269116750841753 0.033230577817531304 0.3911718577441078 0.03266734704830054 0.4107834553872054 0.10588726386404294 0.4091933257575758 0.10982987477638641 0.43728561363636365 0.16052058676207515 0.4404658728956229 0.212900988372093 0.4457663038720539 0.21909651967799643 0.3964722895622895 0.1774174901610018 0.38852164225589225
0 0.04224225939177102 0.42668475 0.032104117173524155 0.4531869082491582 0.032104117173524155 0.47862898063973064 0.08786389982110913 0.47756889393939395 0.1616470465116279 0.48657962794612797 0.21515390876565293 0.49506031902356906 0.21177452862254026 0.45371695202020207 0.04224225939177102 0.42668475
0 0.14587660286225404 0.48657962794612797 0.03435703756708408 0.47756889393939395 0.03379380769230769 0.5077813552188551 0.05744947316636851 0.5061912255892256 0.061955313953488376 0.5183822180134681 0.0918065107334526 0.5210324343434344 0.09349620125223614 0.5417041178451178 0.1616470465116279 0.5528350244107744 0.207268686940966 0.5448843762626262 0.21233775849731665 0.5030109663299663 0.14587660286225404 0.48657962794612797
0 0.27316661270125225 0.20194644696969696 0.3080868801431127 0.2024764898989899 0.34300714847942754 0.20671683585858586 0.3756744955277281 0.19028549747474746 0.4105947638640429 0.2035365765993266 0.4567796341681574 0.19664601515151514 0.45734286404293384 0.12721036026936028 0.27147692218246866 0.12297001515151515 0.27316661270125225 0.20194644696969696
0 0.41003153309481216 0.20830696464646464 0.3734215751341682 0.19664601515151514 0.34694975939177103 0.20565674915824916 0.3114662611806798 0.20777692171717174 0.26640785062611805 0.20512670622895623 0.260775549194991 0.25124046127946126 0.36722604382826474 0.25230054797979795 0.4032727719141324 0.2549507634680135 0.42242259660107334 0.23851942592592595 0.4550899436493739 0.2422297281144781 0.4539634838998211 0.2061867920875421 0.41003153309481216 0.20830696464646464
0 0.4128476842576029 0.2517705050505051 0.3773641860465117 0.2634314545454545 0.26528139087656527 0.2549507634680135 0.25795939892665476 0.3068949941077441 0.44269888103756705 0.3053048644781145 0.4455150313059034 0.2554808072390572 0.4128476842576029 0.2517705050505051
0 0.25626970840787117 0.3106052962962963 0.24725802593917712 0.3567190521885522 0.3660995831842576 0.35088857744107743 0.4370665796064401 0.3551289225589226 0.43368719856887294 0.30954521043771044 0.25626970840787117 0.3106052962962963
0 0.35596144096601073 0.3556589654882155 0.2528903273703041 0.35989931144781145 0.24613156618962434 0.4070731531986532 0.3452600688729875 0.4065431094276094 0.3863758685152057 0.3964722895622895 0.4477679516994634 0.4060130664983165 0.4393195 0.3604293543771044 0.35596144096601073 0.3556589654882155
0 0.3846861779964222 0.40018259175084175 0.3170985626118068 0.40813323905723903 0.25458001788908763 0.4054830235690236 0.2506374069767442 0.454246994949495 0.3514556001788909 0.4526568653198653 0.44269888103756705 0.4579572971380471 0.4398827298747764 0.4107834553872054 0.3846861779964222 0.40018259175084175
0 0.34582329874776385 0.45583712457912456 0.2528903273703041 0.4595474267676768 0.24500510554561716 0.5067212685185185 0.2748563023255814 0.5019508804713805 0.33681161717352415 0.4998307070707071 0.3694789642218247 0.49559036195286194 0.40383600178890877 0.5046010959595959 0.4291813577817531 0.49400023232323237 0.42861812790697673 0.4621976422558922 0.34582329874776385 0.45583712457912456
0 0.39200816905187835 0.5067212685185185 0.3565246708407871 0.49081997390572385 0.32273086314847943 0.5088414410774411 0.24218895527728085 0.5056611818181819 0.2382463443649374 0.559725585016835 0.33455869588550985 0.563965930976431 0.37285834525939177 0.5517749377104377 0.42129613595706616 0.5279229949494949 0.4241122871198569 0.5019508804713805 0.39200816905187835 0.5067212685185185