0 0.008251599402092675 0.27552834628975265 0.14130864349775785 0.2736996183745583 0.1454344431988042 0.20725583568904593 0.15574894245142004 0.20116007597173147 0.1578118423019432 0.12008646908127209 0.1438872683109118 0.11825774116607773 0.12944696860986546 0.07924487809187279 0.014440298953662183 0.07802572614840989 0.008251599402092675 0.27552834628975265
0 0.16296909267563528 0.17129085247349823 0.14904451793721973 0.21152286749116608 0.15213886771300447 0.23895378710247347 0.16193764200298952 0.23590590724381624 0.16451626756352766 0.2694325865724381 0.2609568378176383 0.2663847067137809 0.26198828774289984 0.22737184275618375 0.276428586696562 0.2218856590106007 0.2723027869955157 0.12679180565371023 0.2578624880418535 0.12130562102473498 0.2568310381165919 0.06888208657243816 0.16606344245142002 0.06583420671378092 0.16296909267563528 0.17129085247349823
0 0.27900721150971597 0.046327774734982334 0.2898374364723468 0.24443997084805655 0.3924667062780269 0.245049546819788 0.3867937316890882 0.045108622791519434 0.27900721150971597 0.046327774734982334
0 0.4393976793721973 0.08168318197879859 0.43372470478325864 0.10484706978798586 0.39504533109118084 0.10850452561837456 0.4017497563527653 0.2541931863957597 0.4909701771300448 0.23956336307420492 0.495611701793722 0.07863530212014135 0.4393976793721973 0.08168318197879859
0 0.4507436285500747 0.24809742667844525 0.410001355754858 0.2590697941696113 0.41464288041853514 0.4029297279151943 0.4424920291479821 0.3943956634275618 0.4455863789237668 0.4175595512367491 0.5064419260089685 0.40232015106007063 0.49303307698056803 0.24809742667844525 0.4507436285500747 0.24809742667844525
0 0.2986047608370702 0.26577513074204945 0.2955104110612855 0.4163403992932862 0.39607678101644245 0.4029297279151943 0.3909195313901345 0.25967937014134274 0.2986047608370702 0.26577513074204945
0 0.2882902615844544 0.31576036130742047 0.28622736173393126 0.2724804664310954 0.17070496711509717 0.2736996183745583 0.17740939162929745 0.42426488692579506 0.276428586696562 0.41451167137809186 0.27488141180866965 0.34502000883392225 0.2882902615844544 0.31576036130742047
0 0.039710822869955156 0.27674749823321554 0.043320897608370705 0.37062220053003536 0.02630197384155456 0.3681838966431096 0.01186167414050822 0.398662695229682 0.021144724215246637 0.4297510706713781 0.04022654783258595 0.43584683038869254 0.04538379820627803 0.4644969019434629 0.16709489237668163 0.4535245344522968 0.1516231427503737 0.27552834628975265 0.039710822869955156 0.27674749823321554
0 0.6271215702541106 0.17738661219081273 0.6178385209267564 0.19750262014134276 0.6224800455904335 0.232858027385159 0.6905557421524664 0.23712505918727916 0.7606943393124066 0.23041972349823323 0.7632729641255606 0.1621472128975265 0.7266564910313902 0.15909933303886928 0.7199520657698057 0.09082682243816254 0.6266058452914799 0.0938747022968198 0.6271215702541106 0.17738661219081273
0 0.6193856958146488 0.23468675530035338 0.6245429454409567 0.2584602181978799 0.6410461449925261 0.2602889461130742 0.6431090448430493 0.27796665017667843 0.6864299424514201 0.28650071378091874 0.7591471644245142 0.2761379222614841 0.7679144887892376 0.23102929946996467 0.6193856958146488 0.23468675530035338
0 0.6905557421524664 0.28771986572438163 0.6364046195814649 0.27857622614840993 0.6209328707025411 0.29503477738515904 0.6214485956651719 0.3297806086572438 0.6931343669656203 0.3377050971731449 0.7524427391629297 0.3242944249116608 0.7498641143497757 0.28284325795053 0.6905557421524664 0.28771986572438163
0 0.6936500919282511 0.33831467314487634 0.6101026464872945 0.327342304770318 0.6126812713004485 0.35599237632508834 0.6446562197309417 0.36025940812720847 0.6441404947683109 0.3791562641342756 0.6910714671150971 0.38098499204946995 0.7539899140508222 0.37427965636042404 0.7472854895366218 0.32917103268551234 0.6936500919282511 0.33831467314487634
0 0.69674444245142 0.3822041439929329 0.6338259947683109 0.37854668816254416 0.6204171457399104 0.43097022261484097 0.6817884177877429 0.43157979858657247 0.7524427391629297 0.4248744628975265 0.7581157144992526 0.38342329593639574 0.69674444245142 0.3822041439929329
0 0.6936500919282511 0.43401810247349826 0.6214485956651719 0.43097022261484097 0.6281530201793722 0.4516958065371025 0.6446562197309417 0.45474368639575974 0.6451719446935724 0.4754692703180212 0.7086061165919283 0.4748596943462897 0.7591471644245142 0.47059266166077746 0.7555370896860987 0.43157979858657247 0.6936500919282511 0.43401810247349826
0 0.6977758923766816 0.47790757420494695 0.6276372952167414 0.4754692703180212 0.6317630949177878 0.5278928047703181 0.7024174170403588 0.5278928047703181 0.7612100642750373 0.5217970450530035 0.7606943393124066 0.47729799823321556 0.6977758923766816 0.47790757420494695
0 0.6982916173393123 0.5297215326855124 0.626090120328849 0.529111956713781 0.6271215702541106 0.5473992367491166 0.6394989701046337 0.5595907561837455 0.6358888946188341 0.5797067641342757 0.7653358639760837 0.5730014275618375 0.7643044140508222 0.5266736528268551 0.6982916173393123 0.5297215326855124
0 0.6209328707025411 0.6351781784452297 0.6358888946188341 0.6717527376325088 0.6745682683109119 0.6760197694346289 0.7292351158445441 0.6662665538869258 0.7565685396113603 0.6473696978798587 0.7684302137518684 0.6321302985865724 0.7307822907324365 0.6071376828621908 0.7282036659192825 0.5973844673144877 0.6297001950672646 0.6034802270318022 0.6209328707025411 0.6351781784452297
0 0.7436754147982062 0.670533585689046 0.6735368183856503 0.6821155291519434 0.638983245142003 0.6833346819787985 0.6327945448430493 0.7162517844522968 0.674052543348281 0.7217379690812721 0.7333609155455905 0.7119847526501767 0.7436754147982062 0.670533585689046
0 0.6730210934230194 0.7284433047703179 0.6369203452914799 0.7217379690812721 0.6369203452914799 0.7662370159010601 0.6755997182361734 0.7698944717314488 0.7312980156950672 0.7619699840989399 0.7349080904334828 0.7162517844522968 0.6730210934230194 0.7284433047703179
0 0.6730210934230194 0.771723199646643 0.6348574446935725 0.7723327756183745 0.6343417197309418 0.8180509743816254 0.6817884177877429 0.8168318224381625 0.7276879409566518 0.8119552146643109 0.7282036659192825 0.7692848957597174 0.6730210934230194 0.771723199646643
0 0.6719896434977579 0.8217084302120141 0.6400146950672646 0.8180509743816254 0.6384675201793722 0.8607212941696113 0.6833355926756353 0.869864933745583 0.7194363408071749 0.869864933745583 0.7282036659192825 0.8198797022968198 0.6719896434977579 0.8217084302120141
0 0.6807569678624813 0.8716936616607773 0.6379517952167414 0.8680362058303887 0.6467191195814649 0.9113161007067139 0.666316668161435 0.9155831325088339 0.6688952937219731 0.9393565962897525 0.7003545171898355 0.9424044761484098 0.6977758923766816 0.9235076201413428 0.7307822907324365 0.921069316254417 0.7127319162929746 0.8753511174911661 0.6807569678624813 0.8716936616607773
0 0.8932356576980568 0.6199387791519435 0.965952879671151 0.610185562720848 0.960795629297459 0.5723918515901061 0.9040658826606877 0.5748301554770318 0.9056130575485799 0.5443513568904593 0.8112353863976084 0.5492279646643109 0.8127825612855009 0.5754397314487633 0.8009208871449925 0.5858025238515902 0.8029837869955158 0.6022610750883393 0.8246442361733932 0.6223770830388692 0.8576506345291479 0.6290824187279153 0.8932356576980568 0.6199387791519435