0 0.3898809523809524 0.838855421686747 0.3898809523809524 0.8870481927710844 0.46726190476190477 0.8855421686746988 0.47023809523809523 0.8960843373493976 0.5178571428571429 0.9006024096385542 0.5193452380952381 0.8855421686746988 0.5491071428571429 0.8900602409638554 0.5505952380952381 0.8343373493975904 0.3898809523809524 0.838855421686747
0 0.40625 0.7891566265060241 0.39880952380952384 0.8313253012048193 0.5461309523809523 0.8283132530120482 0.5401785714285714 0.7786144578313253 0.40625 0.7891566265060241
0 0.40773809523809523 0.7048192771084337 0.40029761904761907 0.7620481927710844 0.5669642857142857 0.7590361445783133 0.5654761904761905 0.7048192771084337 0.40773809523809523 0.7048192771084337
0 0.4270833333333333 0.6551204819277109 0.41964285714285715 0.7048192771084337 0.5714285714285714 0.7048192771084337 0.5714285714285714 0.6385542168674698 0.4270833333333333 0.6551204819277109
0 0.4270833333333333 0.6009036144578314 0.5089285714285714 0.6144578313253012 0.5491071428571429 0.6024096385542169 0.5669642857142857 0.5677710843373494 0.4226190476190476 0.5602409638554217 0.4270833333333333 0.6009036144578314
0 0.5163690476190477 0.5045180722891566 0.47619047619047616 0.5150602409638554 0.4166666666666667 0.5210843373493976 0.4181547619047619 0.5587349397590361 0.5729166666666666 0.5662650602409639 0.5699404761904762 0.5256024096385542 0.5163690476190477 0.5045180722891566
0 0.43898809523809523 0.42620481927710846 0.43452380952380953 0.4683734939759036 0.49107142857142855 0.47289156626506024 0.49107142857142855 0.48042168674698793 0.5773809523809523 0.4879518072289157 0.5729166666666666 0.42771084337349397 0.43898809523809523 0.42620481927710846
0 0.48214285714285715 0.37650602409638556 0.4375 0.37801204819277107 0.43601190476190477 0.42018072289156627 0.5684523809523809 0.42771084337349397 0.5758928571428571 0.36596385542168675 0.48214285714285715 0.37650602409638556
0 0.43898809523809523 0.28463855421686746 0.4330357142857143 0.3373493975903614 0.5684523809523809 0.3509036144578313 0.5684523809523809 0.2876506024096386 0.43898809523809523 0.28463855421686746
0 0.47767857142857145 0.2394578313253012 0.4330357142857143 0.2394578313253012 0.4375 0.286144578313253 0.5669642857142857 0.2876506024096386 0.5580357142857143 0.22590361445783133 0.47767857142857145 0.2394578313253012
0 0.43601190476190477 0.15210843373493976 0.4330357142857143 0.19879518072289157 0.47767857142857145 0.2003012048192771 0.5208333333333334 0.21084337349397592 0.5565476190476191 0.2063253012048193 0.5565476190476191 0.14909638554216867 0.43601190476190477 0.15210843373493976
0 0.5208333333333334 0.09186746987951808 0.4836309523809524 0.10542168674698796 0.43154761904761907 0.10692771084337349 0.43005952380952384 0.14909638554216867 0.5625 0.14759036144578314 0.5550595238095238 0.09939759036144578 0.5208333333333334 0.09186746987951808
0 0.6443452380952381 0.2063253012048193 0.6517857142857143 0.1460843373493976 0.6383928571428571 0.07530120481927711 0.5892857142857143 0.08283132530120482 0.59375 0.20783132530120482 0.6443452380952381 0.2063253012048193
0 0.7008928571428571 0.1430722891566265 0.6830357142857143 0.07228915662650602 0.6413690476190477 0.07530120481927711 0.65625 0.15060240963855423 0.6413690476190477 0.2033132530120482 0.6845238095238095 0.2033132530120482 0.7008928571428571 0.1430722891566265
0 0.7738095238095238 0.07680722891566265 0.7172619047619048 0.07680722891566265 0.7157738095238095 0.20933734939759036 0.7708333333333334 0.21536144578313254 0.7886904761904762 0.1536144578313253 0.7738095238095238 0.07680722891566265
0 0.8392857142857143 0.15512048192771086 0.8095238095238095 0.07981927710843373 0.7708333333333334 0.0783132530120482 0.7872023809523809 0.14759036144578314 0.7738095238095238 0.1927710843373494 0.8214285714285714 0.19879518072289157 0.8392857142857143 0.15512048192771086
0 0.9553571428571429 0.12198795180722892 0.8363095238095238 0.12349397590361445 0.8392857142857143 0.17018072289156627 0.9538690476190477 0.1746987951807229 0.9553571428571429 0.12198795180722892
0 0.8348214285714286 0.17018072289156627 0.8348214285714286 0.2183734939759036 0.8675595238095238 0.22590361445783133 0.8988095238095238 0.2394578313253012 0.9583333333333334 0.22439759036144577 0.9598214285714286 0.17921686746987953 0.8348214285714286 0.17018072289156627
0 0.2767857142857143 0.9307228915662651 0.3392857142857143 0.9171686746987951 0.34375 0.8719879518072289 0.23809523809523808 0.8644578313253012 0.23809523809523808 0.9201807228915663 0.2767857142857143 0.9307228915662651
0 0.23660714285714285 0.8681153180722891 0.33588435357142854 0.8666092939759036 0.33779761904761907 0.8319707397590361 0.23809523809523808 0.828958691566265 0.23660714285714285 0.8681153180722891
0 0.34077380952380953 0.8298192771084337 0.34863945595238094 0.7943201373493975 0.23809523809523808 0.7906626506024096 0.23660714285714285 0.8268072289156626 0.34077380952380953 0.8298192771084337
0 0.34672619047619047 0.7981927710843374 0.3503401357142857 0.7487091216867471 0.23809523809523808 0.7394578313253012 0.23511904761904762 0.7906626506024096 0.34672619047619047 0.7981927710843374
0 0.0818452380952381 0.8704819277108434 0.08078231309523809 0.9139414807228915 0.15178571428571427 0.9096385542168675 0.15476190476190477 0.927710843373494 0.18303571428571427 0.9307228915662651 0.18898809523809523 0.9096385542168675 0.21428571428571427 0.9171686746987951 0.20833333333333334 0.8704819277108434 0.0818452380952381 0.8704819277108434
0 0.10629251666666667 0.8339070566265061 0.1284013607142857 0.8700516349397591 0.21279761904761904 0.8704819277108434 0.21875 0.8313253012048193 0.10629251666666667 0.8339070566265061
0 0.1335034011904762 0.7934595530120482 0.11139455833333332 0.8287435457831325 0.21279761904761904 0.8298192771084337 0.21577380952380953 0.7936746987951807 0.1335034011904762 0.7934595530120482
0 0.10289115595238096 0.7555938036144579 0.1335034011904762 0.7934595530120482 0.2113095238095238 0.7906626506024096 0.21428571428571427 0.7394578313253012 0.10289115595238096 0.7555938036144579
0 0.23065476190476192 0.13102409638554216 0.3705357142857143 0.1355421686746988 0.36755952380952384 0.08734939759036145 0.2857142857142857 0.08433734939759036 0.28422619047619047 0.04819277108433735 0.2425595238095238 0.05120481927710843 0.23065476190476192 0.13102409638554216
0 0.14115646309523808 0.12392426867469879 0.21726190476190477 0.125 0.21279761904761904 0.0783132530120482 0.1284013607142857 0.08003442289156627 0.14115646309523808 0.12392426867469879
0 0.14200680238095237 0.12306368313253013 0.13010204047619048 0.14371772771084337 0.13860544166666666 0.1609294325301205 0.21853741547619046 0.1609294325301205 0.22023809523809523 0.12134251325301205 0.14200680238095237 0.12306368313253013
0 0.13010204047619048 0.15834767590361445 0.12670067976190477 0.1833046469879518 0.14115646309523808 0.19965576626506024 0.21938775476190478 0.19879518072289157 0.221938775 0.16265060240963855 0.13010204047619048 0.15834767590361445
0 0.14030612261904762 0.19879518072289157 0.13520408214285715 0.2160068843373494 0.11904761904761904 0.22289156626506024 0.13605442142857144 0.23149741807228916 0.21853741547619046 0.23580034457831323 0.21853741547619046 0.202237521686747 0.14030612261904762 0.19879518072289157
0 0.13860544166666666 0.23493975903614459 0.11904761904761904 0.248709121686747 0.13860544166666666 0.26592082650602406 0.14285714285714285 0.2762478481927711 0.21513605476190475 0.27796901927710843 0.21513605476190475 0.2383821 0.13860544166666666 0.23493975903614459
0 0.13775510238095237 0.27710843373493976 0.13605442142857144 0.2934595530120482 0.12244897976190476 0.3029259891566265 0.12755102023809525 0.3132530120481928 0.22108843571428569 0.31411359759036145 0.21428571428571427 0.27882960361445785 0.13775510238095237 0.27710843373493976
0 0.12670067976190477 0.30981067108433735 0.11989795952380952 0.3330464710843373 0.13860544166666666 0.35025817590361447 0.21683673452380953 0.35111876024096383 0.22278911547619046 0.3149741819277108 0.12670067976190477 0.30981067108433735
0 0.14030612261904762 0.3493975903614458 0.1215986392857143 0.38726333855421685 0.21343537380952382 0.38898450963855424 0.21428571428571427 0.35111876024096383 0.14030612261904762 0.3493975903614458
0 0.12755102023809525 0.38296041325301206 0.11734693928571428 0.4027538722891566 0.13945578214285714 0.42426850240963854 0.217687075 0.4285714289156627 0.21938775476190478 0.3881239240963855 0.12755102023809525 0.38296041325301206
0 0.13541666666666666 0.4246987951807229 0.12053571428571429 0.45331325301204817 0.13690476190476192 0.46536144578313254 0.21577380952380953 0.463855421686747 0.21428571428571427 0.42771084337349397 0.13541666666666666 0.4246987951807229
0 0.124542125 0.46709916626506026 0.125457875 0.4902687674698795 0.13919413928571428 0.5032437445783133 0.21520146547619046 0.5004633915662651 0.2115384619047619 0.4633920301204819 0.124542125 0.46709916626506026
0 0.13644688690476192 0.5041705277108434 0.11904761904761904 0.527340130120482 0.12179487142857143 0.5375347542168675 0.21245421190476188 0.5403151060240964 0.21611721666666667 0.5041705277108434 0.13644688690476192 0.5041705277108434
0 0.11904761904761904 0.5384615385542169 0.12087912142857142 0.5755329012048193 0.20695970714285716 0.5783132530120482 0.20879120833333334 0.5440222433734939 0.11904761904761904 0.5384615385542169
0 0.1382783880952381 0.5783132530120482 0.1126373630952381 0.6070435590361446 0.13095238095238096 0.6116774795180723 0.20970695952380952 0.6172381831325301 0.21062271071428573 0.5783132530120482 0.1382783880952381 0.5783132530120482
0 0.11904761904761904 0.6153846156626506 0.11904761904761904 0.6339202963855423 0.1382783880952381 0.6506024096385542 0.21245421190476188 0.6506024096385542 0.21336996309523812 0.6200185361445782 0.11904761904761904 0.6153846156626506
0 0.13186813214285714 0.6533827614457831 0.11355311309523809 0.6774791469879518 0.11630036666666667 0.6960148289156627 0.20604395595238095 0.6950880445783133 0.20879120833333334 0.6543095457831325 0.13186813214285714 0.6533827614457831
0 0.24450549404761904 0.13716404096385543 0.24450549404761904 0.16682113012048191 0.3543956047619048 0.16311399397590362 0.35164835119047616 0.13531047228915663 0.24450549404761904 0.13716404096385543
0 0.25 0.16774791445783133 0.25 0.20481927710843373 0.3543956047619048 0.20203892530120482 0.3553113547619048 0.164040778313253 0.25 0.16774791445783133
0 0.2472527476190476 0.20481927710843373 0.24908424880952382 0.24189063975903613 0.35073260119047617 0.236329934939759 0.3534798535714285 0.20481927710843373 0.2472527476190476 0.20481927710843373
0 0.25091575119047616 0.24096385542168675 0.2545787547619048 0.27803521807228915 0.34981685 0.27988878554216867 0.34890109880952386 0.24189063975903613 0.25091575119047616 0.24096385542168675
0 0.25549450595238093 0.27710843373493976 0.25183150238095237 0.3132530120481928 0.3470695976190476 0.3178869325301205 0.34890109880952386 0.28452270602409635 0.25549450595238093 0.27710843373493976
0 0.25 0.31417979638554216 0.25 0.35217794216867465 0.34065934047619045 0.3493975903614458 0.3424908428571429 0.32159406867469875 0.25 0.31417979638554216
0 0.24908424880952382 0.3549582951807229 0.25274725238095236 0.3892493048192771 0.34065934047619045 0.3827618168674699 0.33699633690476194 0.35217794216867465 0.24908424880952382 0.3549582951807229
0 0.25 0.39110287349397593 0.25091575119047616 0.43095458795180724 0.34065934047619045 0.4253938831325301 0.3388278392857143 0.3864689530120482 0.25 0.39110287349397593
0 0.25091575119047616 0.43095458795180724 0.24633699642857143 0.46524559759036144 0.34065934047619045 0.47080630240963856 0.3397435892857143 0.4300278036144578 0.25091575119047616 0.43095458795180724
0 0.24358974404761904 0.46709916626506026 0.24633699642857143 0.5060240963855421 0.3388278392857143 0.49768303975903616 0.3379120880952381 0.46987951807228917 0.24358974404761904 0.46709916626506026
0 0.34157509166666666 0.5403151060240964 0.34340659285714287 0.5004633915662651 0.25 0.508804448192771 0.25 0.5412418903614458 0.34157509166666666 0.5403151060240964
0 0.25183150238095237 0.5440222433734939 0.24633699642857143 0.5783132530120482 0.3479853476190476 0.5792400373493976 0.34523809523809523 0.5449490265060241 0.25183150238095237 0.5440222433734939
0 0.23992674047619048 0.5801668216867469 0.24084249047619047 0.6172381831325301 0.3470695976190476 0.6172381831325301 0.34523809523809523 0.5820203891566266 0.23992674047619048 0.5801668216867469
0 0.24175824166666665 0.6218721036144579 0.24267399285714286 0.6570898975903615 0.3443223440476191 0.6589434662650603 0.3424908428571429 0.6190917518072289 0.24175824166666665 0.6218721036144579
0 0.23901098928571426 0.6580166819277109 0.24084249047619047 0.6941612602409639 0.34615384642857144 0.6969416120481928 0.3470695976190476 0.6552363301204819 0.23901098928571426 0.6580166819277109