0 0.14038634276729559 0.16361256544502617 0.10669362106918238 0.15473074083769633 0.10276280345911949 0.21456619240837696 0.19654088050314467 0.21596858638743455 0.20327942452830192 0.09723260994764397 0.14600179716981132 0.09629768193717277 0.14038634276729559 0.16361256544502617
0 0.2072102421383648 0.09629768193717277 0.2010332437106918 0.20755422643979057 0.25044923584905665 0.2094240837696335 0.2611185990566038 0.09489528795811518 0.2072102421383648 0.09629768193717277
0 0.25831087106918244 0.09302543062827225 0.2577493254716981 0.20241211649214658 0.31221922798742135 0.2047494384816754 0.3133423176100629 0.09536275261780104 0.25831087106918244 0.09302543062827225
0 0.36612758333333334 0.09723260994764397 0.31390386320754715 0.09676514528795813 0.31390386320754715 0.20708676178010468 0.36051212893081763 0.2084891544502618 0.36612758333333334 0.09723260994764397
0 0.4267744827044025 0.0743268507853403 0.36781221855345914 0.07479431544502618 0.36668912893081756 0.21737098036649213 0.4189128474842767 0.21596858638743455 0.4267744827044025 0.0743268507853403
0 0.47731356761006294 0.09209050130890052 0.43238993710691825 0.09022064267015707 0.4239667562893082 0.20241211649214658 0.47506738522012576 0.19913986518324606 0.47731356761006294 0.09209050130890052
0 0.5300988317610063 0.09629768193717277 0.47562893081761004 0.09115557198952881 0.481805929245283 0.22251308900523561 0.5233602877358491 0.22204562434554972 0.5300988317610063 0.09629768193717277
0 0.5907457327044026 0.09816753926701571 0.5306603773584906 0.09676514528795813 0.5284141965408805 0.22251308900523561 0.5828840974842767 0.2234480183246073 0.5907457327044026 0.09816753926701571
0 0.10500898427672956 0.2482236348167539 0.09770889465408805 0.28562079319371725 0.13027852672955975 0.29637247513089005 0.12915543553459122 0.3856581897905759 0.20777178773584903 0.40903141361256545 0.22349505817610063 0.2543006727748691 0.10500898427672956 0.2482236348167539
0 0.2195642405660377 0.2486910994764398 0.21001797012578616 0.41277112958115186 0.25494159905660374 0.41043380759162307 0.28021114150943394 0.25476813743455495 0.2195642405660377 0.2486910994764398
0 0.27908805031446543 0.25149588612565443 0.261680143081761 0.4183807028795811 0.330188679245283 0.418848167539267 0.3341194968553459 0.25570306675392673 0.27908805031446543 0.25149588612565443
0 0.3307502248427673 0.25383320811518323 0.3307502248427673 0.42539267015706805 0.38297394496855347 0.4207180248691099 0.38522012578616355 0.2533657447643979 0.3307502248427673 0.25383320811518323
0 0.38578167138364783 0.25523560209424084 0.38634321698113205 0.3945400143979057 0.44249775314465406 0.3982797303664921 0.4413746635220126 0.25523560209424084 0.38578167138364783 0.25523560209424084
0 0.44305929874213834 0.25617053141361257 0.4436208443396226 0.4024869109947644 0.49752919968553455 0.4010845170157068 0.49977538207547173 0.2580403887434555 0.44305929874213834 0.25617053141361257
0 0.500336927672956 0.25710545942408375 0.5037061996855347 0.40295437565445025 0.5980458223270441 0.3968773376963351 0.6053459119496856 0.2982423337696335 0.562668463836478 0.29637247513089005 0.562668463836478 0.25149588612565443 0.500336927672956 0.25710545942408375
0 0.2981805927672956 0.5614248311518324 0.25157232704402516 0.5581525798429319 0.24820305503144655 0.5258975314136125 0.18306379088050315 0.5258975314136125 0.16958670283018867 0.6189229620418848 0.1864330644654088 0.6768885562827226 0.29761904716981136 0.685302917539267 0.2981805927672956 0.5614248311518324
0 0.29930368396226414 0.5614248311518324 0.2970575015723271 0.6876402395287957 0.34703504088050313 0.6881077041884817 0.3548966761006289 0.5604899031413613 0.29930368396226414 0.5614248311518324
0 0.34871967610062893 0.6628646217277486 0.407120394654088 0.6666043376963351 0.4110512122641509 0.5609573678010471 0.3593890393081761 0.5609573678010471 0.34871967610062893 0.6628646217277486
0 0.4110512122641509 0.5053290955497383 0.40824348584905656 0.6881077041884817 0.45822102358490563 0.6834330589005236 0.4745058396226415 0.5100037395287959 0.4110512122641509 0.5053290955497383
0 0.525606468553459 0.5609054267015707 0.4716981132075472 0.5623078206806283 0.4632749323899371 0.6679547905759162 0.5233602877358491 0.6716945065445027 0.529537286163522 0.6394394581151832 0.525606468553459 0.5609054267015707
0 0.5879380047169811 0.5516080772251308 0.5261680141509434 0.5595549738219895 0.5289757405660377 0.6404263272251308 0.5840071871069182 0.6404263272251308 0.5879380047169811 0.5516080772251308
0 0.3245732248427673 0.8475130890052356 0.38578167138364783 0.8545250562827225 0.38690476257861633 0.762434554973822 0.3324348600628931 0.7600972329842932 0.3245732248427673 0.8475130890052356
0 0.38690476257861633 0.7638369489528796 0.38522012578616355 0.8545250562827225 0.4413746635220126 0.8573298429319371 0.4464285707547169 0.7661742709424083 0.38690476257861633 0.7638369489528796
0 0.4441823899371069 0.7600972329842932 0.4413746635220126 0.8591997002617802 0.49752919968553455 0.8554599856020942 0.49752919968553455 0.764304412303665 0.4441823899371069 0.7600972329842932
0 0.5031446540880503 0.7619670903141362 0.4924752924528302 0.8549925209424084 0.5553683742138366 0.8582647722513089 0.5548068286163522 0.7666417356020943 0.5031446540880503 0.7619670903141362
0 0.5553683742138366 0.7652393416230368 0.5576145550314465 0.8573298429319371 0.6193845455974842 0.8624719515706807 0.6132075471698113 0.7713163795811518 0.5553683742138366 0.7652393416230368
0 0.8756278081761005 0.8409685863874345 0.876189353773585 0.9223074044502618 0.9351516179245284 0.92698204973822 0.9355345911949685 0.8470456243455498 0.8756278081761005 0.8409685863874345
0 0.9125112311320754 0.1756630510471204 0.9029649591194968 0.11162041884816755 0.8271563349056603 0.11489267015706807 0.8310871525157232 0.1438754672774869 0.7794249779874214 0.1490175772251309 0.7805480676100629 0.22474682068062826 0.9456424072327044 0.22427935732984292 0.9512578616352201 0.1817400903141361 0.9125112311320754 0.1756630510471204
0 0.9456424072327044 0.3029169777486911 0.9428346808176101 0.22859012696335076 0.886680143081761 0.226252804973822 0.8878032342767297 0.3029169777486911 0.9456424072327044 0.3029169777486911
0 0.950696316037736 0.37584143586387436 0.950696316037736 0.3089940170157068 0.8855570534591195 0.31086387434554974 0.8883647798742138 0.3753739712041885 0.950696316037736 0.37584143586387436
0 0.8793800534591195 0.3791136871727749 0.8922955974842768 0.44596110732984295 0.9523809528301888 0.44596110732984295 0.9501347704402515 0.3819184738219895 0.8793800534591195 0.3791136871727749
0 0.8816262358490566 0.44455871335078534 0.8861185990566037 0.5109386688481675 0.9484501352201258 0.5090688102094241 0.9478885896226414 0.44783096465968586 0.8816262358490566 0.44455871335078534
0 0.8782569638364779 0.5170157068062827 0.8788185078616353 0.5749813010471204 0.9422731352201258 0.5759162303664922 0.9456424072327044 0.5128085261780104 0.8782569638364779 0.5170157068062827
0 0.8789970801886793 0.5787210170157068 0.8789970801886793 0.6422961858638744 0.9355345911949685 0.6451009725130891 0.9349730455974844 0.5773186243455498 0.8789970801886793 0.5787210170157068
0 0.8767508977987422 0.6451009725130891 0.8750662625786164 0.7096110693717278 0.9360961367924527 0.7096110693717278 0.9377807720125787 0.6455684371727749 0.8767508977987422 0.6451009725130891
0 0.8782569638364779 0.7801982054973822 0.9366576823899372 0.7797307408376963 0.9400269544025156 0.7156881073298429 0.8771338726415093 0.7133507853403142 0.8782569638364779 0.7801982054973822