0 0.06115702454545455 0.05884083495145631 0.05041322272727273 0.30891438673139154 0.10413223181818182 0.31332744983818767 0.10247933909090909 0.06325389805825243 0.06115702454545455 0.05884083495145631
0 0.10495867727272727 0.05589879449838187 0.10495867727272727 0.3059723446601942 0.1487603309090909 0.3074433656957929 0.14545454545454545 0.050014710355987056 0.10495867727272727 0.05589879449838187
0 0.14710743818181818 0.06766696116504854 0.1495867772727273 0.27802294822006474 0.18760330545454545 0.2691968220064725 0.18347107454545455 0.0764930857605178 0.14710743818181818 0.06766696116504854
0 0.18842975181818183 0.06913798220064725 0.18925619818181819 0.30303030258899677 0.22479338818181818 0.2971462200647249 0.22479338818181818 0.07208002427184465 0.18842975181818183 0.06913798220064725
0 0.5123966945454546 0.28243601132686086 0.5561983472727272 0.2912621359223301 0.5570247936363636 0.21035598705501618 0.6033057854545454 0.2088849660194175 0.5983471072727273 0.11326860841423948 0.5636363636363636 0.11326860841423948 0.55785124 0.052956752427184464 0.5140495863636364 0.06178287702265372 0.5123966945454546 0.28243601132686086
0 0.08347107454545453 0.4471903495145631 0.08264462818181818 0.49132097734627833 0.06115702454545455 0.4869079142394822 0.059504131818181816 0.6678434838187702 0.11239669454545455 0.6649014417475728 0.10330578545454545 0.44866137055016175 0.08347107454545453 0.4471903495145631
0 0.10495867727272727 0.45013239158576057 0.11487603272727273 0.64872021197411 0.15206611545454546 0.6501912330097087 0.14132231363636363 0.4574874967637541 0.10495867727272727 0.45013239158576057
0 0.15867768636363636 0.44277728802589 0.16280991727272728 0.48249485113268614 0.1446280990909091 0.4869079142394822 0.1528925618181818 0.6531332750809061 0.18925619818181819 0.64872021197411 0.18595041363636364 0.43983524595469253 0.15867768636363636 0.44277728802589
0 0.22892562 0.48249485113268614 0.21487603272727274 0.47955280906148867 0.21404958636363636 0.4368932038834951 0.18842975181818183 0.43395116181229776 0.19090909090909092 0.6472491909385113 0.22561983454545453 0.644307148867314 0.22892562 0.48249485113268614
0 0.4388429754545455 0.8561341569579288 0.44710743818181814 0.864960283171521 0.4553719009090909 0.8943807006472492 0.4851239672727272 0.8943807006472492 0.4859504136363636 0.8178876132686084 0.5 0.8164165938511327 0.4983471072727273 0.7561047362459546 0.4842975209090909 0.7487496326860842 0.4859504136363636 0.7002059433656959 0.4396694218181818 0.7016769644012946 0.4388429754545455 0.8561341569579288
0 0.19504132272727273 0.8679023236245955 0.21487603272727274 0.8708443656957929 0.21735537181818182 0.9105619304207119 0.23636363636363636 0.9120329514563106 0.23388429727272725 0.7119741100323624 0.1975206609090909 0.7016769644012946 0.19504132272727273 0.8679023236245955
0 0.04214876 0.8767284498381877 0.06859504090909091 0.8958517216828479 0.06859504090909091 0.9385113268608414 0.11487603272727273 0.9429243899676375 0.11322314090909091 0.6972639012944983 0.043801652727272725 0.7016769644012946 0.04214876 0.8767284498381877
0 0.4801652890909091 0.6501912330097087 0.5586776863636363 0.6501912330097087 0.5528925618181818 0.5722271262135923 0.533057850909091 0.5722271262135923 0.5206611572727272 0.41188584951456314 0.47933884272727273 0.4133568689320388 0.4801652890909091 0.6501912330097087
0 0.6983471072727273 0.6869667556634305 0.7206611572727273 0.49573403883495143 0.7115702481818181 0.44866137055016175 0.6768595045454545 0.4457193284789644 0.6487603309090909 0.6751985873786407 0.6983471072727273 0.6869667556634305
0 0.7239669418181819 0.4751397475728156 0.7008264463636363 0.6825536925566342 0.7380165290909091 0.6957928802588996 0.7595041318181819 0.4751397475728156 0.7239669418181819 0.4751397475728156
0 0.7991735536363637 0.49720505987055014 0.7619834709090909 0.4766107686084142 0.7413223136363637 0.6972639012944983 0.7760330581818181 0.7134451310679611 0.7991735536363637 0.49720505987055014
0 0.8 0.49279199838187704 0.7818181818181819 0.7060900258899676 0.8148760327272727 0.7105030889967637 0.8404958681818181 0.49720505987055014 0.8 0.49279199838187704
0 0.8966942145454546 0.517799352750809 0.84214876 0.5060311860841424 0.8107438018181818 0.7325684029126214 0.8628099172727273 0.7546337152103559 0.8966942145454546 0.517799352750809
0 0.7371900827272727 0.3162694902912621 0.7603305781818183 0.10444248381877023 0.7090909090909091 0.08679023300970874 0.6842975209090909 0.2986172411003236 0.7371900827272727 0.3162694902912621
0 0.7578512399999999 0.10002942071197411 0.7388429754545455 0.31332744983818767 0.7760330581818181 0.3295086796116505 0.7983471072727273 0.1191526925566343 0.7578512399999999 0.10002942071197411
0 0.7975206609090909 0.1191526925566343 0.7752066118181817 0.347160930420712 0.8231404954545455 0.3427478673139159 0.8462809918181818 0.13974698381877024 0.7975206609090909 0.1191526925566343
0 0.8462809918181818 0.15004413106796116 0.8272727272727273 0.33539276213592234 0.85785124 0.35010297087378645 0.8826446281818182 0.16475433980582524 0.8462809918181818 0.15004413106796116
0 0.8603305781818182 0.35451603398058257 0.8834710745454545 0.35451603398058257 0.8859504136363636 0.3177405113268609 0.9057851236363637 0.32803765857605177 0.9297520663636364 0.1765225064724919 0.8851239672727272 0.16328331877022653 0.8603305781818182 0.35451603398058257
0 0.11735537181818183 0.9326272427184467 0.16363636363636364 0.9326272427184467 0.16115702454545455 0.7002059433656959 0.11735537181818183 0.6972639012944983 0.11735537181818183 0.9326272427184467
0 0.1619834709090909 0.7002059433656959 0.16446281 0.9046778462783172 0.19256198363636365 0.9090909093851133 0.19338843 0.698734922330097 0.1619834709090909 0.7002059433656959
0 0.27603305818181817 0.9061488673139159 0.27685950454545455 0.7002059433656959 0.23884297545454547 0.6972639012944983 0.23884297545454547 0.9135039724919093 0.27603305818181817 0.9061488673139159
0 0.2801652890909091 0.6972639012944983 0.2793388427272727 0.864960283171521 0.2958677681818182 0.8634892621359223 0.2966942145454545 0.9002647831715211 0.3181818181818182 0.9032068252427184 0.31735537181818185 0.7031479854368932 0.2801652890909091 0.6972639012944983
0 0.3181818181818182 0.7060900258899676 0.32231405 0.9061488673139159 0.3413223136363636 0.9017358042071197 0.3413223136363636 0.8708443656957929 0.35785124 0.8693733446601942 0.35702479363636364 0.7002059433656959 0.3181818181818182 0.7060900258899676
0 0.35619834727272726 0.698734922330097 0.35785124 0.8693733446601942 0.3760330581818182 0.8752574288025889 0.37438016545454544 0.8973227427184465 0.3958677681818182 0.9032068252427184 0.3975206609090909 0.7002059433656959 0.35619834727272726 0.698734922330097
0 0.39917355363636364 0.698734922330097 0.39917355363636364 0.9046778462783172 0.42314049545454546 0.9046778462783172 0.42314049545454546 0.8664313025889968 0.4396694218181818 0.8664313025889968 0.4371900827272727 0.7002059433656959 0.39917355363636364 0.698734922330097
0 0.42892562 0.42218299514563107 0.43553719 0.6501912330097087 0.4818181818181818 0.6546042961165048 0.4768595045454545 0.42071197411003236 0.42892562 0.42218299514563107
0 0.4314049590909091 0.42218299514563107 0.40082644636363635 0.4265960582524272 0.4 0.47366872653721687 0.39090909090909093 0.4751397475728156 0.39338843 0.6428361278317152 0.43223140454545456 0.6428361278317152 0.4314049590909091 0.42218299514563107
0 0.39256198363636363 0.6472491909385113 0.3884297518181818 0.4810238300970873 0.37438016545454544 0.47955280906148867 0.37107438000000004 0.4368932038834951 0.3495867772727273 0.4368932038834951 0.35702479363636364 0.6516622540453075 0.39256198363636363 0.6472491909385113
0 0.3520661154545454 0.42953809870550164 0.32561983454545457 0.43983524595469253 0.32809917363636365 0.4839658721682848 0.3074380163636364 0.47808178802588996 0.3165289254545455 0.6501912330097087 0.35454545454545455 0.644307148867314 0.3520661154545454 0.42953809870550164
0 0.26942148727272724 0.4383642249190938 0.27603305818181817 0.644307148867314 0.31239669454545455 0.644307148867314 0.3049586772727273 0.4869079142394822 0.2917355372727273 0.48249485113268614 0.29008264454545457 0.4457193284789644 0.26942148727272724 0.4383642249190938
0 0.2719008263636364 0.4457193284789644 0.2446280990909091 0.4368932038834951 0.24297520636363634 0.4810238300970873 0.22975206636363635 0.4839658721682848 0.23388429727272725 0.6619593996763754 0.2727272727272727 0.6649014417475728 0.2719008263636364 0.4457193284789644
0 0.22727272727272727 0.3045013236245955 0.2719008263636364 0.3103854077669903 0.26528925636363637 0.07208002427184465 0.2264462809090909 0.07355104368932039 0.22727272727272727 0.3045013236245955
0 0.26776859545454545 0.06472491909385113 0.26942148727272724 0.2338923220064725 0.2793388427272727 0.23242130097087377 0.2818181818181818 0.2677258009708738 0.3090909090909091 0.2691968220064725 0.30082644636363637 0.06325389805825243 0.26776859545454545 0.06472491909385113
0 0.30330578545454545 0.06766696116504854 0.31404958636363633 0.2721388640776699 0.3322314045454545 0.2721388640776699 0.3297520663636364 0.2338923220064725 0.3495867772727273 0.24566048867313917 0.34710743818181816 0.06619594012944983 0.30330578545454545 0.06766696116504854
0 0.3446280990909091 0.06325389805825243 0.35454545454545455 0.23242130097087377 0.36446280999999997 0.22800823786407765 0.36528925636363635 0.261841718446602 0.3942148763636364 0.26331273948220063 0.39256198363636363 0.06031185598705502 0.3446280990909091 0.06325389805825243
0 0.3942148763636364 0.06472491909385113 0.39669421454545456 0.2677258009708738 0.41900826454545453 0.26331273948220063 0.41652892545454545 0.22359517475728155 0.4297520663636364 0.21771109223300972 0.4239669418181818 0.06178287702265372 0.3942148763636364 0.06472491909385113
0 0.42892562 0.05884083495145631 0.43553719 0.21624007119741098 0.4446280990909091 0.21918211165048543 0.44710743818181814 0.26331273948220063 0.4719008263636364 0.25154457119741097 0.46446281 0.05589879449838187 0.42892562 0.05884083495145631
0 0.4636363636363636 0.05589879449838187 0.4719008263636364 0.25448661326860844 0.4966942145454546 0.25448661326860844 0.4983471072727273 0.2132980291262136 0.5140495863636364 0.21035598705501618 0.50661157 0.05736981391585761 0.4636363636363636 0.05589879449838187