0 0.40113112672811063 0.22195985844155844 0.4000837868663594 0.29988193636363636 0.421030581797235 0.37190082597402596 0.47235023041474655 0.37190082597402596 0.44616673617511515 0.21959858311688313 0.40113112672811063 0.22195985844155844
0 0.356095517281106 0.314049587012987 0.37704231221198153 0.36599763896103893 0.421030581797235 0.37190082597402596 0.4000837868663594 0.30106257402597403 0.4021784665898618 0.22432113376623375 0.3665689147465438 0.22904368311688314 0.356095517281106 0.314049587012987
0 0.36342689516129034 0.310507674025974 0.36342689516129034 0.22786304545454544 0.32991202304147466 0.23140495844155842 0.31943862557603686 0.31286894935064935 0.339338081797235 0.3683589142857143 0.3759949723502304 0.36481700129870126 0.36342689516129034 0.310507674025974
0 0.31734394585253456 0.30696576103896106 0.32781734447004607 0.23022432077922078 0.28173439516129034 0.23730814675324674 0.2827817338709677 0.3116883116883117 0.3005865103686636 0.37662337662337664 0.3414327603686636 0.37308146363636363 0.31734394585253456 0.30696576103896106
0 0.2785923755760369 0.30814639870129873 0.2859237534562212 0.2349468714285714 0.2450775034562212 0.24085005844155843 0.23984080414746542 0.3164108623376623 0.25869292050691245 0.38016528961038965 0.30477586981566823 0.37662337662337664 0.2785923755760369 0.30814639870129873
0 0.24193548387096775 0.3152302246753247 0.25031420161290324 0.24085005844155843 0.20423125230414746 0.2384887844155844 0.20318391244239634 0.3246753246753247 0.2157519896313364 0.3789846519480519 0.25869292050691245 0.37780401428571425 0.24193548387096775 0.3152302246753247
0 0.20213657258064516 0.30932703636363634 0.2063259320276498 0.23966942207792208 0.1623376624423963 0.24321133376623377 0.1623376624423963 0.32585596233766234 0.1728110599078341 0.37780401428571425 0.21784666935483873 0.38016528961038965 0.20213657258064516 0.30932703636363634
0 0.1633850023041475 0.31995277402597405 0.1707163801843318 0.24203069610389613 0.1235860910138249 0.24203069610389613 0.12149141129032258 0.323494687012987 0.136154168202765 0.37544273896103897 0.17176372004608295 0.37544273896103897 0.1633850023041475 0.31995277402597405
0 0.1256807707373272 0.32231404935064933 0.12463343087557605 0.2455726090909091 0.09426057834101381 0.24439197142857141 0.09530791820276498 0.2798110974025974 0.08378718087557603 0.2809917350649351 0.08692919930875576 0.30696576103896106 0.06179304608294931 0.30696576103896106 0.06284038594470046 0.34002361298701295 0.08692919930875576 0.33884297532467533 0.09740259792626729 0.37190082597402596 0.1298701301843318 0.37662337662337664 0.1256807707373272 0.32231404935064933
0 0.4084625057603687 0.4049586779220779 0.40741516589861754 0.47107438051948053 0.41788856336405533 0.5489964584415584 0.4587348133640553 0.5289256194805194 0.45978215322580646 0.4061393155844156 0.4084625057603687 0.4049586779220779
0 0.37075827419354834 0.47815820519480523 0.37180561405529955 0.5489964584415584 0.41788856336405533 0.5478158207792208 0.40427314631336403 0.4687131051948052 0.40741516589861754 0.41086186493506494 0.3728529539170507 0.4132231402597403 0.37075827419354834 0.47815820519480523
0 0.326770004608295 0.47107438051948053 0.3435274400921659 0.5478158207792208 0.37494763248847923 0.5454545454545454 0.36761625460829495 0.4746162922077922 0.36971093433179725 0.4167650532467532 0.32991202304147466 0.4155844155844156 0.326770004608295 0.47107438051948053
0 0.2869710933179724 0.4675324675324675 0.2932551324884793 0.5454545454545454 0.34666945967741936 0.5489964584415584 0.32048596543778807 0.4663518298701299 0.33095936290322575 0.4167650532467532 0.28487641359447 0.41440377792207794 0.2869710933179724 0.4675324675324675
0 0.25031420161290324 0.4746162922077922 0.26497695852534564 0.5466351831168831 0.2932551324884793 0.5489964584415584 0.28487641359447 0.41440377792207794 0.255550900921659 0.41440377792207794 0.25031420161290324 0.4746162922077922
0 0.2073732718894009 0.4639905545454545 0.2126099711981567 0.5513577337662338 0.26078759907834104 0.5537190077922077 0.2482195218894009 0.4722550181818182 0.2628822788018433 0.42030696623376623 0.2136573099078341 0.4155844155844156 0.2073732718894009 0.4639905545454545
0 0.16757436059907835 0.4722550181818182 0.18537913709677417 0.5537190077922077 0.2209886889400922 0.5560802831168832 0.2063259320276498 0.4687131051948052 0.2209886889400922 0.4167650532467532 0.17385839976958525 0.4191263285714286 0.16757436059907835 0.4722550181818182
0 0.1277754504608295 0.4722550181818182 0.1319648099078341 0.5466351831168831 0.1811897776497696 0.5478158207792208 0.16547968202764976 0.4746162922077922 0.1770004193548387 0.42030696623376623 0.13510682834101384 0.4191263285714286 0.1277754504608295 0.4722550181818182
0 0.09635525806451613 0.44982290389610385 0.07959782142857143 0.45218417922077925 0.07331378341013825 0.4805194805194805 0.09321323847926268 0.48878394285714283 0.08902387903225807 0.5135773311688312 0.10368663594470046 0.5194805194805194 0.10682865552995391 0.5572609207792208 0.1330121486175115 0.5537190077922077 0.1256807707373272 0.4817001181818182 0.136154168202765 0.4167650532467532 0.09321323847926268 0.4167650532467532 0.09635525806451613 0.44982290389610385
0 0.5079597822580645 0.24321133376623377 0.5121491417050691 0.3364817 0.5268118974654378 0.3707201883116883 0.5739421866359448 0.36481700129870126 0.5456640138248848 0.30106257402597403 0.5582320910138249 0.25265643506493507 0.5550900714285714 0.20897284545454545 0.5184331797235023 0.21133412077922079 0.5079597822580645 0.24321133376623377
0 0.5980310011520737 0.21251475844155843 0.5529953917050692 0.21841794545454543 0.5488060322580645 0.30106257402597403 0.5728948467741936 0.36363636363636365 0.6043150403225805 0.35891381298701297 0.5875576036866359 0.2927981103896104 0.5980310011520737 0.21251475844155843
0 0.5886049435483871 0.29397874805194807 0.6095517384792627 0.3683589142857143 0.6514453283410139 0.36009445064935064 0.6263091751152073 0.2904368363636363 0.6378299124423963 0.2136953961038961 0.5990783410138248 0.21251475844155843 0.5886049435483871 0.29397874805194807
0 0.6367825725806451 0.20661157012987014 0.6294511935483872 0.29161747402597404 0.6514453283410139 0.36717827662337665 0.6943862592165898 0.36599763896103893 0.6723921244239631 0.28807556103896104 0.6797235023041475 0.21015348311688312 0.6367825725806451 0.20661157012987014
0 0.6786761624423964 0.20306965714285716 0.6734394642857142 0.2927981103896104 0.6933389193548387 0.36363636363636365 0.7320904896313365 0.36363636363636365 0.7090490149769586 0.29161747402597404 0.7184750737327188 0.2077922077922078 0.6786761624423964 0.20306965714285716
0 0.7184750737327188 0.2042502948051948 0.70695433640553 0.28689492337662337 0.7331378294930876 0.3742621012987013 0.7729367407834101 0.36599763896103893 0.7467532465437788 0.28807556103896104 0.7603686635944701 0.20306965714285716 0.7184750737327188 0.2042502948051948
0 0.8033095933179724 0.20306965714285716 0.7582739838709678 0.20543093246753247 0.7478005864055299 0.28335301038961036 0.7750314205069124 0.37308146363636363 0.8106409723502304 0.36127508831168836 0.7855048179723502 0.2845336480519481 0.8033095933179724 0.20306965714285716
0 0.8368244654377881 0.19716647012987015 0.7991202350230414 0.19716647012987015 0.783410138248848 0.2857142857142857 0.8158776705069125 0.36363636363636365 0.8556765817972349 0.36599763896103893 0.8221617096774193 0.2774498233766234 0.8368244654377881 0.19716647012987015
0 0.824256388248848 0.2798110974025974 0.8493925426267281 0.33412042467532466 0.896522831797235 0.332939787012987 0.8923334735023041 0.28807556103896104 0.9101382488479263 0.29397874805194807 0.9090909089861752 0.2514757974025974 0.908043569124424 0.25265643506493507 0.8818600748847927 0.2514757974025974 0.8682446589861751 0.2018890194805195 0.8420611647465438 0.20070838311688313 0.824256388248848 0.2798110974025974
0 0.5058651025345622 0.4451003545454546 0.5048177626728111 0.4769775675324675 0.523669879032258 0.47933884285714284 0.5341432764976959 0.5088547818181818 0.5425219942396313 0.5454545454545454 0.5666108087557603 0.5430932701298702 0.5634687891705069 0.46517119220779224 0.5739421866359448 0.40377804025974023 0.5299539170506913 0.4061393155844156 0.5247172177419355 0.4439197168831169 0.5058651025345622 0.4451003545454546
0 0.616883116359447 0.40377804025974023 0.5697528283410138 0.4025974025974026 0.5655634688940092 0.4604486428571429 0.5687054884792627 0.5442739077922079 0.6053623790322581 0.5407319948051947 0.6053623790322581 0.4557260922077922 0.616883116359447 0.40377804025974023
0 0.6556346877880185 0.40141676493506495 0.6147884377880184 0.4025974025974026 0.6053623790322581 0.4746162922077922 0.6126937580645161 0.5360094454545455 0.6524926682027651 0.5383707207792208 0.6451612903225806 0.4533648168831169 0.6556346877880185 0.40141676493506495
0 0.6451612903225806 0.4557260922077922 0.6577293675115208 0.5360094454545455 0.6964809389400921 0.5371900831168831 0.6849602016129032 0.45808736753246754 0.6933389193548387 0.41204250259740255 0.6566820276497696 0.40731995324675324 0.6451612903225806 0.4557260922077922
0 0.6818181820276498 0.46162927922077923 0.7027649769585254 0.5360094454545455 0.7299958110599077 0.5383707207792208 0.7205697523041475 0.45218417922077925 0.7341851693548388 0.40377804025974023 0.699622957373272 0.40141676493506495 0.6818181820276498 0.46162927922077923
0 0.723711771889401 0.45690672987012987 0.7331378294930876 0.5348288077922078 0.7802681186635945 0.5371900831168831 0.7635106831797235 0.4510035415584415 0.7708420610599078 0.40377804025974023 0.7404692085253456 0.4002361272727273 0.723711771889401 0.45690672987012987
0 0.7603686635944701 0.46162927922077923 0.7813154585253457 0.5348288077922078 0.8158776705069125 0.5360094454545455 0.8022622534562213 0.45218417922077925 0.820067029953917 0.4002361272727273 0.7781734389400923 0.3955135779220779 0.7603686635944701 0.46162927922077923
0 0.8713866774193549 0.45690672987012987 0.8755760368663594 0.43801652857142853 0.891286133640553 0.43801652857142853 0.8933808122119816 0.38842975194805196 0.8148303306451613 0.39079102727272724 0.7991202350230414 0.45454545454545453 0.8158776705069125 0.5277449818181817 0.8462505241935483 0.5336481701298701 0.8556765817972349 0.46280991688311685 0.8713866774193549 0.45690672987012987
0 0.5299539170506913 0.6906729636363637 0.5247172177419355 0.7201889025974025 0.5142438202764977 0.7237308142857143 0.5121491417050691 0.760330577922078 0.5310012569124424 0.7591499415584415 0.535190616359447 0.7886658792207792 0.5802262258064517 0.7886658792207792 0.5676581486175115 0.7390791025974026 0.5749895264976959 0.6528925623376624 0.5446166739631336 0.6517119246753247 0.5446166739631336 0.689492325974026 0.5299539170506913 0.6906729636363637
0 0.6085043986175116 0.7426210155844155 0.6231671555299539 0.656434474025974 0.5791788859447005 0.650531287012987 0.5687054884792627 0.737898464935065 0.5844155841013825 0.7945690675324675 0.6179304562211982 0.7910271545454546 0.6085043986175116 0.7426210155844155
0 0.6608713870967742 0.6528925623376624 0.6200251359447004 0.6528925623376624 0.6105990783410138 0.7390791025974026 0.6200251359447004 0.7933884298701298 0.6608713870967742 0.7910271545454546 0.6503979896313363 0.734356551948052 0.6608713870967742 0.6528925623376624
0 0.6493506497695852 0.737898464935065 0.6661080852534562 0.7933884298701298 0.70695433640553 0.7945690675324675 0.6849602016129032 0.7402597402597403 0.699622957373272 0.6576151116883117 0.659824047235023 0.656434474025974 0.6493506497695852 0.737898464935065
0 0.699622957373272 0.656434474025974 0.688102220046083 0.7449822909090908 0.7111436947004609 0.7981109805194805 0.7467532465437788 0.7933884298701298 0.7331378294930876 0.737898464935065 0.7373271889400922 0.659976387012987 0.699622957373272 0.656434474025974
0 0.7886468375576037 0.6540732 0.736279849078341 0.6540732 0.7331378294930876 0.737898464935065 0.7457059066820277 0.7957497051948051 0.7875994976958525 0.7922077922077922 0.7687473813364055 0.734356551948052 0.7886468375576037 0.6540732
0 0.8190196900921659 0.6552538376623377 0.7896941762672811 0.6540732 0.771889400921659 0.741440377922078 0.7896941762672811 0.7969303428571428 0.8263510679723503 0.7945690675324675 0.8106409723502304 0.734356551948052 0.8190196900921659 0.6552538376623377
0 0.8954754919354839 0.7426210155844155 0.8787180564516128 0.737898464935065 0.8766233767281106 0.7083825259740261 0.9007121912442396 0.7048406142857142 0.8944281520737327 0.676505312987013 0.8567239216589861 0.6753246753246753 0.8525345622119815 0.656434474025974 0.8232090495391704 0.6540732 0.8116883122119815 0.7296340025974025 0.8389191451612903 0.7851239675324675 0.8975701716589862 0.7768595038961039 0.8954754919354839 0.7426210155844155
0 0.6462086301843318 0.8878394337662338 0.6514453283410139 0.8288075558441559 0.6074570587557604 0.8323494688311688 0.5980310011520737 0.8890200714285713 0.6105990783410138 0.9634002363636364 0.6587767073732719 0.9657615116883116 0.6462086301843318 0.8878394337662338
0 0.6430666105990783 0.8913813454545455 0.6608713870967742 0.9634002363636364 0.688102220046083 0.9598583233766234 0.6807708421658986 0.8937426207792208 0.6901968997695853 0.8335301064935065 0.648303309907834 0.8299881935064936 0.6430666105990783 0.8913813454545455
0 0.6860075403225807 0.8299881935064936 0.6797235023041475 0.8902007077922078 0.695433599078341 0.961038961038961 0.7415165483870967 0.9657615116883116 0.7184750737327188 0.8925619831168832 0.7258064516129032 0.8335301064935065 0.6860075403225807 0.8299881935064936
0 0.731043150921659 0.8229043688311688 0.7216170921658986 0.8902007077922078 0.7394218686635945 0.9622195987012987 0.7760787603686635 0.9622195987012987 0.7624633433179723 0.8890200714285713 0.7697947211981567 0.8276269181818182 0.731043150921659 0.8229043688311688
0 0.7645580230414746 0.8925619831168832 0.7771261002304147 0.9586776857142857 0.8179723502304147 0.9574970480519481 0.8001675748847926 0.8854781584415584 0.8033095933179724 0.8299881935064936 0.7677000414746544 0.8288075558441559 0.7645580230414746 0.8925619831168832
0 0.8116883122119815 0.8217237311688311 0.8012149135944701 0.8842975207792207 0.8095936324884793 0.9657615116883116 0.8514872223502304 0.964580874025974 0.8410138248847926 0.8878394337662338 0.8546292419354838 0.8264462805194805 0.8116883122119815 0.8217237311688311
0 0.8472978629032258 0.8252656428571429 0.848345202764977 0.9634002363636364 0.883954754608295 0.9598583233766234 0.8944281520737327 0.9268004727272726 0.8986175115207373 0.8949232584415584 0.9206116463133641 0.8972845337662337 0.9268956854838709 0.8665879571428572 0.8944281520737327 0.8642266818181819 0.8881441140552995 0.8288075558441559 0.8472978629032258 0.8252656428571429
0 0.3864683698156682 0.7957497051948051 0.4713028905529954 0.7957497051948051 0.4639715126728111 0.656434474025974 0.3759949723502304 0.6576151116883117 0.3864683698156682 0.7957497051948051
0 0.3864683698156682 0.8028335298701299 0.38123167165898614 0.6481700116883117 0.3016338502304147 0.6576151116883117 0.3037285299539171 0.8040141675324676 0.3864683698156682 0.8028335298701299
0 0.30477586981566823 0.8051948051948052 0.30477586981566823 0.6552538376623377 0.2209886889400922 0.6552538376623377 0.2209886889400922 0.8099173558441558 0.30477586981566823 0.8051948051948052
0 0.2209886889400922 0.8063754428571428 0.2220360288018433 0.6552538376623377 0.14453288594470046 0.6576151116883117 0.14139086751152075 0.8146399051948052 0.2209886889400922 0.8063754428571428
0 0.019899455069124425 0.8205430935064935 0.13510682834101384 0.8158205428571429 0.14034352764976957 0.656434474025974 0.0659824043778802 0.659976387012987 0.02304147465437788 0.698937425974026 0.019899455069124425 0.8205430935064935