0 0.07330006222707425 0.38072776257861635 0.0982532751091703 0.3739892185534591 0.09123518449781659 0.3268194072327044 0.1037117903930131 0.3234501352201258 0.07407985043668122 0.21226415094339623 0.03976918231441048 0.2358490566037736 0.07330006222707425 0.38072776257861635
0 0.07407985043668122 0.21001797012578616 0.10137242685589519 0.3133423176100629 0.11306924563318776 0.31895777201257863 0.1193075480349345 0.34703504088050313 0.14036182205240175 0.33917340566037735 0.133343730349345 0.2964959575471698 0.10605115393013101 0.19654088050314467 0.07407985043668122 0.21001797012578616
0 0.10683094213973798 0.1942946996855346 0.14036182205240175 0.34029649528301886 0.16141609497816595 0.33355795125786164 0.15049906441048036 0.2942497751572327 0.16609482205240172 0.2830188679245283 0.13958203384279474 0.17857142924528302 0.10683094213973798 0.1942946996855346
0 0.14036182205240175 0.17520215566037736 0.16609482205240172 0.2785265047169811 0.17779164082969434 0.27628032389937107 0.18870867139737993 0.30660377358490565 0.2043044290393013 0.3021114103773585 0.17233312554585153 0.16060197641509436 0.14036182205240175 0.17520215566037736
0 0.1731129137554585 0.16060197641509436 0.2050842172489083 0.30660377358490565 0.2214597631004367 0.30098831918238994 0.21366188427947597 0.25943396226415094 0.2308172172489083 0.25381850786163523 0.2004054901746725 0.14375561477987422 0.1731129137554585 0.16060197641509436
0 0.2043044290393013 0.14150943396226415 0.22613849017467247 0.24707996383647798 0.239394884279476 0.24258760062893084 0.2503119148471616 0.2751572327044025 0.26746724890829693 0.2684186886792453 0.2362757325327511 0.12690925471698114 0.2043044290393013 0.14150943396226415
0 0.23783530895196509 0.12466307232704402 0.27214597598253276 0.274034141509434 0.2900810982532751 0.2695417783018868 0.28150343122270743 0.2279874213836478 0.29553961353711794 0.21563342295597482 0.26746724890829693 0.11118598427672956 0.23783530895196509 0.12466307232704402
0 0.26902682423580787 0.11230907389937107 0.29398003711790394 0.21563342295597482 0.3056768558951965 0.21226415094339623 0.3134747347161572 0.24595687264150945 0.3345290076419214 0.23247978459119498 0.2963194006550218 0.09995507704402516 0.26902682423580787 0.11230907389937107
0 0.2994385524017467 0.09321653144654088 0.3345290076419214 0.23472596540880505 0.34700561462882096 0.22686433018867927 0.3368683722707424 0.19317160849056603 0.35636306877729257 0.18755615408805032 0.33063006877729256 0.07861635220125786 0.2994385524017467 0.09321653144654088
0 0.3329694323144105 0.07861635220125786 0.36572052401746724 0.23697214779874212 0.4054897063318777 0.2223719669811321 0.36182158406113535 0.06289308176100629 0.3329694323144105 0.07861635220125786
0 0.36416094868995635 0.06289308176100629 0.4000311910480349 0.19878706132075472 0.4171865251091703 0.18980233647798742 0.4148471615720524 0.1594788852201258 0.4218652521834061 0.1538634323899371 0.39535246397379914 0.04716981132075472 0.36416094868995635 0.06289308176100629
0 0.39691204039301314 0.04267744811320755 0.4210854650655022 0.15161725 0.43122270742358076 0.14712488836477985 0.44369931331877727 0.18081761006289307 0.46553337445414844 0.16734052044025158 0.4351216473799127 0.02358490566037736 0.39691204039301314 0.04267744811320755
0 0.532595134279476 0.17857142924528302 0.5388334377729258 0.1448787059748428 0.5489706801310044 0.14712488836477985 0.5778228318777292 0.048292902515723275 0.5450717401746725 0.026954177672955975 0.50764192139738 0.16621743081761006 0.532595134279476 0.17857142924528302
0 0.5770430447598253 0.04716981132075472 0.5520898318777293 0.15274034119496857 0.5645664377729258 0.15835579559748428 0.559107922489083 0.19654088050314467 0.5747036801310044 0.2111410597484277 0.611353711790393 0.0662623537735849 0.5770430447598253 0.04716981132075472
0 0.611353711790393 0.06289308176100629 0.5762632565502183 0.1976639716981132 0.5949781659388647 0.21226415094339623 0.6004366812227074 0.19092542610062893 0.6152526517467248 0.19092542610062893 0.6425452281659388 0.08423180660377359 0.611353711790393 0.06289308176100629
0 0.6417654399563318 0.08198562421383648 0.6144728635371178 0.18867924528301888 0.6277292576419214 0.19317160849056603 0.6207111670305676 0.22574124056603773 0.6433250152838428 0.23247978459119498 0.6721771681222708 0.0988319858490566 0.6417654399563318 0.08198562421383648
0 0.6745165316593886 0.09546271383647799 0.638646288209607 0.2358490566037736 0.6604803493449781 0.24820305503144655 0.6651590764192139 0.22012578616352202 0.6791952587336245 0.22124887735849055 0.7049282598253275 0.11343216509433963 0.6745165316593886 0.09546271383647799
0 0.7080474115720523 0.11343216509433963 0.6752963198689956 0.21900269496855349 0.690892077510917 0.23023360220125788 0.6776356834061136 0.25718778144654086 0.7018091080786025 0.2706648694968553 0.7392389268558952 0.13027852672955975 0.7080474115720523 0.11343216509433963
0 0.7376793515283843 0.13140161792452829 0.6994697445414847 0.26504941666666665 0.7174048657205241 0.274034141509434 0.7236431692139738 0.24707996383647798 0.741578290393013 0.25494159905660374 0.769650655021834 0.14824797798742137 0.7376793515283843 0.13140161792452829
0 0.771210230349345 0.14600179716981132 0.74235807860262 0.25269541823899366 0.7532751091703057 0.26392632547169814 0.7517155338427948 0.28638813993710693 0.7634123515283843 0.2998652295597484 0.8024017467248908 0.16621743081761006 0.771210230349345 0.14600179716981132
0 0.8024017467248908 0.1617250676100629 0.7641921397379913 0.29874213836477986 0.7852464126637554 0.3155885 0.7922645043668123 0.2830188679245283 0.8055208984716157 0.2942497751572327 0.8343730502183406 0.17744833805031446 0.8024017467248908 0.1617250676100629
0 0.8359326266375546 0.18081761006289307 0.8047411102620088 0.28638813993710693 0.8187772925764192 0.2964959575471698 0.8148783526200873 0.3245732248427673 0.82657517139738 0.34029649528301886 0.8655645665938864 0.1976639716981132 0.8359326266375546 0.18081761006289307
0 0.8640049901746725 0.19317160849056603 0.8273549596069868 0.34478885849056606 0.8601060513100436 0.36612758333333334 0.8959762947598253 0.2111410597484277 0.8640049901746725 0.19317160849056603
0 0.8975358700873363 0.20889487893081762 0.8694635054585154 0.3245732248427673 0.8811603242358079 0.330188679245283 0.8733624454148472 0.3593890393081761 0.8928571430131004 0.3672506745283019 0.9326263253275109 0.23247978459119498 0.8975358700873363 0.20889487893081762
0 0.9287273864628821 0.23135669339622641 0.8897379912663755 0.3694968553459119 0.9139114159388647 0.37848158176100627 0.9193699312227075 0.3593890393081761 0.9373050534934497 0.371743036163522 0.9669369934497817 0.25718778144654086 0.9287273864628821 0.23135669339622641
0 0.14036182205240175 0.47955974842767296 0.12632563973799127 0.4492362987421384 0.0990330633187773 0.46271338679245283 0.12788521506550218 0.6345462720125786 0.1894884596069869 0.6019766399371069 0.16141609497816595 0.4739442940251572 0.14036182205240175 0.47955974842767296
0 0.15517779148471614 0.46945193238993715 0.19104803493449782 0.6019766399371069 0.2105427325327511 0.5862533694968554 0.21132252074235808 0.5592991918238994 0.22769806659388644 0.550314465408805 0.21912039956331877 0.5143755613207547 0.22457891484716155 0.5076370172955975 0.21522145960698688 0.4705750220125786 0.1933873984716157 0.4121743034591195 0.16999376200873362 0.42789757389937105 0.18013100436681223 0.4537286619496856 0.15517779148471614 0.46945193238993715
0 0.21366188427947597 0.38522012578616355 0.25187149126637554 0.5716531902515724 0.3064566441048035 0.5334681037735849 0.26668746069869 0.36163522012578614 0.21366188427947597 0.38522012578616355
0 0.34856518995633184 0.45035938836477984 0.3126949465065502 0.35040431289308177 0.2830630065502183 0.3694968553459119 0.2893013100436681 0.3975741242138365 0.27526512772925765 0.4121743034591195 0.3056768558951965 0.5233602877358491 0.34466625109170307 0.49191374685534595 0.3392077358078603 0.45709793396226417 0.34856518995633184 0.45035938836477984
0 0.37117903930131 0.35826594811320756 0.36338116048034935 0.32008086320754714 0.3329694323144105 0.34478885849056606 0.37429819104803497 0.48966756446540877 0.4203056768558952 0.4537286619496856 0.3914535251091703 0.3492812216981132 0.37117903930131 0.35826594811320756
0 0.46241422379912667 0.3897124889937107 0.43200249563318777 0.2953728663522013 0.4015907674672489 0.3099730455974843 0.4047099192139738 0.3380503144654088 0.39379288864628825 0.3492812216981132 0.4234248286026201 0.45485175157232705 0.4569557085152839 0.4290206650943396 0.453836556768559 0.39532794182389935 0.46241422379912667 0.3897124889937107
0 0.5458515283842795 0.330188679245283 0.5528696189956331 0.2897574119496856 0.5279164072052402 0.2796495959119497 0.46787273908296945 0.45260557075471697 0.531035557860262 0.47731356761006294 0.5637866495633188 0.34591194968553457 0.5458515283842795 0.330188679245283
0 0.5996568930131004 0.4391284811320754 0.6051154082969432 0.39869721540880504 0.6183718024017467 0.3414195864779874 0.5731441048034934 0.3245732248427673 0.5380536495633188 0.45709793396226417 0.5793824082969432 0.46945193238993715 0.5895196506550219 0.44025157232704404 0.5996568930131004 0.4391284811320754
0 0.6597005611353711 0.39195866981132077 0.6698378045851529 0.3650044921383648 0.6417654399563318 0.35152740408805033 0.6230505305676856 0.4121743034591195 0.609014348253275 0.4492362987421384 0.6129132871179039 0.4885444748427673 0.6495633187772926 0.5166217437106918 0.6784154705240175 0.4088050314465409 0.6597005611353711 0.39195866981132077
0 0.7174048657205241 0.49415992767295597 0.7220835927947599 0.46271338679245283 0.7345601997816593 0.4009433962264151 0.7002495316593886 0.384097034591195 0.6947910163755459 0.4121743034591195 0.6799750469432314 0.4043126682389937 0.6480037434497816 0.521114105345912 0.6955708045851529 0.5300988317610063 0.7057080469432315 0.5008984732704402 0.7174048657205241 0.49415992767295597
0 0.7758889585152838 0.45035938836477984 0.7805676855895196 0.42340521069182385 0.7540548973799127 0.4110512122641509 0.7150655021834061 0.5536837374213837 0.7618527762008733 0.5817610062893082 0.7946038679039301 0.46271338679245283 0.7758889585152838 0.45035938836477984
0 0.8203368679039301 0.562668463836478 0.8335932631004367 0.5660377358490566 0.8367124137554586 0.5289757405660377 0.851528384279476 0.4705750220125786 0.8063006866812227 0.42789757389937105 0.7634123515283843 0.5817610062893082 0.8070804737991266 0.5952380959119498 0.8203368679039301 0.562668463836478
0 0.27214597598253276 0.6929469905660378 0.2877417347161572 0.6783468097484276 0.2612289454148472 0.5727762798742139 0.16843418558951967 0.6143306383647799 0.18013100436681223 0.6761006289308176 0.2019650655021834 0.6615004496855346 0.23549594541484714 0.7502246179245283 0.27526512772925765 0.7255166210691824 0.27214597598253276 0.6929469905660378
0 0.3423268875545852 0.6626235393081761 0.35714285698689957 0.6615004496855346 0.32751091703056767 0.5345911949685535 0.2737055524017467 0.5705300990566038 0.3134747347161572 0.7322551666666667 0.35012476637554585 0.7053009889937107 0.3423268875545852 0.6626235393081761
0 0.4000311910480349 0.6064690031446541 0.4047099192139738 0.6030997311320755 0.3922333122270742 0.5581761006289309 0.38053649454148475 0.5604222814465408 0.36650031222707424 0.5132524701257861 0.3282907052401747 0.5300988317610063 0.3587024334061136 0.6570080864779875 0.37819712991266374 0.6525157232704403 0.3844354334061135 0.687331536163522 0.4148471615720524 0.6738544481132076 0.4000311910480349 0.6064690031446541
0 0.47489082969432317 0.6075920927672955 0.4717716779475982 0.48292902044025154 0.4148471615720524 0.49977538207547173 0.4218652521834061 0.6704851745283018 0.4553961320960699 0.6570080864779875 0.453836556768559 0.6075920927672955 0.47489082969432317 0.6075920927672955
0 0.5224578919213974 0.5694070078616352 0.5279164072052402 0.5660377358490566 0.5279164072052402 0.5323450141509435 0.5185589519650655 0.5300988317610063 0.5154398002183406 0.49191374685534595 0.46943231441048033 0.48966756446540877 0.4725514661572052 0.6075920927672955 0.49594510262008734 0.6064690031446541 0.49438552729257645 0.6637466305031446 0.5247972554585153 0.660377358490566 0.5224578919213974 0.5694070078616352
0 0.5895196506550219 0.6536388144654088 0.6214909541484716 0.535714286163522 0.5692451648471616 0.5053908349056604 0.5263568307860262 0.6761006289308176 0.5614472860262009 0.6817160833333333 0.5715845294759825 0.6435309968553459 0.5895196506550219 0.6536388144654088
0 0.6480037434497816 0.6401617248427672 0.6526824705240174 0.6435309968553459 0.6589207740174672 0.604222820754717 0.6534622587336244 0.6008535487421384 0.663599501091703 0.5705300990566038 0.6246101058951966 0.5435759213836479 0.5934185906113537 0.6491464512578616 0.6136930753275109 0.660377358490566 0.5996568930131004 0.7053009889937107 0.6300686211790394 0.7210242594339623 0.6480037434497816 0.6401617248427672
0 0.7064878351528385 0.7097933506289308 0.7400187150655021 0.589622641509434 0.6854335622270742 0.5581761006289309 0.6425452281659388 0.7300089842767296 0.6830941986899564 0.7378706194968553 0.691671865720524 0.701931715408805 0.7064878351528385 0.7097933506289308
0 0.7641921397379913 0.7075471698113207 0.7727698067685589 0.7075471698113207 0.7782283220524017 0.687331536163522 0.8008421713973799 0.701931715408805 0.8195570807860262 0.6255615455974843 0.74235807860262 0.5851302783018868 0.7080474115720523 0.7109164418238993 0.7291016844978165 0.7210242594339623 0.7166250775109171 0.7569631619496855 0.7446974421397381 0.7760557059748429 0.7641921397379913 0.7075471698113207
0 0.36728009934497813 0.8221024261006289 0.35012476637554585 0.8322102421383648 0.3399875229257642 0.8041329732704402 0.3048970676855895 0.8221024261006289 0.3173736746724891 0.8524258757861636 0.3548034934497817 0.9681042232704403 0.39769182751091703 0.94901168081761 0.36728009934497813 0.8221024261006289
0 0.4382407980349345 0.8793800534591195 0.4281035556768559 0.8322102421383648 0.4210854650655022 0.8355795141509434 0.4039301310043668 0.7726864323899371 0.37663755458515286 0.7839173411949686 0.38599500982532753 0.8209793349056604 0.36650031222707424 0.8344564245283019 0.39925140393013103 0.946765498427673 0.4335620709606987 0.9186882295597484 0.42732376746724887 0.8816262358490566 0.4382407980349345 0.8793800534591195
0 0.49594510262008734 0.7794249779874214 0.4928259508733624 0.7457322547169811 0.46553337445414844 0.7491015267295598 0.46163443558951966 0.8479335125786164 0.44525888973799127 0.851302784591195 0.44681846506550216 0.8928571430817609 0.46475358733624456 0.890610960691824 0.46709295087336244 0.924303683962264 0.4546163438864629 0.9265498647798742 0.453836556768559 0.9445193176100629 0.46709295087336244 0.9456424072327044 0.47489082969432317 0.9804582216981131 0.49516531550218346 0.9692273128930818 0.4936057390829694 0.9546271336477988 0.5123206484716157 0.9557502248427672 0.5162195884279476 0.78279425 0.49594510262008734 0.7794249779874214
0 0.5162195884279476 0.8086253364779874 0.5092014967248908 0.9725965864779874 0.5224578919213974 0.9725965864779874 0.5466313165938865 0.9557502248427672 0.5466313165938865 0.9310422279874214 0.5567685589519651 0.9310422279874214 0.5559887707423581 0.8962264150943396 0.5848409235807861 0.9029649591194968 0.5848409235807861 0.8456873317610062 0.5653462259825327 0.8434411493710693 0.5676855895196506 0.7906558852201258 0.5372738613537118 0.7816711588050315 0.533374922489083 0.809748427672956 0.5169993766375546 0.8086253364779874 0.5162195884279476 0.8086253364779874