0 0.7165375608899298 0.8095750402097902 0.7264456850117097 0.8438676713286714 0.7606737529274004 0.8324367937062936 0.7656278149882904 0.8082302307692307 0.8070617903981264 0.8089026363636365 0.7976040351288056 0.7208176433566433 0.6683480456674473 0.7302313076923077 0.6683480456674473 0.8176438951048951 0.7165375608899298 0.8095750402097902
0 0.804359574941452 0.7221624527972028 0.8052603138173302 0.6582840244755245 0.6701495222482435 0.6717321136363636 0.6683480456674473 0.7275416888111887 0.804359574941452 0.7221624527972028
0 0.8084128981264638 0.662318451048951 0.8021077283372365 0.6024744493006993 0.6647450913348947 0.6145777307692307 0.6651954601873535 0.6724045192307693 0.8084128981264638 0.662318451048951
0 0.8070617903981264 0.6004572342657343 0.8021077283372365 0.5318719737762237 0.66204287470726 0.5446476608391608 0.6624932447306792 0.6078536853146853 0.8070617903981264 0.6004572342657343
0 0.799855881733021 0.5365788059440559 0.799855881733021 0.4727003758741259 0.66204287470726 0.4814416346153846 0.6611421370023418 0.5406132325174825 0.799855881733021 0.5365788059440559
0 0.799405512880562 0.4706831625874126 0.8003062505854801 0.40814954195804193 0.6584399203747072 0.4168908006993007 0.66204287470726 0.47337278146853146 0.799405512880562 0.4706831625874126
0 0.799855881733021 0.41083916083916083 0.7985047740046839 0.3435987097902098 0.6611421370023418 0.3483055402097902 0.6642947213114754 0.4115115646853147 0.799855881733021 0.41083916083916083
0 0.7989551428571429 0.34292630419580417 0.7989551428571429 0.2783754702797203 0.6647450913348947 0.287116729020979 0.6656458290398126 0.34561592307692307 0.7989551428571429 0.34292630419580417
0 0.7971536662763465 0.28173749300699297 0.7935507119437939 0.2212210874125874 0.6633939836065573 0.21516944580419578 0.66699693793911 0.28240989860139865 0.7971536662763465 0.28173749300699297
0 0.7935507119437939 0.2171866590909091 0.7926499730679157 0.15801506118881117 0.6665465679156909 0.1559978479020979 0.667447306791569 0.21516944580419578 0.7935507119437939 0.2171866590909091
0 0.799405512880562 0.16003227622377622 0.7940010807962529 0.07329209265734266 0.6476310573770492 0.09279182342657342 0.6530354894613584 0.16810112937062938 0.799405512880562 0.16003227622377622
0 0.8669609074941452 0.764523937062937 0.8719149707259952 0.7988165681818181 0.9025400831381732 0.7907477132867132 0.9083948840749414 0.7598171066433567 0.9606377224824356 0.7672135559440559 0.9606377224824356 0.6851802045454545 0.8219239777517565 0.6878698216783217 0.8210232388758782 0.7719203881118881 0.8669609074941452 0.764523937062937
0 0.8291298864168618 0.6320602482517482 0.8327328407494146 0.6871974178321679 0.9615384613583139 0.6798009685314685 0.9601873536299765 0.6280258199300699 0.8291298864168618 0.6320602482517482
0 0.8210232388758782 0.5641473916083917 0.8277787786885247 0.6340774615384616 0.9615384613583139 0.6145777307692307 0.9579355070257611 0.5587681555944056 0.8210232388758782 0.5641473916083917
0 0.8259773009367682 0.5036309842657343 0.8268780398126464 0.5628025821678321 0.9574851381733022 0.5587681555944056 0.9579355070257611 0.4982517482517482 0.8259773009367682 0.5036309842657343
0 0.8156188079625293 0.4337009143356643 0.8219239777517565 0.5049757937062938 0.9597369847775175 0.496234534965035 0.961988831381733 0.42630446503496505 0.8156188079625293 0.4337009143356643
0 0.8286795175644028 0.373184506993007 0.8255269320843092 0.43168370104895104 0.9534318138173302 0.4337009143356643 0.9579355070257611 0.3664604632867133 0.8286795175644028 0.373184506993007
0 0.8223743466042154 0.3126681013986014 0.8228247166276347 0.3725121031468531 0.9556836604215457 0.3657880576923077 0.9538821838407493 0.30056481993006995 0.8223743466042154 0.3126681013986014
0 0.8138173302107728 0.2454276486013986 0.814718069086651 0.3126681013986014 0.9574851381733022 0.2985476066433566 0.9574851381733022 0.24341043531468534 0.8138173302107728 0.2454276486013986
0 0.8183210234192037 0.1808768146853147 0.8201225000000001 0.25215169405594406 0.9556836604215457 0.24273803146853148 0.9561340304449648 0.18222162412587412 0.8183210234192037 0.1808768146853147
0 0.9007386053864169 0.11430876748251748 0.9029904519906323 0.0685852604895105 0.8124662224824355 0.0746369020979021 0.8219239777517565 0.1869284562937063 0.9543325526932084 0.17818719755244755 0.9547829215456675 0.10623991433566433 0.9007386053864169 0.11430876748251748
0 0.493604756440281 0.8620225926573427 0.52873356206089 0.8606777832167831 0.5318861463700234 0.8357988164335665 0.5827778782201406 0.8364712202797203 0.5881823091334895 0.7631791293706294 0.4494685644028103 0.7631791293706294 0.4490181943793911 0.8431952657342657 0.49090253981264637 0.8364712202797203 0.493604756440281 0.8620225926573427
0 0.45127004098360657 0.6966110804195804 0.45352188758782197 0.759144701048951 0.5832282470725996 0.759144701048951 0.5827778782201406 0.7006455087412587 0.45127004098360657 0.6966110804195804
0 0.4476670866510538 0.6253362027972028 0.4458656100702576 0.6986282954545454 0.585480093676815 0.6979558898601399 0.5836786159250585 0.6307154388111887 0.4476670866510538 0.6253362027972028
0 0.45397225761124127 0.5681818181818182 0.45081967213114754 0.6334050559440559 0.5827778782201406 0.6293706293706294 0.5818771393442622 0.5648197954545455 0.45397225761124127 0.5681818181818182
0 0.4494685644028103 0.5022861748251748 0.4373085925058548 0.5648197954545455 0.5895334168618267 0.5641473916083917 0.5899837868852459 0.5002689615384616 0.4494685644028103 0.5022861748251748
0 0.44001080913348944 0.4424421730769231 0.4476670866510538 0.5029585804195804 0.5764727072599531 0.496234534965035 0.5791749238875878 0.4390801503496503 0.44001080913348944 0.4424421730769231
0 0.44226265573770496 0.4370629370629371 0.5805260316159251 0.43571812762237766 0.5832282470725996 0.37520172202797203 0.44406413231850117 0.3765465297202797 0.44226265573770496 0.4370629370629371
0 0.4476670866510538 0.31401291083916083 0.4463159789227166 0.37452931643356646 0.5796252927400468 0.3711672937062937 0.5827778782201406 0.3106508881118881 0.4476670866510538 0.31401291083916083
0 0.45172041100702576 0.2454276486013986 0.44721671779859484 0.3160301241258741 0.5796252927400468 0.3119956958041958 0.5827778782201406 0.24744486363636364 0.45172041100702576 0.2454276486013986
0 0.4458656100702576 0.18356643356643357 0.4454152400468384 0.2501344807692308 0.5755719695550351 0.24744486363636364 0.5755719695550351 0.18154922027972029 0.4458656100702576 0.18356643356643357
0 0.5300846697892272 0.1129639597902098 0.5314357775175644 0.0901022062937063 0.49090253981264637 0.08741258741258741 0.48910106323185015 0.11161915034965035 0.44181228571428566 0.11027434090909091 0.4476670866510538 0.18356643356643357 0.5764727072599531 0.18558364685314685 0.5755719695550351 0.12708445454545453 0.5300846697892272 0.1129639597902098
0 0.4143397587822014 0.6892146311188811 0.36479913583138174 0.7046799353146853 0.38371464637002345 0.8875739650349651 0.43055305386416864 0.8660570192307693 0.4143397587822014 0.6892146311188811
0 0.38191316861826696 0.8848843461538461 0.366600612412178 0.7013179125874126 0.3247162669789227 0.7161108129370629 0.3395784543325527 0.8916083916083916 0.38191316861826696 0.8848843461538461
0 0.2981444789227166 0.9050564825174826 0.3409295620608899 0.8909359877622378 0.32291479039812643 0.71880043006993 0.28012970608899296 0.7261968793706294 0.2981444789227166 0.9050564825174826
0 0.25986308782201406 0.9037116730769231 0.30129706323185007 0.8990048409090909 0.28012970608899296 0.7255244755244755 0.24410016159250583 0.7315761153846154 0.25986308782201406 0.9037116730769231
0 0.21752837353629975 0.9185045716783218 0.25941271896955503 0.9111081223776225 0.23914609953161595 0.732248520979021 0.1986128629976581 0.7389725664335665 0.21752837353629975 0.9185045716783218