0 0.2651515155210643 0.08391203645833334 0.26792313414634145 0 0.10716925388026607 0.0014467586805555555 0.10624538026607538 0.08535879687499999 0.2651515155210643 0.08391203645833334
0 0.27161862527716185 0.1779513888888889 0.2734663713968958 0.08969907465277777 0.11086474501108648 0.09403935243055556 0.10901699889135255 0.18663194444444445 0.27161862527716185 0.1779513888888889
0 0.10716925388026607 0.188078703125 0.10716925388026607 0.28935185243055556 0.26422764190687364 0.28356481423611113 0.2688470066518847 0.1837384253472222 0.10716925388026607 0.188078703125
0 0.12010347339246119 0.2936921302083333 0.12564671064301552 0.383391203125 0.2669992605321508 0.37471064756944444 0.2651515155210643 0.28935185243055556 0.12010347339246119 0.2936921302083333
0 0.12287509201773836 0.38483796354166666 0.12564671064301552 0.4730902777777778 0.27069475277161864 0.46585648090277776 0.2660753880266075 0.3776041666666667 0.12287509201773836 0.38483796354166666
0 0.1284183292682927 0.4846643524305556 0.1284183292682927 0.5729166666666666 0.26792313414634145 0.5671296302083334 0.2660753880266075 0.47164351909722224 0.1284183292682927 0.4846643524305556
0 0.13118994789356983 0.5758101857638889 0.1284183292682927 0.6756365746527778 0.27161862527716185 0.6553819444444444 0.2688470066518847 0.5642361111111112 0.13118994789356983 0.5758101857638889
0 0.12749445676274945 0.6756365746527778 0.12934220288248338 0.7653356475694444 0.2669992605321508 0.7667824079861112 0.2660753880266075 0.6611689809027778 0.12749445676274945 0.6756365746527778
0 0.11917960088691797 0.7725694444444444 0.12564671064301552 0.859375 0.27069475277161864 0.8463541666666666 0.2725424977827051 0.7682291666666666 0.11917960088691797 0.7725694444444444
0 0.12195121951219512 0.8637152777777778 0.11917960088691797 0.9751157413194443 0.28178122727272725 0.9649884253472223 0.27439024390243905 0.852141203125 0.12195121951219512 0.8637152777777778
0 0.2771618625277162 0.0028935190972222222 0.27808573503325945 0.09259259201388889 0.4674796751662971 0.08969907465277777 0.46840354767184034 0.0014467586805555555 0.2771618625277162 0.0028935190972222222
0 0.2808573536585366 0.0954861111111111 0.28178122727272725 0.19675925868055555 0.46932742017738355 0.1909722222222222 0.4702512937915743 0.09259259201388889 0.2808573536585366 0.0954861111111111
0 0.2790096086474501 0.19820601909722224 0.28178122727272725 0.2879050920138889 0.47302291241685146 0.2922453697916667 0.47209903880266074 0.19675925868055555 0.2790096086474501 0.19820601909722224
0 0.2827050997782705 0.2936921302083333 0.2790096086474501 0.3703703697916667 0.47302291241685146 0.3703703697916667 0.4748706574279379 0.2907986111111111 0.2827050997782705 0.2936921302083333
0 0.2808573536585366 0.37471064756944444 0.2836289722838138 0.47598379687500003 0.47394678492239467 0.46875 0.47302291241685146 0.3761574079861111 0.2808573536585366 0.37471064756944444
0 0.2827050997782705 0.4803240746527778 0.28455284589800445 0.578703703125 0.4785661496674058 0.5627893524305556 0.47302291241685146 0.47598379687500003 0.2827050997782705 0.4803240746527778
0 0.28640059090909087 0.5844907413194445 0.2928677017738359 0.6814236111111112 0.4804138946784922 0.6640625 0.479490022172949 0.5700231475694444 0.28640059090909087 0.5844907413194445
0 0.28455284589800445 0.6785300920138888 0.2928677017738359 0.7537615746527778 0.47209903880266074 0.7609953697916666 0.4757945310421286 0.6655092586805555 0.28455284589800445 0.6785300920138888
0 0.2919438281596452 0.7638888888888888 0.2928677017738359 0.8709490746527778 0.4776422760532151 0.8579282413194445 0.4785661496674058 0.7653356475694444 0.2919438281596452 0.7638888888888888
0 0.2947154467849224 0.8796296302083334 0.29841093902439025 0.9620949079861111 0.47671840354767187 0.9548611111111112 0.47671840354767187 0.8608217586805555 0.2947154467849224 0.8796296302083334
0 0.856430155210643 0.27488425868055555 0.8398004434589801 0.1808449079861111 0.7086104955654101 0.2314814809027778 0.6753510720620842 0.5179398142361111 0.8527346640798226 0.5222800920138888 0.856430155210643 0.27488425868055555
0 0.8157797483370288 0.8232060190972222 0.8074648924611973 0.5859375 0.7455654101995566 0.5902777777777778 0.7427937915742794 0.8347800920138888 0.8157797483370288 0.8232060190972222
0 0.8074648924611973 0.5873842586805555 0.818551366962306 0.827546296875 0.8665927572062084 0.8203125 0.8619733924611973 0.5830439809027778 0.8074648924611973 0.5873842586805555
0 0.861049519955654 0.5772569444444444 0.8693643758314855 0.8232060190972222 0.9238728747228382 0.8188657413194445 0.9229490022172949 0.5772569444444444 0.861049519955654 0.5772569444444444
0 0.9238728747228382 0.578703703125 0.9284922394678492 0.827546296875 0.9913155953436806 0.8174189809027778 0.9922394678492239 0.578703703125 0.9238728747228382 0.578703703125
0 0.9312638580931264 0.24016203645833334 0.8582779013303768 0.2372685190972222 0.8573540277161863 0.515046296875 0.9275683669623059 0.5135995364583333 0.9312638580931264 0.24016203645833334