0 0.23535220506912444 0.849867725308642 0.05348913709677419 0.849867725308642 0.05842659677419355 0.9215167546296297 0.23370638594470047 0.9038800709876543 0.23535220506912444 0.849867725308642
0 0.07735352188940092 0.7539682546296297 0.08640552995391705 0.8454585540123456 0.194206715437788 0.8377425046296295 0.1933838052995392 0.7451499120370371 0.07735352188940092 0.7539682546296297
0 0.07817643202764976 0.6448412700617284 0.07735352188940092 0.7484567901234568 0.18926925576036868 0.7319223981481481 0.18926925576036868 0.6470458549382716 0.07817643202764976 0.6448412700617284
0 0.07323897350230416 0.5390211635802469 0.07899934216589861 0.6470458549382716 0.1835088870967742 0.6283068780864197 0.18433179723502305 0.5423280416666666 0.07323897350230416 0.5390211635802469
0 0.06665569470046083 0.43761022993827164 0.0724160633640553 0.5346119922839506 0.18104015783410138 0.5191798935185185 0.18186306797235025 0.4354056435185185 0.06665569470046083 0.43761022993827164
0 0.17363397004608294 0.3284832453703704 0.0683015138248848 0.3273809521604938 0.07159315322580645 0.39351851851851855 0.030447662442396314 0.39572310339506167 0.027156024193548386 0.43320105864197533 0.10204081682027649 0.4309964722222222 0.17363397004608294 0.4100529104938272 0.17363397004608294 0.3284832453703704
0 0.06254114516129032 0.22045855401234568 0.06500987442396314 0.3251763672839506 0.17363397004608294 0.2943121697530864 0.16705069124423963 0.22707231018518517 0.06254114516129032 0.22045855401234568
0 0.05431204723502304 0.15762786574074075 0.05678077649769585 0.22045855401234568 0.12096774193548387 0.2182539675925926 0.12590520046082948 0.196208112654321 0.1686965103686636 0.19841269907407408 0.16375905184331796 0.14440035339506171 0.05431204723502304 0.15762786574074075
0 0.934002633640553 0.8531746033950617 0.934002633640553 0.7969576712962964 0.8039828836405529 0.7914462083333332 0.8031599735023042 0.8895502638888889 0.8443054642857142 0.8906525570987656 0.8443054642857142 0.91490299845679 0.8755760368663594 0.9138007052469137 0.8747531267281106 0.8895502638888889 0.9043778801843319 0.8928571435185184 0.9052007903225807 0.8553791882716049 0.934002633640553 0.8531746033950617
0 0.6426925610599078 0.8024691358024691 0.6476300195852535 0.91490299845679 0.7776497695852534 0.912698412037037 0.780941408986175 0.8046737206790124 0.6426925610599078 0.8024691358024691
0 0.6468071094470047 0.7473544969135802 0.6484529297235022 0.8013668425925926 0.7653061221198156 0.8013668425925926 0.7653061221198156 0.7550705462962962 0.6468071094470047 0.7473544969135802
0 0.6476300195852535 0.6977513225308641 0.6459842004608295 0.7473544969135802 0.7661290322580645 0.7550705462962962 0.7636603029953917 0.7065696651234568 0.6476300195852535 0.6977513225308641
0 0.673963133640553 0.6404320987654321 0.6624423963133641 0.6977513225308641 0.7858788675115208 0.703262787037037 0.7842330483870968 0.6448412700617284 0.7628373928571429 0.6448412700617284 0.673963133640553 0.6404320987654321
0 0.8187952603686636 0.7407407407407407 0.8171494400921658 0.7881393302469136 0.9175444366359448 0.7958553796296296 0.9117840679723502 0.7451499120370371 0.8187952603686636 0.7407407407407407
0 0.8171494400921658 0.687830688271605 0.8204410794930876 0.737433862654321 0.9117840679723502 0.7429453256172839 0.9093153387096774 0.6944444444444444 0.8171494400921658 0.687830688271605
0 0.8155036209677419 0.6294091712962963 0.8130348917050692 0.6823192237654321 0.9117840679723502 0.6911375663580247 0.9134298882488479 0.6382275138888889 0.8155036209677419 0.6294091712962963
0 0.8171494400921658 0.5809082885802469 0.8155036209677419 0.6338183425925926 0.9134298882488479 0.6382275138888889 0.9191902569124424 0.5809082885802469 0.8171494400921658 0.5809082885802469
0 0.8220868997695853 0.5302028225308643 0.8204410794930876 0.5798059969135803 0.9167215276497696 0.5820105817901234 0.9167215276497696 0.5368165787037037 0.8220868997695853 0.5302028225308643
0 0.8130348917050692 0.47398589043209877 0.8138578006912442 0.5246913580246914 0.9142527983870967 0.5324074074074074 0.9167215276497696 0.48059964660493826 0.8130348917050692 0.47398589043209877
0 0.8122119815668203 0.4155643734567901 0.8080974320276498 0.4684744274691358 0.9150757073732718 0.4761904768518519 0.9134298882488479 0.4243827160493827 0.8122119815668203 0.4155643734567901
0 0.8089203421658987 0.3604497361111111 0.8089203421658987 0.4089506172839506 0.9109611589861751 0.4232804228395062 0.9134298882488479 0.3714726635802469 0.8089203421658987 0.3604497361111111
0 0.8130348917050692 0.31305114660493827 0.8113890714285714 0.36375661419753086 0.9142527983870967 0.36596119907407404 0.9126069781105991 0.31305114660493827 0.8130348917050692 0.31305114660493827
0 0.8146807108294931 0.25903880092592596 0.8122119815668203 0.30864197530864196 0.9126069781105991 0.3141534398148148 0.9134298882488479 0.2634479722222222 0.8146807108294931 0.25903880092592596
0 0.8080974320276498 0.2017195771604938 0.8072745230414746 0.25573192283950613 0.9134298882488479 0.26124338580246914 0.9117840679723502 0.2072310401234568 0.8080974320276498 0.2017195771604938
0 0.8080974320276498 0.14660493827160495 0.8031599735023042 0.2006172839506173 0.9150757073732718 0.2050264552469136 0.9183673467741936 0.15321869444444444 0.8080974320276498 0.14660493827160495
0 0.8072745230414746 0.09700176388888888 0.8039828836405529 0.15101410956790123 0.9167215276497696 0.15101410956790123 0.9191902569124424 0.10251322685185187 0.8072745230414746 0.09700176388888888
0 0.8780447661290323 0.06062610185185185 0.8755760368663594 0.03306878240740741 0.8056287027649769 0.03196649074074074 0.8089203421658987 0.09920634876543209 0.9463462799539171 0.10582010648148148 0.9447004608294931 0.05952381018518519 0.8780447661290323 0.06062610185185185
0 0.6476300195852535 0.5897266311728395 0.6443383801843318 0.6426366836419752 0.7792955887096774 0.6514550262345679 0.7776497695852534 0.5941358024691358 0.6476300195852535 0.5897266311728395
0 0.6731402235023042 0.5368165787037037 0.651744569124424 0.5908289243827161 0.7710664907834102 0.5919312175925926 0.7694206716589861 0.5423280416666666 0.6731402235023042 0.5368165787037037
0 0.66079657718894 0.48500881790123457 0.6764318629032259 0.5390211635802469 0.7792955887096774 0.5423280416666666 0.7792955887096774 0.4839065262345679 0.66079657718894 0.48500881790123457
0 0.675608952764977 0.4343033503086419 0.6591507569124424 0.4839065262345679 0.7801184988479263 0.4861111111111111 0.7792955887096774 0.4232804228395062 0.675608952764977 0.4343033503086419
0 0.6805464124423963 0.37918871296296297 0.684660960829493 0.40343915277777775 0.6747860437788019 0.4298941805555556 0.7801184988479263 0.428791887345679 0.780941408986175 0.38139329783950615 0.6805464124423963 0.37918871296296297
0 0.6772547730414746 0.3295855385802469 0.6747860437788019 0.3769841265432099 0.783410138248848 0.3835978842592592 0.7842330483870968 0.3262786589506173 0.6772547730414746 0.3295855385802469
0 0.66079657718894 0.27226631327160494 0.6682027649769585 0.32297178086419753 0.7825872281105991 0.32076719598765435 0.7792955887096774 0.27226631327160494 0.66079657718894 0.27226631327160494
0 0.6764318629032259 0.21494708950617286 0.6599736670506912 0.2700617283950617 0.7784726797235023 0.2678571435185185 0.7792955887096774 0.22597001697530866 0.6764318629032259 0.21494708950617286
0 0.6682027649769585 0.16865079320987655 0.6665569458525346 0.2171516759259259 0.7817643191244239 0.22266313888888892 0.780941408986175 0.16424162191358024 0.6682027649769585 0.16865079320987655
0 0.7126398951612903 0.0793650787037037 0.7101711647465438 0.10030864197530864 0.6789005921658986 0.10030864197530864 0.6525674781105991 0.16644620833333332 0.780941408986175 0.16313933024691357 0.7792955887096774 0.0727513225308642 0.7126398951612903 0.0793650787037037