0 0.4612319492753623 0.6511282313432837 0.42588850579710147 0.6541614378109453 0.4282447347826087 0.7815560920398009 0.4977535086956522 0.7633568557213931 0.4948082217391304 0.6996595298507462 0.4983425666666667 0.6228183084577115 0.47713649999999996 0.6238293781094527 0.4612319492753623 0.6511282313432837
0 0.5348641260869565 0.6197851019900498 0.5001097376811594 0.6238293781094527 0.4971644507246377 0.7057259402985074 0.5001097376811594 0.7633568557213931 0.49245199275362317 0.7724564751243782 0.4977535086956522 0.799755328358209 0.5354531826086957 0.7896446417910448 0.5289735507246377 0.698648460199005 0.5348641260869565 0.6197851019900498
0 0.5607826507246376 0.6258515149253732 0.5354531826086957 0.6238293781094527 0.5313297811594203 0.6996595298507462 0.5372203550724638 0.7603236492537313 0.5619607666666666 0.7512240323383084 0.5572483072463768 0.6865156368159204 0.5607826507246376 0.6258515149253732
0 0.5925917507246377 0.6167518980099502 0.5601935942028985 0.6167518980099502 0.559015479710145 0.6925820472636816 0.5631388811594203 0.7815560920398009 0.5967151536231884 0.7744786119402984 0.5937698666666666 0.6824713606965174 0.5925917507246377 0.6167518980099502
0 0.6373601144927536 0.5965305223880597 0.6367710565217392 0.5479992263681592 0.5867011768115942 0.5601320497512438 0.5896464637681159 0.611696552238806 0.5967151536231884 0.7825671616915423 0.6750597884057971 0.7684121990049751 0.6644567550724638 0.6046190721393035 0.6373601144927536 0.5965305223880597
0 0.590824579710145 0.9119839527363184 0.6014276130434782 0.9635484552238806 0.6520865492753624 0.9544488383084576 0.641483515942029 0.9089507462686567 0.6467850333333334 0.8492976940298507 0.5961260956521739 0.8482866243781094 0.590824579710145 0.9119839527363184
0 0.6497303202898551 0.8442423507462686 0.6444288028985506 0.9079396766169154 0.6585661811594202 0.9554599054726368 0.6797722478260869 0.951415631840796 0.673292615942029 0.9018732661691542 0.6756488449275362 0.8432312810945274 0.6497303202898551 0.8442423507462686
0 0.7098141753623188 0.8371648706467661 0.6756488449275362 0.8381759378109453 0.6762379028985507 0.8988400597014926 0.6827175347826088 0.9504045621890548 0.7174719217391304 0.9443381492537314 0.7074579449275362 0.8958068532338308 0.7098141753623188 0.8371648706467661
0 0.7127594623188406 0.8331205945273631 0.7109922898550725 0.8958068532338308 0.7174719217391304 0.9392828059701492 0.7457466768115942 0.9311942562189054 0.7398561028985507 0.8877183034825871 0.7457466768115942 0.8310984577114429 0.7127594623188406 0.8331205945273631
0 0.7486919637681159 0.828065251243781 0.7433904478260869 0.8877183034825871 0.7457466768115942 0.9291721194029852 0.7793229492753624 0.9241167761194029 0.7728433173913043 0.882662960199005 0.775788604347826 0.8300873880597015 0.7486919637681159 0.828065251243781
0 0.780501063768116 0.8250320447761195 0.775788604347826 0.8796297537313432 0.7793229492753624 0.9291721194029852 0.808775820289855 0.9231057089552239 0.8052414753623188 0.8786186865671641 0.8105429913043478 0.8219988407960199 0.780501063768116 0.8250320447761195
0 0.814077336231884 0.8199767014925373 0.8093648768115942 0.8715412039800995 0.8134882782608696 0.9231057089552239 0.8464754942028985 0.9150171592039802 0.8411739768115941 0.8796297537313432 0.8452973782608695 0.8139102910447761 0.814077336231884 0.8199767014925373
0 0.8452973782608695 0.8139102910447761 0.8429411492753623 0.8705301368159205 0.852366068115942 0.9170392960199004 0.8800517652173914 0.9180503656716418 0.8723940188405797 0.8725522736318407 0.8735721347826086 0.8078438781094528 0.8452973782608695 0.8139102910447761
0 0.8771064782608696 0.8078438781094528 0.8753393072463768 0.8664858606965175 0.882407995652174 0.9170392960199004 0.9130389811594203 0.9109728830845771 0.9083265217391305 0.8624415870646767 0.9112718086956522 0.799755328358209 0.8771064782608696 0.8078438781094528
0 0.9118608652173913 0.7977331915422885 0.9112718086956522 0.8654747935323382 0.9189295550724637 0.9129950199004975 0.9501495971014492 0.9079396766169154 0.9495605391304348 0.8806408233830846 0.9589854579710145 0.8715412039800995 0.9560401710144928 0.8351427313432835 0.9507386550724638 0.8331205945273631 0.9554511144927536 0.795711054726368 0.9118608652173913 0.7977331915422885
0 0.7104032333333333 0.6561835746268657 0.7127594623188406 0.6925820472636816 0.7210062666666667 0.7016816666666666 0.7227734376811594 0.7310026592039801 0.7763776623188406 0.7148255597014925 0.7628293420289856 0.6612389179104478 0.7628293420289856 0.5965305223880597 0.7245406101449275 0.6046190721393035 0.7168828637681159 0.6420286144278607 0.7104032333333333 0.6561835746268657
0 0.7663636869565217 0.5975415920398011 0.7675418014492753 0.6511282313432837 0.780501063768116 0.7128034228855721 0.8017071304347826 0.7057259402985074 0.7934603275362319 0.6460728880597014 0.7969946710144928 0.5965305223880597 0.7663636869565217 0.5975415920398011
0 0.7987618434782608 0.593497315920398 0.7987618434782608 0.6541614378109453 0.8028852449275362 0.7047148731343285 0.8394068043478261 0.6966263233830846 0.8293928289855073 0.6460728880597014 0.832338115942029 0.5874309054726368 0.7987618434782608 0.593497315920398
0 0.8352834028985507 0.5843976990049752 0.8317490579710144 0.6410175447761194 0.8423520913043478 0.698648460199005 0.8735721347826086 0.6925820472636816 0.8653253304347827 0.6491060945273632 0.8635581579710145 0.6268625845771144 0.8718049623188406 0.579342355721393 0.8352834028985507 0.5843976990049752
0 0.8741611913043478 0.579342355721393 0.8647362739130435 0.6369732711442787 0.8729830768115943 0.6865156368159204 0.8983125449275362 0.6814602935323384 0.9000797173913044 0.5823755621890547 0.8741611913043478 0.579342355721393
0 0.8947782014492754 0.7006705970149254 0.9389575057971015 0.6925820472636816 0.9436699652173913 0.6582057139303483 0.9466152521739131 0.6096744154228856 0.9389575057971015 0.5965305223880597 0.9419027942028985 0.5712538059701492 0.9024359478260869 0.5712538059701492 0.8947782014492754 0.7006705970149254
0 0.2562399724637681 0.39128357960199006 0.2686101768115942 0.47823548756218903 0.31514571304347827 0.4650915945273632 0.30748796666666667 0.39128357960199006 0.31278948260869566 0.29624312437810946 0.26684300579710146 0.30230953731343285 0.2562399724637681 0.39128357960199006
0 0.3157347695652174 0.29826526119402985 0.3104332536231884 0.39027251243781097 0.318091 0.4610473184079602 0.3652155927536232 0.4519477014925373 0.3557906739130435 0.39027251243781097 0.36109218985507247 0.3285973208955224 0.3764076826086956 0.3245530472636816 0.38288731449275365 0.2750106815920398 0.3422423536231884 0.2689442686567164 0.3369408362318841 0.29725419402985076 0.3157347695652174 0.29826526119402985
0 0.38347637246376814 0.31140915422885573 0.3793529695652174 0.3285973208955224 0.3640374768115942 0.3336526666666667 0.35991407536231884 0.3872393059701492 0.3663937072463768 0.4590251815920398 0.4353134231884058 0.4570030447761194 0.4264775623188406 0.38319502985074627 0.4264775623188406 0.30129846766169155 0.38347637246376814 0.31140915422885573
0 0.488917647826087 0.252767171641791 0.44179305507246375 0.2598446517412935 0.44238211304347824 0.29422098756218906 0.43119002173913046 0.30028739800995025 0.4276556768115942 0.3740954129353234 0.4364915391304348 0.44487022139303484 0.502465968115942 0.43374846517412935 0.49363010724637685 0.3690400696517413 0.488917647826087 0.252767171641791
0 0.6036789304347826 0.24492919900497515 0.5312151623188406 0.2401454278606965 0.5295429202898551 0.2678913134328358 0.5111482724637681 0.27076157711442783 0.5133779260869565 0.2411021815920398 0.4927536231884058 0.24492919900497515 0.49665551884057973 0.3693073084577114 0.5078037898550725 0.44680444029850747 0.6137123739130435 0.4228855721393035 0.6053511710144928 0.33103712189054724 0.6036789304347826 0.24492919900497515
0 0.08518483768115942 0.06410256467661692 0.09075897391304348 0.16456180597014924 0.12253154927536232 0.1540375049751244 0.12420378985507247 0.2315346343283582 0.15095964347826088 0.24301569154228855 0.15318929710144927 0.2784156144278607 0.22676789275362316 0.2717183308457711 0.21394737971014494 0.1999617288557214 0.21450479420289856 0.10332950746268657 0.16499442608695652 0.11863758208955223 0.1610925304347826 0.04783773383084577 0.08518483768115942 0.06410256467661692
0 0.28929765942028984 0.06218905472636816 0.24303233043478262 0.07749712935323383 0.23857302173913045 0.0975889776119403 0.21739130434782608 0.11672407213930348 0.2172918623188406 0.1999617288557214 0.22844013333333335 0.26310753980099505 0.2886408028985507 0.24492919900497515 0.28139442608695653 0.17891312686567165 0.28929765942028984 0.06218905472636816
0 0.3539576362318841 0.051664753731343285 0.2976588623188406 0.05453501741293532 0.2982162768115942 0.09089169651741294 0.28752597536231883 0.0928052039800995 0.2847389072463768 0.1808266368159204 0.2942149391304348 0.24875621890547264 0.3555304347826087 0.2411021815920398 0.34828405797101447 0.17412935323383086 0.3539576362318841 0.051664753731343285
0 0.4218626536231884 0.043053960199004974 0.3794992202898551 0.04401071641791045 0.37559732463768114 0.08036739303482587 0.35608784782608693 0.08515116666666667 0.35274336666666667 0.1769996169154229 0.3572026753623188 0.24397244527363182 0.41851817101449273 0.23057788059701492 0.41182920869565215 0.15977803233830845 0.4218626536231884 0.043053960199004974
0 0.4859652173913043 0.05644852736318408 0.46701315507246377 0.059318791044776116 0.46701315507246377 0.0038270199004975126 0.42632196231884056 0.010524300995024875 0.4140588623188406 0.16934557960199004 0.4252071347826087 0.2497129726368159 0.4904245260869565 0.2401454278606965 0.48094849565217396 0.15499425870646766 0.4859652173913043 0.05644852736318408
0 0.6994694536231884 0.3989667039800995 0.7507515043478261 0.405663987562189 0.789770456521739 0.38652889303482585 0.788098215942029 0.36261002736318404 0.7981316608695651 0.3616532711442786 0.7947871797101449 0.31190202736318406 0.7429477144927535 0.3367776492537313 0.6961249724637681 0.33199387562189053 0.6994694536231884 0.3989667039800995
0 0.7435051275362319 0.33295063184079604 0.7841963217391305 0.3138155373134328 0.7853111478260869 0.30711825373134327 0.7964594202898551 0.30042097263681594 0.7925575246376811 0.26502104975124374 0.7423903014492754 0.282242631840796 0.6955675579710145 0.2870264054726368 0.6972398 0.330080368159204 0.7435051275362319 0.33295063184079604
0 0.6938953173913044 0.2803291243781094 0.7429477144927535 0.2755453507462687 0.7914426985507247 0.2583237661691542 0.7892130434782609 0.22005357711442788 0.7797370115942029 0.22101033333333334 0.7791795985507246 0.2037887487562189 0.7396032333333333 0.22101033333333334 0.6877637681159421 0.21909682338308456 0.6938953173913044 0.2803291243781094
0 0.6855341130434782 0.21622655970149254 0.7373735782608696 0.2181400696517413 0.7763925304347825 0.1999617288557214 0.7747202898550725 0.19135093781094528 0.790885284057971 0.19135093781094528 0.7853111478260869 0.14925373134328357 0.7485218507246377 0.16647531592039802 0.6877637681159421 0.17412935323383086 0.6855341130434782 0.21622655970149254
0 0.7379309927536232 0.16551856218905472 0.7747202898550725 0.14925373134328357 0.7875408028985507 0.13872943034825871 0.7830814942028985 0.10524301492537314 0.7323568565217391 0.11863758208955223 0.6911082492753623 0.10141599751243781 0.6894360086956521 0.16456180597014924 0.7379309927536232 0.16551856218905472
0 0.7345865101449275 0.11289705223880596 0.7741628768115941 0.10332950746268657 0.7708183942028985 0.07749712935323383 0.7841963217391305 0.06601607462686566 0.7769499449275362 0.03157290547263682 0.7312420289855073 0.046880980099502485 0.6894360086956521 0.043053960199004974 0.6894360086956521 0.09184845024875622 0.7345865101449275 0.11289705223880596
0 0.6894360086956521 0.03635667910447761 0.727897547826087 0.043053960199004974 0.7786221855072465 0.03061614925373134 0.7797370115942029 0.0038270199004975126 0.6827470463768116 0.00287026368159204 0.6888785956521739 0.02009184825870647 0.6894360086956521 0.03635667910447761
0 0.8639064666666667 0.38652889303482585 0.9084995536231883 0.37600459203980097 0.9235497217391305 0.3587830074626866 0.9202052391304347 0.303291236318408 0.8722676695652174 0.31764255721393037 0.8343635449275362 0.32338308457711445 0.8360357855072463 0.3846153855721393 0.8639064666666667 0.38652889303482585
0 0.8711528434782608 0.3147722935323383 0.9207626536231884 0.29946421641791043 0.9174181710144929 0.24492919900497515 0.8666935333333334 0.26215078358208954 0.8304616492753624 0.260237276119403 0.8332487173913042 0.31668580099502486 0.8711528434782608 0.3147722935323383
0 0.8193133782608696 0.19326444776119403 0.8260023405797101 0.2506697288557214 0.8694806014492753 0.25736700995024875 0.9213200666666665 0.23918867164179106 0.9218774811594203 0.17891312686567165 0.8611193985507246 0.19804822139303482 0.8193133782608696 0.19326444776119403
0 0.8165263101449275 0.14255644776119403 0.8187559637681159 0.18943742786069653 0.8627916391304348 0.1942212014925373 0.9179755855072463 0.17412935323383086 0.9179755855072463 0.12820512935323383 0.860561984057971 0.14446995771144278 0.8165263101449275 0.14255644776119403
0 0.8165263101449275 0.13203214676616915 0.8594471565217392 0.13968618407960198 0.9084995536231883 0.12437810945273632 0.9062699 0.1061997711442786 0.9174181710144929 0.09567546766169154 0.9185329985507247 0.0602755447761194 0.863349052173913 0.08706467661691543 0.8170837231884058 0.0880214303482587 0.8165263101449275 0.13203214676616915
0 0.8137392420289856 0.08706467661691543 0.8561026753623188 0.0880214303482587 0.9146311043478261 0.06123230099502488 0.9135162768115942 0.035399922885572144 0.9051550724637681 0.03827018656716418 0.903482831884058 0.019135094527363183 0.8561026753623188 0.03731343283582089 0.8120670014492753 0.03157290547263682 0.8137392420289856 0.08706467661691543
0 0.8583323304347826 0.0325296592039801 0.8990235231884058 0.018178338308457713 0.8973512826086956 0 0.8098373463768116 0.00287026368159204 0.8126244144927536 0.027745885572139303 0.8583323304347826 0.0325296592039801