0 0.1320754716981132 0.0836274358600583 0.11618669245283018 0.09053245335276969 0.11618669245283018 0.12429031778425656 0.21151936415094338 0.1381003527696793 0.31578947358490567 0.12352309329446064 0.3138033754716981 0.0644468309037901 0.2512413113207547 0.061377934402332364 0.21151936415094338 0.06981740087463557 0.15292949433962263 0.06598127988338191 0.1320754716981132 0.0836274358600583
0 0.21151936415094338 0.14193647376093294 0.08341608679245284 0.11585085131195336 0.08043694150943397 0.1902715976676385 0.20158887735849057 0.19717661516034987 0.3296921547169811 0.18183213119533528 0.32571996037735845 0.12429031778425656 0.21151936415094338 0.14193647376093294
0 0.15491559056603774 0.25241675655976675 0.2045680245283019 0.25395120408163263 0.3147964245283019 0.23937394460641398 0.311817279245283 0.20715052915451895 0.28003972264150945 0.18873714868804664 0.20158887735849057 0.2002455116618076 0.08242303962264151 0.19410771865889212 0.08440913584905661 0.24167561807580176 0.1559086396226415 0.23707227259475216 0.15491559056603774 0.25241675655976675
0 0.32671300943396225 0.2915451895043732 0.31976166792452826 0.23937394460641398 0.206554120754717 0.2554856530612245 0.11916583962264152 0.25088230758017493 0.1142005962264151 0.29921743148688046 0.20754716981132076 0.30842412099125366 0.32671300943396225 0.2915451895043732
0 0.20754716981132076 0.3575264693877551 0.2770605754716981 0.34601810641399416 0.2810327698113208 0.32376860495626825 0.30784508490566037 0.3206997084548105 0.3167825226415094 0.2953813104956268 0.1986097320754717 0.31302746647230323 0.11320754716981132 0.3030535524781341 0.11717974150943396 0.35369034839650143 0.20754716981132076 0.3575264693877551
0 0.2085402188679245 0.41813717930029154 0.311817279245283 0.4058615932944606 0.302879841509434 0.34601810641399416 0.2095332679245283 0.36366426239067057 0.12015888867924528 0.359060916909621 0.1142005962264151 0.4104649373177843 0.2085402188679245 0.41813717930029154
0 0.29195630566037734 0.4595672857142857 0.2840119169811321 0.4365505597667638 0.3138033754716981 0.4380850087463557 0.30883813396226417 0.4104649373177843 0.2095332679245283 0.4227405247813411 0.12015888867924528 0.4173699548104956 0.1211519358490566 0.4626361822157435 0.21350546226415093 0.4764462172011662 0.29195630566037734 0.4595672857142857
0 0.3227408150943396 0.5247813411078717 0.3336643490566038 0.5255485655976676 0.3326713 0.4549639402332361 0.21251241320754719 0.48104956268221577 0.126117179245283 0.46800675218658894 0.11717974150943396 0.511738530612245 0.2085402188679245 0.5309191341107872 0.3227408150943396 0.5247813411078717
0 0.2284011924528302 0.5999693104956269 0.21946375283018868 0.6306582784256559 0.32671300943396225 0.6260549329446065 0.3326713 0.5769525860058309 0.32671300943396225 0.5286174620991253 0.20754716981132076 0.5339880306122449 0.11618669245283018 0.5094368571428571 0.08738828113207547 0.5155746516034986 0.08838133018867923 0.6022709839650146 0.2284011924528302 0.5999693104956269
0 0.6047666339622642 0.1641859752186589 0.5302879849056604 0.1588154052478134 0.5233366433962264 0.1450053702623907 0.4786494547169811 0.1488414912536443 0.4736842113207547 0.16572042419825073 0.4587884811320755 0.16955654373177842 0.46077457735849053 0.1833665801749271 0.4716981132075472 0.18413380320699707 0.4736842113207547 0.20177996064139941 0.506454816981132 0.20101273615160348 0.5094339622641509 0.22940003061224493 0.6047666339622642 0.23707227259475216 0.6663356509433962 0.228632806122449 0.6633565037735849 0.15267761224489795 0.6047666339622642 0.1641859752186589
0 0.6017874867924528 0.24167561807580176 0.5084409132075471 0.22940003061224493 0.5014895735849056 0.2132883221574344 0.44289970188679245 0.21635722011661807 0.44885799433962265 0.28387294752186587 0.5084409132075471 0.2738990335276968 0.5153922547169811 0.2846401720116618 0.6007944396226415 0.2915451895043732 0.660377358490566 0.28540739650145774 0.6653426018867924 0.23553782361516035 0.6017874867924528 0.24167561807580176
0 0.6047666339622642 0.2953813104956268 0.4796425018867924 0.2823385 0.4786494547169811 0.33681141690962096 0.605759683018868 0.35062145189504373 0.6713008943396226 0.3383458644314869 0.6653426018867924 0.28847629300291544 0.6047666339622642 0.2953813104956268
0 0.6067527301886793 0.35292312390670555 0.49553128113207545 0.3383458644314869 0.49155908679245286 0.3567592448979592 0.4667328698113208 0.36059536588921287 0.4707050641509434 0.39281878134110787 0.607745779245283 0.4058615932944606 0.6713008943396226 0.39742212682215744 0.6693147962264151 0.3398803134110787 0.6067527301886793 0.35292312390670555
0 0.6097318773584905 0.4104649373177843 0.5124131075471698 0.401258247813411 0.5173783509433962 0.4611017332361516 0.6137040716981131 0.4626361822157435 0.672293941509434 0.4511278192419825 0.6732869905660377 0.4035599198250729 0.6097318773584905 0.4104649373177843
0 0.6097318773584905 0.46800675218658894 0.5084409132075471 0.46340340670553937 0.4816286 0.47261009620991257 0.48460774528301886 0.5079024096209912 0.6067527301886793 0.521712444606414 0.6713008943396226 0.5155746516034986 0.6673287 0.456498389212828 0.6097318773584905 0.46800675218658894
0 0.6067527301886793 0.5247813411078717 0.5114200603773585 0.5155746516034986 0.5143992056603773 0.5692803440233236 0.616683216981132 0.5731164650145772 0.672293941509434 0.564676998542274 0.6713008943396226 0.5178763236151603 0.6067527301886793 0.5247813411078717
0 0.6156901679245282 0.5761853615160349 0.5124131075471698 0.5677458950437317 0.5124131075471698 0.5815559300291545 0.47666335660377357 0.5907626209912537 0.4816286 0.6260549329446065 0.5084409132075471 0.6237532609329446 0.5263157886792452 0.6321927274052478 0.6196623641509433 0.6337271749271137 0.6583912603773585 0.6022709839650146 0.6832174773584905 0.6061071049562682 0.6812313811320755 0.5639097740524781 0.6156901679245282 0.5761853615160349
0 0.8043694132075472 0.23246892711370262 0.8848063547169811 0.21558999562682216 0.8808341603773585 0.19487494314868806 0.9096325716981132 0.1925732696793003 0.9046673283018868 0.1488414912536443 0.8023833169811321 0.16265152623906706 0.7140019867924527 0.15037594023323614 0.7169811320754716 0.21789166763848394 0.8043694132075472 0.23246892711370262
0 0.8798411113207547 0.2762007055393586 0.8877855018867925 0.26239067055393583 0.9126117188679246 0.2570201005830904 0.9116186698113208 0.21558999562682216 0.8023833169811321 0.23630504810495628 0.7030784509433962 0.21865889212827988 0.7030784509433962 0.2754334810495627 0.8023833169811321 0.28847629300291544 0.8798411113207547 0.2762007055393586
0 0.793445879245283 0.347552555393586 0.8788480641509434 0.33681141690962096 0.8838133075471698 0.3107257944606414 0.9324726905660378 0.30612244897959184 0.938430983018868 0.2746662580174927 0.8887785509433963 0.2746662580174927 0.8023833169811321 0.2915451895043732 0.7020854018867924 0.28003682653061224 0.7010923528301888 0.33297529591836733 0.793445879245283 0.347552555393586
0 0.805362462264151 0.4004910233236152 0.9086395226415095 0.38898266034985424 0.9086395226415095 0.33527696793002915 0.7974180735849057 0.3513886763848396 0.7030784509433962 0.33374251895043733 0.6991062566037736 0.39281878134110787 0.805362462264151 0.4004910233236152
0 0.8013902679245284 0.456498389212828 0.873882820754717 0.4549639402332361 0.8768619660377359 0.4219733002915452 0.9096325716981132 0.41813717930029154 0.9086395226415095 0.3935860058309038 0.8043694132075472 0.40509436880466476 0.7130089377358491 0.3958876778425656 0.7090367433962264 0.4488261472303207 0.8013902679245284 0.456498389212828
0 0.9155908641509434 0.5002301676384839 0.9116186698113208 0.47261009620991257 0.8808341603773585 0.46340340670553937 0.8788480641509434 0.4572656137026239 0.8013902679245284 0.4603345102040816 0.7090367433962264 0.4534294927113703 0.7110228396226416 0.4917907011661808 0.805362462264151 0.5163418746355686 0.9155908641509434 0.5002301676384839
0 0.9145978150943397 0.5516341880466472 0.9185700094339623 0.5063679606413994 0.8033763660377358 0.5209452201166181 0.7130089377358491 0.4925579256559767 0.7130089377358491 0.5286174620991253 0.7199602773584907 0.5301519110787172 0.7239324735849056 0.5554703090379008 0.8093346566037736 0.5700475685131196 0.9145978150943397 0.5516341880466472
0 0.9205561075471699 0.6122448979591837 0.9205561075471699 0.5930642930029154 0.9275074471698114 0.5892281720116618 0.9235352528301887 0.5524014110787172 0.8113207547169812 0.5715820160349854 0.7110228396226416 0.5554703090379008 0.7130089377358491 0.6076415524781341 0.8142999000000001 0.6291238294460642 0.9205561075471699 0.6122448979591837
0 0.8073485603773586 0.6820622988338193 0.8828202584905661 0.6720883848396502 0.8877855018867925 0.6467699868804665 0.910625620754717 0.6360288469387755 0.9155908641509434 0.6137793469387756 0.8192651433962265 0.6344943994169095 0.7060575962264152 0.6076415524781341 0.715988083018868 0.6644161428571428 0.8073485603773586 0.6820622988338193
0 0.9205561075471699 0.728095749271137 0.9404170811320754 0.7288629737609329 0.938430983018868 0.6882000918367347 0.9136047660377359 0.6935706618075802 0.9046673283018868 0.6644161428571428 0.8867924528301887 0.6659505903790087 0.8828202584905661 0.6759245058309038 0.8023833169811321 0.685131195335277 0.7090367433962264 0.6644161428571428 0.7050645490566038 0.7227251807580175 0.8033763660377358 0.7426730087463557 0.9205561075471699 0.728095749271137
0 0.8133068528301887 0.7971459256559766 0.9185700094339623 0.7802669941690962 0.9165839132075472 0.7319318702623906 0.8093346566037736 0.7472763542274052 0.7269116188679244 0.7288629737609329 0.7229394245283018 0.7787325451895043 0.8133068528301887 0.7971459256559766
0 0.8073485603773586 0.8546877390670554 0.9255213509433963 0.836274360058309 0.9225422037735849 0.783335890670554 0.8152929490566038 0.8002148221574343 0.7110228396226416 0.7771980976676386 0.7120158886792453 0.8447138250728864 0.8073485603773586 0.8546877390670554
0 0.8430983113207547 0.9298757099125364 0.846077458490566 0.9559613323615161 0.9195630584905661 0.9544268833819243 0.9275074471698114 0.9091606574344023 0.9433962264150944 0.9045573119533526 0.938430983018868 0.836274360058309 0.812313803773585 0.8600583090379009 0.7100297905660378 0.847782721574344 0.7149950339622642 0.944452969387755 0.8430983113207547 0.9298757099125364