0 0.05156019847328244 0.16183506951871657 0.07901432951653944 0.1646495922459893 0.08838891094147583 0.19701660561497328 0.1607071106870229 0.1963129745989305 0.1774474351145038 0.17520405347593582 0.1714209185750636 0.11047002540106952 0.04821213358778626 0.1111736564171123 0.05156019847328244 0.16183506951871657
0 0.26449712086513993 0.1576132847593583 0.26315789440203563 0.13368983957219252 0.22298111704834606 0.12454264037433155 0.21628498727735368 0.14213340775401068 0.18012588676844785 0.1414297780748663 0.178117048346056 0.19490571390374334 0.16740324045801527 0.2026456510695187 0.17409937022900765 0.223050942513369 0.2879335737913486 0.22516183556149733 0.28458551017811706 0.1576132847593583 0.26449712086513993 0.1576132847593583
0 0.058925940203562344 0.22656909625668448 0.06026516666666666 0.2744159866310161 0.07767510432569975 0.2758232473262032 0.08102316921119593 0.30115395454545457 0.17543859669211195 0.3032648462566845 0.17543859669211195 0.23008725000000002 0.058925940203562344 0.22656909625668448
0 0.058256328244274805 0.3074866310160428 0.06093477989821883 0.3595553048128342 0.07968394274809161 0.3595553048128342 0.08169278117048347 0.3862932727272727 0.17677782188295166 0.3877005347593583 0.17543859669211195 0.30819026203208555 0.058256328244274805 0.3074866310160428
0 0.18414356488549619 0.306783 0.18213472646310433 0.38207148930481283 0.29061202671755726 0.3862932727272727 0.2886031870229008 0.3060793689839572 0.18414356488549619 0.306783
0 0.058925940203562344 0.3919223195187166 0.058256328244274805 0.4390655788770053 0.07231819974554707 0.4390655788770053 0.07298781297709923 0.4608781310160428 0.16874246692111958 0.4679144385026738 0.16740324045801527 0.3954404732620321 0.058925940203562344 0.3919223195187166
0 0.21695460050890586 0.38347875 0.21092808396946566 0.390515057486631 0.18749162977099237 0.39473684224598926 0.183473951653944 0.4221784411764706 0.17276014503816794 0.4292147486631016 0.17543859669211195 0.4658035467914438 0.18749162977099237 0.46369265374331553 0.18749162977099237 0.47424711497326205 0.2932904783715013 0.4686180695187166 0.2926208651399491 0.38910779679144386 0.21695460050890586 0.38347875
0 0.153341368956743 0.4721362232620321 0.06026516666666666 0.4756543770053476 0.06696129643765904 0.5453138195187166 0.17677782188295166 0.5432029264705882 0.1720905318066158 0.47917253074866306 0.153341368956743 0.4721362232620321
0 0.18414356488549619 0.5509428649732621 0.20021427608142495 0.5523501270053476 0.19619659796437658 0.6107514772727273 0.20958885750636133 0.6297495080213904 0.23838221501272266 0.6255277232620321 0.24440873155216286 0.6044188008021391 0.2598098295165394 0.6016042780748663 0.2805678320610687 0.5790880949197861 0.27052363740458013 0.47987616042780745 0.178117048346056 0.48128342245989303 0.18414356488549619 0.5509428649732621
0 0.06428284478371502 0.6170841537433156 0.07767510432569975 0.618491415775401 0.07968394274809161 0.6290458770053476 0.1747689834605598 0.6234168302139037 0.1720905318066158 0.560090064171123 0.06361323155216285 0.5593864344919786 0.06428284478371502 0.6170841537433156
0 0.11517343002544529 0.6522656911764706 0.10914691348600508 0.6381930762032085 0.05691710178117049 0.6438221216577541 0.05624748854961832 0.697298057486631 0.07700549109414759 0.6980016885026739 0.07700549109414759 0.7254432874331551 0.11517343002544529 0.7310723328877005 0.11584304325699746 0.7381086403743315 0.19686621119592876 0.7352941176470589 0.19083969465648856 0.6480439064171123 0.11517343002544529 0.6522656911764706
0 0.14597562595419847 0.7620320855614974 0.14530601272264632 0.7761047005347593 0.057586715012722646 0.7761047005347593 0.06361323155216285 0.8295806363636363 0.08236239440203562 0.8295806363636363 0.08638007251908397 0.8570222352941177 0.18548279134860052 0.857725864973262 0.18481317811704834 0.7634393475935829 0.14597562595419847 0.7620320855614974
0 0.27855899236641224 0.8119898676470588 0.2758805407124682 0.7571066697860962 0.19150930788804071 0.7599211938502675 0.19351814631043257 0.8774275254010695 0.21427614885496182 0.8746130026737967 0.21829382569974554 0.8872783569518716 0.26248828117048345 0.887981986631016 0.26248828117048345 0.8148043903743316 0.27855899236641224 0.8119898676470588
0 0.28458551017811706 0.7683647620320856 0.2886031870229008 0.8654658034759358 0.3153877061068702 0.8886856176470589 0.3662782913486005 0.887981986631016 0.3676175165394402 0.7690683930481284 0.28458551017811706 0.7683647620320856
0 0.36895674300254455 0.7697720240641712 0.37163519465648853 0.8907965093582888 0.44261416921119595 0.8886856176470589 0.43926610432569974 0.7718829157754011 0.36895674300254455 0.7697720240641712
0 0.3321280305343512 0.6311567687165776 0.2932904783715013 0.5994933863636364 0.19552698600508905 0.7015198422459893 0.25244408778625954 0.755699409090909 0.334136868956743 0.6754855053475936 0.3321280305343512 0.6311567687165776
0 0.37364403435114507 0.6600056296791444 0.34552028880407126 0.6607092593582888 0.3435114503816794 0.7001125815508021 0.31337886641221374 0.7008162112299464 0.3153877061068702 0.7683647620320856 0.43792687786259543 0.7634393475935829 0.4399357175572519 0.7099634117647059 0.43323958778625954 0.702223473262032 0.42587384478371504 0.6417112299465241 0.37029596946564886 0.6438221216577541 0.37364403435114507 0.6600056296791444
0 0.44194455597964377 0.76484660828877 0.5276550152671756 0.7662538703208557 0.5256461768447838 0.7472558395721924 0.5169412073791348 0.7472558395721924 0.5162715954198474 0.657894736631016 0.484799786259542 0.6564874759358289 0.4821213333333333 0.639600338235294 0.4406053295165394 0.6403039679144384 0.44194455597964377 0.76484660828877
0 0.5115843040712468 0.8295806363636363 0.5082362391857507 0.7669575013368984 0.44462300763358775 0.7634393475935829 0.4459622340966921 0.8915001403743315 0.5229677251908397 0.8851674639037433 0.5236373371501273 0.833098790106952 0.5115843040712468 0.8295806363636363
0 0.5959555381679389 0.8119898676470588 0.5905986335877863 0.786659161764706 0.5832328918575064 0.7873627914438502 0.5751975356234097 0.7676611310160427 0.5209588854961832 0.7711792847593583 0.5269854020356234 0.8436532513368984 0.5243069503816794 0.8457641430481283 0.5243069503816794 0.8823529411764706 0.5658229541984733 0.8788347874331551 0.5685014058524173 0.8633549117647059 0.5926074732824427 0.8556149732620321 0.5926074732824427 0.8267661136363637 0.5959555381679389 0.8119898676470588
0 0.5249765636132315 0.7606248235294117 0.5939466984732824 0.7620320855614974 0.5946163117048346 0.702223473262032 0.598633989821883 0.6614128903743316 0.5644837290076336 0.6571911056149733 0.5638141157760814 0.6410075989304813 0.5222981119592875 0.6388967072192514 0.5249765636132315 0.7606248235294117
0 0.6562207048346056 0.8668730655080215 0.668273737913486 0.8457641430481283 0.6622472213740458 0.7718829157754011 0.5905986335877863 0.7704756537433155 0.6019820547073791 0.8176189131016043 0.6039908931297711 0.886574725935829 0.648854961832061 0.8830565721925133 0.6562207048346056 0.8668730655080215
0 0.7506361323155216 0.8605403890374331 0.7486272938931298 0.7697720240641712 0.6669345114503816 0.7634393475935829 0.6702825763358778 0.8781311564171123 0.7225123880407124 0.8739093729946524 0.7245212264631044 0.8612440187165775 0.7506361323155216 0.8605403890374331
0 0.6649256730279898 0.7606248235294117 0.7446096157760814 0.7641429772727273 0.7419311641221374 0.7247396564171124 0.7472880674300255 0.7169997179144385 0.7452792290076337 0.6804109197860962 0.7359046475826972 0.6783000280748663 0.735235034351145 0.6283422459893048 0.6609079949109415 0.6269349839572192 0.6649256730279898 0.7606248235294117
0 0.7559930356234096 0.76484660828877 0.8296504618320611 0.76484660828877 0.8303200750636132 0.6163805240641711 0.7613499402035624 0.6142696310160428 0.7559930356234096 0.76484660828877
0 0.3769920979643766 0.5235012660427808 0.4064550687022901 0.5256121590909091 0.4091335203562341 0.5375738810160428 0.4432837824427481 0.5375738810160428 0.44261416921119595 0.5256121590909091 0.47341636513994906 0.5263157901069518 0.47140752671755726 0.4489164090909091 0.37632248600508905 0.4489164090909091 0.3769920979643766 0.5235012660427808
0 0.4747555916030534 0.44469462433155077 0.4747555916030534 0.5242048970588234 0.5765367620865139 0.5235012660427808 0.5765367620865139 0.44469462433155077 0.4747555916030534 0.44469462433155077
0 0.3441810636132316 0.36659161229946524 0.34217222391857505 0.44469462433155077 0.47140752671755726 0.4453982553475936 0.4700683002544529 0.37010976604278073 0.3448506768447837 0.36729524331550806 0.3441810636132316 0.36659161229946524
0 0.4707379134860051 0.3588516751336898 0.472746751908397 0.4432873622994653 0.5852417302798982 0.4397692085561497 0.5872505687022901 0.3567407820855615 0.4707379134860051 0.3588516751336898
0 0.3555644834605598 0.3074866310160428 0.3334672557251908 0.3145229385026738 0.34083299872773537 0.3616661978609626 0.46605062213740456 0.3637770895721925 0.4647113969465649 0.28145229411764705 0.3495379669211196 0.2821559251336898 0.3555644834605598 0.3074866310160428
0 0.5798848269720102 0.32718829144385025 0.5765367620865139 0.2723050949197861 0.465381010178117 0.26597241711229946 0.4700683002544529 0.353222628342246 0.5618052760814249 0.3560371510695187 0.5591268244274809 0.3307064451871658 0.5798848269720102 0.32718829144385025
0 0.34552028880407126 0.2610470026737968 0.4673898486005089 0.2652687874331551 0.46404178371501276 0.18364762165775403 0.4238650063613231 0.18364762165775403 0.41315119847328247 0.16605685294117647 0.38100977608142494 0.16746411497326205 0.3783313244274809 0.18716577540106952 0.35891254834605596 0.19983112834224598 0.33681532061068703 0.20123839037433155 0.34552028880407126 0.2610470026737968
0 0.5504218562340967 0.20897832754010695 0.5464041781170483 0.15057697727272729 0.4868086246819338 0.14705882352941177 0.48546939821882956 0.18998029812834225 0.4687290750636132 0.1913875601604278 0.4693986870229007 0.2652687874331551 0.5751975356234097 0.27019420187165777 0.5731886972010178 0.21531100534759356 0.5504218562340967 0.20897832754010695
0 0.6234096692111959 0.2181255280748663 0.6910405788804072 0.21249648128342247 0.7499665190839695 0.22656909625668448 0.7472880674300255 0.15831691577540108 0.6816659974554707 0.14494793181818183 0.6200616043256998 0.16394596122994654 0.6234096692111959 0.2181255280748663
0 0.6830052226463104 0.21390374331550802 0.6301057989821882 0.22445820454545454 0.6414892188295166 0.313819307486631 0.698406320610687 0.31311567647058824 0.7077809020356234 0.3025612152406417 0.7553234236641222 0.3095975227272727 0.751975358778626 0.23008725000000002 0.6830052226463104 0.21390374331550802
0 0.6354627022900763 0.313819307486631 0.6401499936386769 0.36307345855614975 0.6495245750636133 0.3616661978609626 0.650863800254453 0.3884041657754011 0.7526449707379135 0.390515057486631 0.7499665190839695 0.315930199197861 0.6354627022900763 0.313819307486631
0 0.6234096692111959 0.39684773395721923 0.6274273473282442 0.4376583168449198 0.6588991564885496 0.4432873622994653 0.6635864465648854 0.4658035467914438 0.7479576806615775 0.4665071764705882 0.7452792290076337 0.3954404732620321 0.6234096692111959 0.39684773395721923
0 0.6347930890585242 0.5249085280748663 0.6522030267175573 0.5277230508021391 0.6528726399491095 0.5572755414438503 0.7479576806615775 0.5593864344919786 0.7479576806615775 0.48409794518716576 0.685014062340967 0.4826906844919786 0.6776483193384224 0.4735434839572193 0.6381411539440204 0.4756543770053476 0.6347930890585242 0.5249085280748663
0 0.7459488409669212 0.4728398542780749 0.7499665190839695 0.5375738810160428 0.7780902633587786 0.5361666203208556 0.7800991030534352 0.5467210802139038 0.8222847188295165 0.5460174505347594 0.8256327837150127 0.5607936951871658 0.8684880139949109 0.5629045882352941 0.8745145305343511 0.5284266818181818 0.8838891119592875 0.5277230508021391 0.8825498867684478 0.4700253302139038 0.7459488409669212 0.4728398542780749
0 0.8658095623409668 0.4031804104278075 0.8658095623409668 0.3806642272727273 0.8771929821882952 0.376442442513369 0.8751841437659033 0.315930199197861 0.7606803269720102 0.30185758556149733 0.7466184541984732 0.31170841577540104 0.7492969058524173 0.4658035467914438 0.8778625954198473 0.4665071764705882 0.8758537569974555 0.404587672459893 0.8658095623409668 0.4031804104278075