0 0.04511393141153081 0.14883583908045978 0.0864046491053678 0.23430592337164752 0.09940357852882704 0.22104332375478927 0.1208135805168986 0.25641025670498085 0.14757608151093438 0.2254641915708812 0.13075393836978133 0.16209843869731802 0.14604679622266403 0.11641615134099617 0.09863893538767395 0.004420865900383142 0.04434928926441352 0.08547008620689656 0.04511393141153081 0.14883583908045978
0 0.039761431411530816 0.7043913946360154 0.11775500795228629 0.5850279980842912 0.10857929324055665 0.5540819329501916 0.08411072067594434 0.5761862662835249 0.07340571968190855 0.5585028007662834 0.025233215705765408 0.6528146187739463 0.039761431411530816 0.7043913946360154
0 0.10628536481113321 0.739758325670498 0.1016975069582505 0.7043913946360154 0.12157822266401591 0.6690244616858237 0.11622572266401592 0.6483937509578545 0.14069429622266402 0.6012378429118774 0.12234286580516898 0.5761862662835249 0.03823214512922465 0.7102858831417624 0.06270071868787276 0.7648099022988506 0.10016822166998013 0.7603890363984674 0.10628536481113321 0.739758325670498
0 0.10781465009940358 0.5157677567049809 0.13075393836978133 0.5113468908045976 0.13457715208747514 0.4479811379310345 0.11469643638170973 0.4361921609195402 0.11316715109343936 0.41114058429118777 0.04434928926441352 0.40229885057471265 0.037467502982107354 0.5452402011494253 0.09481572067594433 0.5540819329501916 0.10781465009940358 0.5157677567049809
0 0.0504664324055666 0.3300913639846743 0.1361064383697813 0.36398467432950193 0.14069429622266402 0.31093427586206895 0.12234286580516898 0.31240789846743294 0.1208135805168986 0.27114647892720306 0.061936075546719684 0.2593575 0.0504664324055666 0.3300913639846743
0 0.04205535984095428 0.3286177432950192 0.040526074552683894 0.3949307394636015 0.12998929522862823 0.421455938697318 0.13304786679920477 0.3610374291187739 0.04205535984095428 0.3286177432950192
0 0.19039608548707754 0.2033598582375479 0.2133353727634195 0.20630710344827585 0.21868787276341947 0.07220748659003831 0.14604679622266403 0.0648393754789272 0.14375286779324056 0.19157088122605365 0.15139929622266401 0.20778072413793106 0.1575164393638171 0.24020041187739463 0.18274965606361832 0.24020041187739463 0.19039608548707754 0.2033598582375479
0 0.26991894831013913 0.25641025670498085 0.273742162027833 0.2180960804597701 0.2844471630218688 0.212201591954023 0.29209359244532807 0.08252284099616858 0.2576846610337972 0.08399646360153257 0.24545037475149106 0.2519893908045977 0.26991894831013913 0.25641025670498085
0 0.21486465805168986 0.1871500153256705 0.22633430218687872 0.19893899233716475 0.22098180119284294 0.262304745210728 0.24545037475149106 0.26967285632183907 0.24927358946322067 0.18567639272030653 0.2546260894632207 0.10167992911877395 0.2622725188866799 0.07957559770114943 0.26609573359840955 0.06336575287356322 0.22556965904572565 0.05305039846743295 0.21486465805168986 0.1871500153256705
0 0.29209359244532807 0.18125552681992338 0.29438752087475145 0.2033598582375479 0.2867410914512923 0.22251694636015326 0.27603609145129226 0.2858826992337165 0.2867410914512923 0.3300913639846743 0.37773359840954274 0.26967285632183907 0.3448539532803181 0.15620395019157088 0.31197430815109345 0.16357205938697317 0.29209359244532807 0.18125552681992338
0 0.36779324055666 0.3669319195402299 0.36320538270377734 0.3079870325670498 0.30968037972166995 0.31240789846743294 0.3089157365805169 0.3433539636015326 0.28750573459244533 0.3521956973180077 0.2836825198807157 0.3949307394636015 0.30432787872763417 0.4037724731800766 0.3081510934393638 0.4641909808429119 0.37773359840954274 0.4582964923371648 0.3746750268389662 0.37872089655172414 0.36779324055666 0.3669319195402299
0 0.2989753787276342 0.582080754789272 0.2775653767395626 0.6631299731800766 0.2989753787276342 0.7088122605363985 0.35479431113320076 0.7721780134099617 0.37008716898608346 0.736811082375479 0.3769689552683897 0.741231948275862 0.3976143141153082 0.6631299731800766 0.3815568131212724 0.6410256417624521 0.3823214562624255 0.632183908045977 0.34026609542743536 0.579133509578544 0.33032573757455264 0.5997642203065134 0.2989753787276342 0.582080754789272
0 0.3295610954274354 0.9563807835249042 0.33644288071570577 0.94459180651341 0.3463832385685885 0.9490126724137931 0.35479431113320076 0.8856469195402298 0.34791252485089463 0.8635425881226053 0.3509710964214712 0.8281756551724138 0.31962073757455267 0.8119658122605364 0.31503287972166993 0.8738579425287356 0.31044502186878725 0.951959917624521 0.3295610954274354 0.9563807835249042
0 0.2790946630218688 0.9136457413793103 0.28903502087475147 0.9254347183908046 0.28750573459244533 0.950486295019157 0.30738645029821077 0.9563807835249042 0.31732680815109343 0.8163866781609195 0.29132894930417497 0.8090185670498083 0.2790946630218688 0.9136457413793103
0 0.25997859045725646 0.9622752720306513 0.2622725188866799 0.947539051724138 0.273742162027833 0.9490126724137931 0.27985930616302185 0.8738579425287356 0.27603609145129226 0.8650162107279693 0.27985930616302185 0.8325965229885057 0.25233216103379724 0.8237547892720306 0.23933323161033795 0.9578544061302682 0.25997859045725646 0.9622752720306513
0 0.2064535864811133 0.9313292068965517 0.21486465805168986 0.9342764521072797 0.21639394433399603 0.94459180651341 0.23703930218687871 0.947539051724138 0.25003823260437374 0.8237547892720306 0.21945251590457254 0.8134394348659004 0.2064535864811133 0.9313292068965517
0 0.18963144234592444 0.9608016513409962 0.19421929920477138 0.9224874750957854 0.2026303717693837 0.9210138524904214 0.21257072962226642 0.8045977011494253 0.1773971550695825 0.8016504559386973 0.16669215506958251 0.9549071609195403 0.18963144234592444 0.9608016513409962
0 0.13457715208747514 0.9092248754789272 0.14451750994035786 0.9195402298850575 0.14451750994035786 0.946065429118774 0.16516286878727632 0.950486295019157 0.17433858349900597 0.8031240785440613 0.14834072465208747 0.7987032126436782 0.13457715208747514 0.9092248754789272
0 0.12310750894632207 0.9357500727969349 0.1269307236580517 0.8989095191570882 0.13381250994035784 0.893015030651341 0.1468114393638171 0.7648099022988506 0.11240250795228628 0.7500736819923371 0.09710965009940357 0.9342764521072797 0.12310750894632207 0.9357500727969349
0 0.06805321868787277 0.8679634540229886 0.07646429125248509 0.8753315651340996 0.07722893439363816 0.8885941647509579 0.10016822166998013 0.8871205421455939 0.10857929324055665 0.7603890363984674 0.08334607753479126 0.7589154137931035 0.06805321868787277 0.8679634540229886
0 0 0.9593280287356322 0.040526074552683894 0.9991158275862069 0.05199571769383698 0.9696433831417625 0.06270071868787276 0.9666961398467433 0.06958250497017893 0.9165929846743296 0.06958250497017893 0.8944886532567049 0.007646429423459244 0.8237547892720306 0 0.8443855 0 0.9593280287356322
0 0.2607432326043737 0.7309165938697317 0.2607432326043737 0.6616563505747126 0.19498394234592445 0.6528146187739463 0.1919253707753479 0.7795461245210727 0.285976449304175 0.8163866781609195 0.2936228777335984 0.7441791915708813 0.2607432326043737 0.7309165938697317
0 0.12540143737574552 0.6366047739463601 0.11393179423459245 0.7456528141762452 0.13916500994035785 0.7589154137931035 0.14987001093439362 0.7810197471264368 0.16975072664015903 0.789861478927203 0.18427894135188866 0.7795461245210727 0.19651322862823062 0.6542882413793103 0.1865728707753479 0.6454465076628352 0.1873375129224652 0.6262894195402299 0.16592751192842942 0.6056587088122605 0.15369322564612325 0.6395520191570881 0.12540143737574552 0.6366047739463601
0 0.41949523260437377 0.37277348659003834 0.42735321172962226 0.43218426053639847 0.43702457157057656 0.42868950957854407 0.44004687176938373 0.45548260344827585 0.4890081312127237 0.44732818390804596 0.5349470904572565 0.4531527681992337 0.5343426302186879 0.37393840229885056 0.5252757306163022 0.3587944808429119 0.5234623499005964 0.3180223793103448 0.49263489065606364 0.29821878927203066 0.4388379522862823 0.31103287739463603 0.4364201123260437 0.35646464559386976 0.41949523260437377 0.37277348659003834
0 0.5131865308151093 0.3075381264367816 0.5748414493041749 0.22016934099616858 0.5724236093439364 0.17473757088122607 0.5282980298210735 0.10251270881226054 0.4636208111332008 0.20269558237547894 0.5131865308151093 0.3075381264367816
0 0.5808860487077534 0.13280055363984675 0.5742369890656064 0.2667660249042146 0.6213848687872763 0.28307486590038317 0.6292428479125249 0.2609414406130268 0.6437498876739562 0.2656011091954023 0.6534212475149105 0.14794447701149427 0.5808860487077534 0.13280055363984675
0 0.6769951878727634 0.1339654712643678 0.6733684274353877 0.15726381417624521 0.6558390874751492 0.15260414559386973 0.6479811083499006 0.2888994521072797 0.7144717067594434 0.30637320881226054 0.721725226640159 0.14444972605363984 0.6769951878727634 0.1339654712643678
0 0.7259564463220676 0.1654182337164751 0.7168895467196819 0.2865696168582375 0.7845890656063619 0.3040433735632184 0.7954693449304175 0.18638674329501917 0.7259564463220676 0.1654182337164751
0 0.8178343648111331 0.27026077777777774 0.806349625248509 0.320352214559387 0.8262968041749503 0.4123806685823755 0.8933918638170973 0.35180497701149427 0.8698179234592446 0.25628177203065133 0.8365726242544731 0.2504571858237548 0.8178343648111331 0.27026077777777774
0 0.8311324840954274 0.4147105038314176 0.8625644035785288 0.5346969693486591 0.9290550029821073 0.4729563601532567 0.8933918638170973 0.35995939655172415 0.8311324840954274 0.4147105038314176
0 0.8661911640159046 0.5358618850574712 0.8915784831013917 0.6546834348659004 0.9574646222664016 0.5941077432950191 0.931472842942346 0.47994586206896556 0.8661911640159046 0.5358618850574712
0 0.895809703777336 0.6558483524904215 0.8933918638170973 0.7851541551724137 0.9768073419483101 0.7746699003831418 0.9671359821073559 0.6360447605363985 0.895809703777336 0.6558483524904215
0 0.8420127644135189 0.855049183908046 0.8414083041749504 0.9284389636015326 0.8710268439363817 0.9983339923371648 0.9308683827037773 0.9938026973180076 0.9623003021868788 0.939051591954023 0.9091078230616302 0.7886489061302683 0.8764669840954274 0.796803325670498 0.8420127644135189 0.855049183908046
0 0.7966782654075547 0.7806228601532568 0.7301876660039762 0.9215778333333333 0.7942604254473161 0.9903079463601532 0.8414083041749504 0.8272195459770115 0.7966782654075547 0.7806228601532568
0 0.7114494065606363 0.8644968946360153 0.8027228648111332 0.7816594022988506 0.7634329662027832 0.6781101513409962 0.6902933071570576 0.7468402624521073 0.7114494065606363 0.8644968946360153
0 0.6806219473161034 0.7443820536398468 0.7670597256461233 0.6721571915708813 0.7374411858846918 0.5521707260536398 0.6588613876739563 0.6313850919540229 0.6806219473161034 0.7443820536398468
0 0.6522123280318091 0.6243955881226054 0.7374411858846918 0.5556654770114943 0.7102404870775348 0.43917376245210726 0.6655104473161034 0.4613071877394636 0.6552346282306163 0.4298544252873563 0.6262205487077536 0.4578124367816092 0.6522123280318091 0.6243955881226054
0 0.5742369890656064 0.6931256992337165 0.6570480079522862 0.6395395114942529 0.6238027087475149 0.4811107796934866 0.5518719701789265 0.5498408908045977 0.5742369890656064 0.6931256992337165
0 0.667928287276342 0.7886489061302683 0.681226407554672 0.7816594022988506 0.6866665477137177 0.7408873026819923 0.6691372077534791 0.7036099540229885 0.6389142077534792 0.67914669348659 0.6183625685884692 0.6989502854406131 0.5845128091451293 0.6907958659003831 0.5687968499005963 0.7758348180076629 0.6546301679920478 0.8515544310344828 0.667928287276342 0.7886489061302683
0 0.4297710516898608 0.6546834348659004 0.4436736322067594 0.7874839885057471 0.5047240904572564 0.7234135459770115 0.5524764294234592 0.7117643735632184 0.5319247902584493 0.6057569137931035 0.4714787912524851 0.6080867490421457 0.4297710516898608 0.6546834348659004
0 0.5639611699801192 0.8585439348659004 0.5482452097415507 0.7234135459770115 0.5029107107355865 0.7222486283524904 0.4690609512922465 0.7746699003831418 0.5065374701789264 0.8969861992337165 0.5379693896620279 0.8620386858237548 0.5639611699801192 0.8585439348659004