0 0.18780727581120943 0.06217616580310881 0.18584070796460178 0.10708117487046633 0.11406096312684365 0.11485319559585493 0.1278269424778761 0.21070811787564767 0.07276302802359882 0.21416234844559587 0.07571288053097346 0.25906735751295334 0.3303834808259587 0.2521588950777202 0.3235004911504425 0.06303972409326425 0.18780727581120943 0.06217616580310881
0 0.3274336283185841 0.05181347150259067 0.3254670604719764 0.25129533678756477 0.46705998082595873 0.24956822150259067 0.46509341150442474 0.050086356217616576 0.3274336283185841 0.05181347150259067
0 0.47000983333333335 0.04404145077720207 0.4631268436578171 0.25043177849740933 0.6135693215339233 0.24179620077720207 0.5988200589970502 0.03713298834196891 0.47000983333333335 0.04404145077720207
0 0.6676499513274337 0.05785837694300518 0.6037364793510325 0.05613126036269431 0.6194690265486725 0.23575129533678757 0.7394296946902654 0.23316062176165803 0.7236971489675517 0.08549222797927461 0.6676499513274337 0.05785837694300518
0 0.8141592920353983 0.06649395466321244 0.7256637168141593 0.06908462823834197 0.7384464115044248 0.22538860103626943 0.8711897743362831 0.22193436917098447 0.8603736474926255 0.10017271113989637 0.8141592920353983 0.06649395466321244
0 0.13962635250737462 0.30138169300518136 0.11799410029498525 0.30569948186528495 0.12684365781710916 0.40587219300518135 0.16224188790560473 0.4110535401554404 0.15339233038348082 0.45250431735751295 0.3323500486725664 0.45077720207253885 0.3235004911504425 0.24956822150259067 0.1415929203539823 0.2521588950777202 0.13962635250737462 0.30138169300518136
0 0.3294001961651918 0.25129533678756477 0.3421828908554572 0.45077720207253885 0.43559488643067845 0.4499136437823834 0.46017699115044247 0.39205526813471503 0.4591937064896755 0.24784110492227981 0.3294001961651918 0.25129533678756477
0 0.4631268436578171 0.24438687435233158 0.4631268436578171 0.44559585492227977 0.6243854469026549 0.43609671891191715 0.606686331858407 0.2400690841968912 0.4631268436578171 0.24438687435233158
0 0.608652901179941 0.2400690841968912 0.6184857418879056 0.45509499093264244 0.6892822020648968 0.4490500867875648 0.7050147492625368 0.3963730569948187 0.7453293997050148 0.3911917098445596 0.7394296946902654 0.23402418005181347 0.608652901179941 0.2400690841968912
0 0.8977384469026548 0.21934369559585493 0.7463126843657817 0.22711571632124353 0.7492625368731564 0.42141623445595855 0.8328416917404129 0.4101899831606218 0.8515240899705016 0.3860103626943005 0.880039331858407 0.3765112266839378 0.8977384469026548 0.21934369559585493
0 0.1809242876106195 0.6718480142487047 0.16224188790560473 0.6787564766839378 0.16322517256637167 0.7322970634715027 0.35791543805309733 0.7305699481865285 0.3480825958702065 0.5293609676165804 0.1848574233038348 0.5259067357512953 0.1809242876106195 0.6718480142487047
0 0.35594886873156345 0.5233160621761658 0.36283185840707965 0.7167530220207254 0.48574237905604717 0.7141623484455959 0.4906588008849558 0.5189982733160622 0.35594886873156345 0.5233160621761658
0 0.49262536873156343 0.5181347150259067 0.4886922315634218 0.7271157163212436 0.6175024587020649 0.727979274611399 0.6194690265486725 0.694300518134715 0.6381514262536874 0.680483591968912 0.6371681415929203 0.6303972370466322 0.6234021637168142 0.6096718484455959 0.6184857418879056 0.5172711567357513 0.49262536873156343 0.5181347150259067
0 0.6224188790560472 0.5241796204663213 0.6204523112094396 0.6062176165803109 0.6361848569321533 0.618307426165803 0.640117994100295 0.6796200349740932 0.6184857418879056 0.6848013821243523 0.6214355943952802 0.7322970634715027 0.7630285147492626 0.7262521593264248 0.7620452315634217 0.653713299222798 0.7482792522123893 0.651986182642487 0.7453293997050148 0.574265975388601 0.7118977389380531 0.5708117448186528 0.7020648967551623 0.5414507772020726 0.6843657817109144 0.5405872189119171 0.6784660766961652 0.5267702940414508 0.6224188790560472 0.5241796204663213
0 0.9252704026548673 0.6692573406735751 0.9164208451327435 0.6113989637305699 0.8820058997050148 0.6096718484455959 0.8741396268436578 0.5509499132124352 0.8446411017699115 0.5552677033678757 0.8367748274336284 0.533678756476684 0.7561455265486725 0.5379965453367875 0.7610619469026548 0.708117444300518 0.7915437566371681 0.7089810012953368 0.7954768923303835 0.7288428329015544 0.8918387418879056 0.719343695595855 0.8888888893805309 0.6675302240932643 0.9252704026548673 0.6692573406735751
0 0.23402163274336282 0.8886010362694301 0.24582104277286135 0.9162348873056996 0.3343166179941003 0.9119170984455959 0.3431661755162242 0.7288428329015544 0.18190757079646017 0.7288428329015544 0.18190757079646017 0.7348877370466321 0.1848574233038348 0.8877374779792747 0.23402163274336282 0.8886010362694301
0 0.35299901622418883 0.7202072538860104 0.3461160280235988 0.8203799650259068 0.35791543805309733 0.8212435233160622 0.35299901622418883 0.9343696023316063 0.4906588008849558 0.9335060453367875 0.49262536873156343 0.7202072538860104 0.35299901622418883 0.7202072538860104
0 0.5545722713864307 0.7348877370466321 0.550639134218289 0.7219343691709845 0.49852507374631266 0.7227979274611399 0.4906588008849558 0.883419689119171 0.5152409041297935 0.8868739209844559 0.5181907566371681 0.9153713303108808 0.6047197640117994 0.9058721930051814 0.6096361843657817 0.7340241800518135 0.5545722713864307 0.7348877370466321
0 0.7571288097345134 0.8704663212435233 0.7502458215339234 0.7331606217616581 0.6273352994100295 0.7305699481865285 0.6273352994100295 0.9110535401554405 0.7177974439528024 0.9075993095854922 0.720747296460177 0.8791019002590673 0.7571288097345134 0.8704663212435233
0 0.753195674041298 0.9447322966321244 0.8869223200589971 0.9404145077720207 0.8859390368731563 0.7245250427461141 0.7463126843657817 0.7271157163212436 0.753195674041298 0.9447322966321244