0 0.0884105345744681 0.2738402545045045 0.06479402127659575 0.2810195878378378 0.06539957313829788 0.3374286283783784 0.19377651329787235 0.3240955833333333 0.19377651329787235 0.277942731981982 0.17863772340425532 0.271789018018018 0.17197665558510639 0.1866626463963964 0.09991601462765957 0.19486759684684685 0.0884105345744681 0.2738402545045045
0 0.1949876170212766 0.34665920045045046 0.1768210691489362 0.3476848175675676 0.16531558776595745 0.33127491666666664 0.09264939494680852 0.33947986711711714 0.09991601462765957 0.4143500495495495 0.19740982313829789 0.3999913851351351 0.1949876170212766 0.34665920045045046
0 0.08477722473404256 0.448195472972973 0.0944660505319149 0.617422599099099 0.168948897606383 0.6122945022522523 0.17137110372340425 0.4389649031531532 0.08477722473404256 0.448195472972973
0 0.2646260505319149 0.8902372342342343 0.32094234973404256 0.8953653288288289 0.31730904122340425 0.7794703896396397 0.26341494813829786 0.7989571486486486 0.2646260505319149 0.8902372342342343
0 0.3245756595744681 0.8963909481981982 0.34213665691489364 0.8933140900900901 0.3487977247340425 0.8789554256756757 0.36999203058510644 0.8728017117117117 0.3748364428191489 0.8471612387387387 0.39481964627659577 0.8358794301801802 0.39481964627659577 0.7815216283783785 0.31791459175531916 0.774342295045045 0.3245756595744681 0.8963909481981982
0 0.24827615824468088 0.7271638243243244 0.25251501861702125 0.7845984842342342 0.3136757313829787 0.7722910563063062 0.3064091117021277 0.6799853536036036 0.2628093962765957 0.6861390675675675 0.24827615824468088 0.7271638243243244
0 0.3160979375 0.7712654391891891 0.38936968218085105 0.7763935337837837 0.38391971675531916 0.6820365900900901 0.31246462765957445 0.6799853536036036 0.3160979375 0.7712654391891891
0 0.2173930265957447 0.688190304054054 0.31791459175531916 0.6820365900900901 0.32094234973404256 0.45947728153153156 0.21981523271276596 0.45947728153153156 0.2173930265957447 0.688190304054054
0 0.32094234973404256 0.49537394594594597 0.31791459175531916 0.6758828783783783 0.39663630053191484 0.6769084954954955 0.39663630053191484 0.49742518243243244 0.32094234973404256 0.49537394594594597
0 0.4359971555851064 0.9086983761261261 0.5195632765957447 0.9045958986486486 0.5141133124999999 0.7640861058558559 0.42873053590425536 0.7702398198198197 0.4359971555851064 0.9086983761261261
0 0.5213799308510638 0.8871603783783784 0.5898072632978724 0.8779298063063063 0.5831461954787234 0.7651117252252252 0.515324414893617 0.7671629617117117 0.5213799308510638 0.8871603783783784
0 0.5135077606382978 0.7640861058558559 0.5916239175531914 0.7558811531531531 0.587990607712766 0.6922927792792792 0.5722462659574468 0.6922927792792792 0.56619075 0.6553704977477478 0.5147188643617021 0.6625498310810811 0.5165355186170213 0.7210101103603603 0.5135077606382978 0.7640861058558559
0 0.5135077606382978 0.7640861058558559 0.5177466223404256 0.7189588716216216 0.5116911063829788 0.6728060202702703 0.4372082579787234 0.6728060202702703 0.44023601595744677 0.7671629617117117 0.5135077606382978 0.7640861058558559
0 0.5007911768617022 0.6666523063063063 0.49594676462765963 0.5405011779279278 0.42146391622340423 0.5466548918918919 0.42328057180851064 0.6707547815315316 0.5007911768617022 0.6666523063063063
0 0.5020022805851064 0.6625498310810811 0.5873850558510638 0.6553704977477478 0.5873850558510638 0.5435780337837838 0.4977634188829787 0.5415267972972972 0.5020022805851064 0.6625498310810811
0 0.22223743882978725 0.2348667364864865 0.22526519680851065 0.33127491666666664 0.35424768882978724 0.33127491666666664 0.35121993085106384 0.2287130225225225 0.22223743882978725 0.2348667364864865
0 0.35000882712765957 0.2246105472972973 0.34395331117021277 0.11589493918918918 0.2143652686170213 0.1240998918918919 0.2186041289893617 0.22563616441441442 0.35000882712765957 0.2246105472972973
0 0.49473566090425536 0.4143500495495495 0.4953412127659575 0.3230699639639639 0.48686348936170215 0.25845597072072074 0.40632512632978723 0.2635840653153153 0.40995843617021277 0.4184525247747748 0.49473566090425536 0.4143500495495495
0 0.4917079029255319 0.2707633986486486 0.49655231515957443 0.3158906306306306 0.49594676462765963 0.37742776801801803 0.5607407859042554 0.3784533873873874 0.558318579787234 0.2697377792792793 0.4917079029255319 0.2707633986486486
0 0.41359174601063825 0.2646096846846847 0.49110235106382977 0.25537911486486486 0.4953412127659575 0.18973950225225225 0.48807459308510637 0.12922798648648648 0.40935288430851063 0.13640731756756758 0.41359174601063825 0.2646096846846847
0 0.4898912473404255 0.13127922297297298 0.498974522606383 0.19589321621621622 0.4917079029255319 0.2646096846846847 0.5704296117021277 0.2635840653153153 0.5534741662234043 0.13127922297297298 0.4898912473404255 0.13127922297297298
0 0.5970738816489362 0.30768568018018017 0.7551228510638298 0.3025575855855856 0.7508839893617021 0.24102045045045045 0.7302952353723404 0.24204606756756755 0.7278730279255319 0.18256017117117115 0.6842733125 0.18256017117117115 0.667923420212766 0.15589407882882883 0.5958627792553192 0.15999655405405405 0.5970738816489362 0.30768568018018017
0 0.6903288284574469 0.41640128603603604 0.7012287579787234 0.4071707162162162 0.7533061954787235 0.3753765292792793 0.7539117473404255 0.31076253603603604 0.5873850558510638 0.31691625 0.587990607712766 0.4184525247747748 0.6903288284574469 0.41640128603603604
0 0.6164515332446808 0.6635754504504504 0.6315903231382979 0.6656266869369369 0.6346180811170213 0.7220357297297297 0.6509679747340426 0.7271638243243244 0.6546012845744681 0.751778677927928 0.7078898257978724 0.7466505833333333 0.7030454122340426 0.5415267972972972 0.6231126010638298 0.5415267972972972 0.6164515332446808 0.6635754504504504
0 0.7036509640957447 0.6410118333333333 0.7078898257978724 0.7404968693693694 0.7914559468085107 0.7363943941441442 0.786005982712766 0.6440886891891892 0.7036509640957447 0.6410118333333333
0 0.7066787220744681 0.6369093581081081 0.7914559468085107 0.6389605945945946 0.7829782247340425 0.5240912747747748 0.6988065518617022 0.5240912747747748 0.7066787220744681 0.6369093581081081
0 0.6346180811170213 0.905621518018018 0.6921454840425533 0.9128008513513513 0.7006232061170212 0.8851091396396396 0.735139647606383 0.8779298063063063 0.7466451276595745 0.8204951463963964 0.7460395771276596 0.7712654391891891 0.6309847712765957 0.7702398198198197 0.6231126010638298 0.8871603783783784 0.6346180811170213 0.905621518018018
0 0.985232460106383 0.8779298063063063 0.984021357712766 0.7845984842342342 0.9634326023936169 0.7815216283783785 0.9622215 0.742548108108108 0.9307328164893617 0.7333175382882883 0.8913719614361703 0.7466505833333333 0.8956108231382979 0.8912628536036036 0.985232460106383 0.8779298063063063
0 0.8078058404255319 0.8635711418918919 0.8943997194148936 0.8563918085585586 0.8913719614361703 0.7507530585585586 0.8623054840425531 0.7374200135135135 0.8047780824468086 0.7569067725225225 0.8078058404255319 0.8635711418918919
0 0.8653332433510638 0.7374200135135135 0.8950052712765957 0.748701822072072 0.8925830651595745 0.6656266869369369 0.7969059109042553 0.6738316396396395 0.7993281183510638 0.7589580112612613 0.8653332433510638 0.7374200135135135
0 0.8956108231382979 0.7507530585585586 0.9337605744680851 0.7343431554054054 0.9658548085106383 0.742548108108108 0.9761491861702127 0.7117795405405406 0.978571392287234 0.6666523063063063 0.8913719614361703 0.6656266869369369 0.8956108231382979 0.7507530585585586
0 0.9597992925531914 0.6625498310810811 0.9537437765957447 0.49947642117117114 0.8901608590425533 0.5076813716216216 0.8883442034574468 0.6635754504504504 0.9597992925531914 0.6625498310810811
0 0.8865275492021277 0.5753722207207208 0.8943997194148936 0.502553277027027 0.8877386515957447 0.448195472972973 0.836872317819149 0.45434918693693693 0.8199168723404255 0.5035788963963964 0.7956948085106382 0.5056301351351351 0.794483704787234 0.5866540292792792 0.8865275492021277 0.5753722207207208
0 0.8901608590425533 0.6676779256756757 0.8901608590425533 0.5846027927927928 0.8635165877659574 0.5815259346846847 0.7969059109042553 0.5876796486486486 0.7987225664893617 0.6707547815315316 0.8901608590425533 0.6676779256756757
0 0.7829782247340425 0.45845166441441443 0.8883442034574468 0.4471698558558559 0.8877386515957447 0.3794790045045045 0.8647276914893617 0.3446079617117117 0.8308168018617021 0.3497360563063063 0.8114391502659574 0.403068240990991 0.7823726728723404 0.41024757432432435 0.7829782247340425 0.45845166441441443
0 0.9004552353723404 0.3415311058558559 0.8859219973404255 0.3794790045045045 0.8883442034574468 0.45127233108108106 0.9713047739361702 0.4502467117117117 0.9682770159574469 0.3281980585585586 0.9004552353723404 0.3415311058558559
0 0.7896392925531915 0.3158906306306306 0.8629110359042553 0.3415311058558559 0.8871331010638298 0.37435090990990993 0.8919775132978724 0.34255672297297296 0.954954880319149 0.3251212027027027 0.9543493284574468 0.22255930855855857 0.7866115345744681 0.2297386418918919 0.7896392925531915 0.3158906306306306
0 0.8193113204787235 0.18256017117117115 0.8247612845744682 0.22563616441441442 0.9719103244680851 0.22768740315315317 0.9664603603723404 0.12307427252252251 0.8423222819148937 0.11999741441441442 0.8338445598404255 0.1743552184684685 0.8193113204787235 0.18256017117117115