0 0.20454545384615386 0.06326148109965636 0.09090909038461539 0.06950952749140894 0.07167832115384616 0.0913776941580756 0.07167832115384616 0.12027491408934708 0.03059440576923077 0.11793189690721649 0.03321678269230769 0.16244923539518902 0.13111888076923078 0.1593252113402062 0.22465035 0.15698219243986256 0.23076923076923078 0.09762574226804124 0.20454545384615386 0.06326148109965636
0 0.028846153846153848 0.16166822852233675 0.022727273076923078 0.20306154295532647 0.13024475576923075 0.19993751890034364 0.20629370576923078 0.20852858419243986 0.2089160846153846 0.16244923539518902 0.028846153846153848 0.16166822852233675
0 0.1346153846153846 0.20071852577319588 0.04195804230769231 0.2054045618556701 0.04370629423076923 0.24133083333333333 0.14597902115384617 0.24133083333333333 0.21153846153846154 0.24601686941580755 0.20192307692307693 0.20696657216494846 0.1346153846153846 0.20071852577319588
0 0.13811188846153843 0.24445485738831615 0.047202798076923076 0.2452358642611684 0.04458041923076923 0.2866291786941581 0.1319930076923077 0.28741018384879724 0.21066433653846153 0.2881911907216495 0.21066433653846153 0.24835988831615122 0.13811188846153843 0.24445485738831615
0 0.12762237692307693 0.28741018384879724 0.04458041923076923 0.28741018384879724 0.042832167307692307 0.3342705412371134 0.13286713269230768 0.32802249312714776 0.20541958076923075 0.33114651718213056 0.2089160846153846 0.2913152147766323 0.12762237692307693 0.28741018384879724
0 0.13898601346153847 0.33036551030927835 0.03758741346153846 0.33661355841924395 0.03671328653846154 0.3826929089347079 0.1398601403846154 0.3678537955326461 0.21066433653846153 0.37332083676975947 0.20541958076923075 0.33583255154639174 0.13898601346153847 0.33036551030927835
0 0.13898601346153847 0.3662917835051546 0.05506993076923077 0.3826929089347079 0.05681818269230769 0.4162761632302406 0.13111888076923078 0.40924710996563574 0.21328671346153846 0.4147141512027492 0.21153846153846154 0.37332083676975947 0.13898601346153847 0.3662917835051546
0 0.1319930076923077 0.41237113402061853 0.059440559615384615 0.42174320446735397 0.06818181730769231 0.4654795378006873 0.14860139807692307 0.45688847250859105 0.20716783269230768 0.4639175257731959 0.20716783269230768 0.4201811941580756 0.1319930076923077 0.41237113402061853
0 0.13898601346153847 0.4748516082474227 0.03321678269230769 0.49515776288659796 0.042832167307692307 0.5568572319587629 0.13374125961538463 0.5295220240549828 0.22027972115384617 0.5404561082474227 0.22465035 0.4826616683848797 0.13898601346153847 0.4748516082474227
0 0.1354895096153846 0.5287410189003436 0.06905594423076922 0.5490471735395189 0.06905594423076922 0.580287410652921 0.1398601403846154 0.5716963453608248 0.21066433653846153 0.5763823797250859 0.21066433653846153 0.5451421426116838 0.1354895096153846 0.5287410189003436
0 0.13723776153846154 0.572477350515464 0.06468531538461539 0.5826304278350516 0.06993006923076923 0.619337706185567 0.1354895096153846 0.6154326769759451 0.21066433653846153 0.6208997182130584 0.20716783269230768 0.5810684158075602 0.13723776153846154 0.572477350515464
0 0.13811188846153843 0.6162136838487973 0.03933566346153846 0.627147766323024 0.04020979038461538 0.67713214604811 0.1346153846153846 0.6544829742268041 0.2097902096153846 0.6646360515463917 0.20629370576923078 0.6208997182130584 0.13811188846153843 0.6162136838487973
0 0.13286713269230768 0.6544829742268041 0.07342657307692307 0.6747891288659794 0.07867132884615384 0.7060293659793814 0.1398601403846154 0.7013433298969073 0.21328671346153846 0.7091533900343643 0.21153846153846154 0.6701030927835051 0.13286713269230768 0.6544829742268041
0 0.14160839230769232 0.7044673539518901 0.07080419615384616 0.7099343951890035 0.0743007 0.7419556391752576 0.14335664423076924 0.7419556391752576 0.21416083846153847 0.7442986563573883 0.21066433653846153 0.7114964072164949 0.14160839230769232 0.7044673539518901
0 0.1398601403846154 0.7435176512027492 0.0743007 0.746641675257732 0.07779720192307693 0.7927210240549828 0.1424825173076923 0.7864729776632303 0.21241258653846154 0.7888159948453608 0.21241258653846154 0.7513277096219931 0.1398601403846154 0.7435176512027492
0 0.07342657307692307 0.7997500773195876 0.07342657307692307 0.8372383625429553 0.11888111923076923 0.8294283041237114 0.12412587500000001 0.843486410652921 0.13723776153846154 0.843486410652921 0.1407342653846154 0.8762886597938144 0.21416083846153847 0.870821618556701 0.21416083846153847 0.7950640429553265 0.14160839230769232 0.7872539828178694 0.07342657307692307 0.7997500773195876
0 0.34790209807692307 0.866916589347079 0.375874125 0.8427054037800688 0.40209790192307693 0.8294283041237114 0.40384615384615385 0.7802249295532646 0.32080419615384614 0.770071852233677 0.24475524423076925 0.7731958762886598 0.24562937115384614 0.8567635120274915 0.34790209807692307 0.866916589347079
0 0.3173076923076923 0.7677288350515463 0.375874125 0.773976881443299 0.36888111923076927 0.7310215549828178 0.3068181826923077 0.7302405498281787 0.2430069923076923 0.7364885979381444 0.2430069923076923 0.7708528591065292 0.3173076923076923 0.7677288350515463
0 0.31293706346153843 0.7263355206185568 0.375 0.73180256185567 0.37150349615384615 0.7029053419243987 0.31468531538461536 0.6857232113402062 0.250874125 0.692752264604811 0.24737762307692304 0.7325835670103092 0.31293706346153843 0.7263355206185568
0 0.3155594403846154 0.6841611993127148 0.4239510480769231 0.7146204312714777 0.4178321673076923 0.6786941580756014 0.3697552442307692 0.6677600756013746 0.36013985961538464 0.6505779450171821 0.31206293653846157 0.6427678848797251 0.24737762307692304 0.6458919089347079 0.24650349615384615 0.6911902525773196 0.3155594403846154 0.6841611993127148
0 0.249125875 0.6435488917525773 0.3068181826923077 0.6404248676975945 0.3618881115384615 0.646672914089347 0.36625874038461537 0.6591690103092783 0.4099650346153846 0.6607310223367697 0.4055944057692307 0.627147766323024 0.36013985961538464 0.6021555756013746 0.31031468461538464 0.6013745704467354 0.24388111923076922 0.6076226185567011 0.249125875 0.6435488917525773
0 0.31468531538461536 0.5982505463917526 0.3618881115384615 0.5990315532646049 0.40909090961538463 0.6255857542955326 0.41433566346153844 0.5873164639175258 0.34790209807692307 0.5584192439862543 0.30244755192307693 0.5599812560137457 0.24125874038461537 0.5654482972508591 0.24388111923076922 0.6044985945017182 0.31468531538461536 0.5982505463917526
0 0.3513986019230769 0.5560762268041237 0.4064685307692308 0.580287410652921 0.40472027884615386 0.5474851615120275 0.34527972115384614 0.5201499536082475 0.24475524423076925 0.5201499536082475 0.24475524423076925 0.5631052800687286 0.3513986019230769 0.5560762268041237
0 0.3566433557692308 0.5201499536082475 0.41433566346153844 0.5506091838487972 0.41695804230769234 0.4943767577319588 0.35926573461538464 0.4756326151202749 0.24388111923076922 0.4748516082474227 0.24213286730769232 0.5139019054982819 0.3566433557692308 0.5201499536082475
0 0.3548951057692308 0.45766947766323024 0.3863636365384615 0.4654795378006873 0.38461538461538464 0.41002811683848794 0.34527972115384614 0.3967510154639175 0.2395104903846154 0.39987503951890035 0.24125874038461537 0.45766947766323024 0.3548951057692308 0.45766947766323024
0 0.3417832173076923 0.3959700085910653 0.3854895096153846 0.40612308591065294 0.3854895096153846 0.3639487663230241 0.30856643269230766 0.35457669415807563 0.23601398653846153 0.35926273024054983 0.23776223846153846 0.39831302749140896 0.3417832173076923 0.3959700085910653
0 0.3076923076923077 0.35223367697594504 0.3828671326923077 0.3616057474226804 0.38199300769230765 0.3233364570446735 0.3068181826923077 0.3139643865979381 0.2403846153846154 0.3194314278350515 0.23863636346153846 0.35613870618556703 0.3076923076923077 0.35223367697594504
0 0.3094405596153846 0.31084036254295533 0.375 0.32021243298969077 0.37150349615384615 0.27803811340206186 0.30419580384615386 0.27413308419243987 0.2430069923076923 0.27725710652920965 0.2403846153846154 0.3147453917525773 0.3094405596153846 0.31084036254295533
0 0.3068181826923077 0.2725710721649484 0.3732517480769231 0.27725710652920965 0.3732517480769231 0.23664479896907217 0.3059440557692308 0.23508278694158077 0.2430069923076923 0.23820681099656354 0.24650349615384615 0.27491408934707906 0.3068181826923077 0.2725710721649484
0 0.3094405596153846 0.23195876288659795 0.36625874038461537 0.23508278694158077 0.4064685307692308 0.25695095360824743 0.42220279807692307 0.21165260824742269 0.3618881115384615 0.19368947250859106 0.3068181826923077 0.19134645360824742 0.2430069923076923 0.19134645360824742 0.2430069923076923 0.23586379209621994 0.3094405596153846 0.23195876288659795
0 0.2395104903846154 0.19212746048109963 0.2980769230769231 0.18900343642611683 0.3645104903846154 0.19134645360824742 0.35926573461538464 0.15463917525773196 0.3050699307692307 0.15073414604810997 0.2342657346153846 0.15698219243986256 0.2395104903846154 0.19212746048109963
0 0.30856643269230766 0.14761012199312715 0.36013985961538464 0.15307716323024054 0.37150349615384615 0.11012183676975944 0.2945804192307692 0.09684473539518901 0.23688811153846157 0.10153077147766323 0.23688811153846157 0.14995313917525774 0.30856643269230766 0.14761012199312715
0 0.5690559442307692 0.06950952749140894 0.5673076923076923 0.10465479553264605 0.5201048942307692 0.10543580068728522 0.52534965 0.16323024054982818 0.5917832173076923 0.16244923539518902 0.6599650346153847 0.15776319931271476 0.649475525 0.07185254639175258 0.5690559442307692 0.06950952749140894
0 0.47727272692307693 0.15620118728522336 0.4763986019230769 0.2108716030927835 0.5856643365384615 0.20071852577319588 0.6617132865384615 0.2038425498281787 0.6547202788461538 0.1608872233676976 0.47727272692307693 0.15620118728522336
0 0.5856643365384615 0.20228053780068728 0.52534965 0.2077475790378007 0.526223776923077 0.24445485738831615 0.5952797211538462 0.24211184020618554 0.6599650346153847 0.24679787628865976 0.6538461538461539 0.2108716030927835 0.5856643365384615 0.20228053780068728
0 0.5865384615384616 0.239768823024055 0.5218531461538461 0.24835988831615122 0.52534965 0.28741018384879724 0.5944055942307692 0.2827241494845361 0.6529720288461539 0.28741018384879724 0.647727273076923 0.2507029054982818 0.5865384615384616 0.239768823024055
0 0.5909090903846154 0.2827241494845361 0.52534965 0.28897219587628864 0.5288461538461539 0.33114651718213056 0.5917832173076923 0.32489846907216496 0.6486013980769231 0.3272414862542955 0.6538461538461539 0.29287722508591063 0.5909090903846154 0.2827241494845361
0 0.5847902096153846 0.32411746391752577 0.5218531461538461 0.3373945635738832 0.5236013980769231 0.3701968127147766 0.5856643365384615 0.36707279037800683 0.6538461538461539 0.3709778195876288 0.6451048942307692 0.33036551030927835 0.5847902096153846 0.32411746391752577
0 0.5839160846153847 0.3662917835051546 0.5218531461538461 0.37175882474226807 0.5288461538461539 0.40690409278350514 0.5917832173076923 0.40846610481099654 0.649475525 0.40221805670103095 0.6538461538461539 0.3725398316151203 0.5839160846153847 0.3662917835051546
0 0.5882867134615385 0.40924710996563574 0.5297202788461538 0.41002811683848794 0.5314685307692307 0.45610746563573884 0.5917832173076923 0.4506404243986254 0.65034965 0.449078412371134 0.649475525 0.40690409278350514 0.5882867134615385 0.40924710996563574
0 0.5900349653846153 0.4514214312714777 0.5270979019230769 0.4615745085910653 0.5349650346153847 0.49515776288659796 0.5909090903846154 0.4896907216494845 0.6459790211538461 0.4857856924398626 0.651223776923077 0.4498594192439862 0.5900349653846153 0.4514214312714777
0 0.5891608384615384 0.4935957508591065 0.5297202788461538 0.4990627920962199 0.5174825173076923 0.5154639175257731 0.5270979019230769 0.5365510773195876 0.651223776923077 0.5349890652920962 0.6529720288461539 0.487347704467354 0.5891608384615384 0.4935957508591065
0 0.7526223769230769 0.1608872233676976 0.8671328673076922 0.17728834707903782 0.8417832173076923 0.11793189690721649 0.7963286711538462 0.10153077147766323 0.6888111884615385 0.10231177835051546 0.6905594403846154 0.16401124570446735 0.7526223769230769 0.1608872233676976
0 0.7613636365384615 0.19915651374570448 0.8627622384615385 0.21399562714776632 0.8645104903846154 0.17885035910652922 0.7552447557692308 0.16010621649484538 0.6940559442307692 0.1679162766323024 0.6940559442307692 0.20696657216494846 0.7613636365384615 0.19915651374570448
0 0.7596153846153846 0.239768823024055 0.875 0.25695095360824743 0.8715034961538461 0.21477663230240548 0.7569930076923077 0.20306154295532647 0.6966783211538461 0.2108716030927835 0.6914335673076923 0.24757888144329898 0.7596153846153846 0.239768823024055
0 0.7587412596153846 0.28194314261168385 0.8776223769230769 0.30381130927835054 0.8854895096153846 0.255388941580756 0.7596153846153846 0.24211184020618554 0.6923076923076923 0.25226491752577324 0.6905594403846154 0.2866291786941581 0.7587412596153846 0.28194314261168385
0 0.7578671326923078 0.3225554518900344 0.8828671326923078 0.3436426116838488 0.8846153846153846 0.30849734536082474 0.7526223769230769 0.28350515463917525 0.6949300692307692 0.2913152147766323 0.6931818173076923 0.32802249312714776 0.7578671326923078 0.3225554518900344
0 0.7622377615384615 0.3686348024054983 0.8767482519230769 0.3897219621993127 0.8828671326923078 0.3475476408934708 0.7604895096153846 0.3233364570446735 0.6931818173076923 0.3397375824742268 0.6905594403846154 0.3725398316151203 0.7622377615384615 0.3686348024054983
0 0.7578671326923078 0.40378006872852235 0.8898601403846155 0.4326772886597938 0.8907342653846154 0.3936269914089347 0.7596153846153846 0.3694158075601375 0.6958041961538461 0.37878787800687286 0.6966783211538461 0.4154951580756014 0.7578671326923078 0.40378006872852235
0 0.7596153846153846 0.44673539518900346 0.8924825173076923 0.46704154982817864 0.8916083923076923 0.4342393006872852 0.7639860134615384 0.40690409278350514 0.6966783211538461 0.4194001872852234 0.6914335673076923 0.4506404243986254 0.7596153846153846 0.44673539518900346
0 0.7517482519230769 0.49671977491408936 0.8470279711538461 0.5139019054982819 0.850524475 0.46469853092783503 0.7561188807692308 0.4482974072164948 0.6923076923076923 0.45766947766323024 0.6923076923076923 0.5006248041237114 0.7517482519230769 0.49671977491408936