0 0.1064109299132948 0.5972952665289256 0.2055964270231214 0.5972952665289256 0.20362585404624275 0.5484598047520661 0.19574356286127167 0.47990232954545453 0.18326326878612717 0.4132231404958678 0.08670520231213873 0.40664913636363637 0.1064109299132948 0.5972952665289256
0 0.23712559104046244 0.41885800103305787 0.18457698338150288 0.4132231404958678 0.19837099349710982 0.4855371900826446 0.20756699927745664 0.6010518409090909 0.2679978981213873 0.6029301280991735 0.25945874927745666 0.4845980464876033 0.23712559104046244 0.41885800103305787
0 0.25354703106936416 0.4094665661157025 0.27719390462427745 0.6038692716942148 0.32186022037572254 0.6085649886363637 0.3290856539017341 0.5681818181818182 0.3238307933526012 0.48271975929752065 0.29624277456647397 0.4047708491735537 0.25354703106936416 0.4094665661157025
0 0.3100367839595376 0.4254320061983471 0.32251707803468205 0.47802404235537194 0.33105622687861275 0.5644252438016529 0.3238307933526012 0.6085649886363637 0.37966368858381505 0.606686701446281 0.3868891221098266 0.5747558223140496 0.3822911192196532 0.49586776859504134 0.3717813981213872 0.42918857954545453 0.3100367839595376 0.4254320061983471
0 0.3744088280346821 0.42637114979338847 0.38557540751445085 0.47238918078512393 0.3928008410404624 0.5944778357438018 0.4479768786127168 0.5982344101239669 0.43878087210982664 0.43012772314049585 0.3744088280346821 0.42637114979338847
0 0.5064372044797688 0.5897821188016529 0.5694955332369942 0.5888429752066116 0.5570152391618497 0.374718257231405 0.49921177095375724 0.3728399700413223 0.5064372044797688 0.5897821188016529
0 0.5688386755780347 0.5935386931818182 0.6207304255780347 0.5888429752066116 0.6115344190751445 0.42261457541322317 0.5602995267341041 0.42731029338842974 0.5688386755780347 0.5935386931818182
0 0.6312401473988439 0.42449286260330577 0.6286127167630058 0.47238918078512393 0.6167892803468208 0.47614575516528923 0.6194167102601156 0.5672426745867769 0.6358381502890174 0.5663035309917356 0.6371518656069364 0.595416979338843 0.662769311416185 0.595416979338843 0.6653967420520231 0.6085649886363637 0.6890436156069364 0.609504132231405 0.6831318966763006 0.42167543181818185 0.6312401473988439 0.42449286260330577
0 0.7468470838150288 0.47614575516528923 0.7310825014450867 0.47708489876033056 0.7304256437861272 0.42167543181818185 0.6831318966763006 0.42073628822314046 0.6903573302023122 0.6132607066115702 0.7021807673410404 0.6113824194214876 0.7048081972543353 0.5944778357438018 0.7317393591040462 0.5925995495867769 0.7350236466763006 0.5362509390495868 0.7468470838150288 0.5390683698347107 0.7468470838150288 0.47614575516528923
0 0.7455333684971098 0.4038317055785124 0.7527588020231214 0.5916604059917355 0.8145034154624278 0.5869646880165289 0.8118759855491329 0.4038317055785124 0.7455333684971098 0.4038317055785124
0 0.8309248554913294 0.45736288533057856 0.825013137283237 0.4385800154958678 0.8125328432080925 0.4385800154958678 0.8158171307803468 0.5963561229338843 0.8624540202312139 0.5925995495867769 0.8624540202312139 0.45266716735537194 0.8309248554913294 0.45736288533057856
0 0.8644245924855491 0.41228399690082645 0.8723068836705202 0.6029301280991735 0.9393063583815029 0.6029301280991735 0.93405149783237 0.4141622840909091 0.8644245924855491 0.41228399690082645
0 0.935365213150289 0.4141622840909091 0.9393063583815029 0.6038692716942148 0.9839726748554913 0.6076258450413223 0.9833158171965318 0.5465815175619835 0.9944823959537572 0.5400075134297521 0.9905412507225434 0.4855371900826446 0.9820021018786127 0.483658902892562 0.9780609566473988 0.4179188584710744 0.935365213150289 0.4141622840909091
0 0.9399632160404624 0.7409842221074381 0.9425906466763005 0.8311419989669421 0.9491592225433526 0.8311419989669421 0.9563846560693642 0.9579263708677687 0.999080399566474 0.95886551446281 0.9957961112716763 0.7419233657024794 0.9399632160404624 0.7409842221074381
0 0.8985811878612716 0.9823441022727273 0.9609826589595376 0.9861006766528925 0.953757225433526 0.8320811415289256 0.9425906466763005 0.833020285123967 0.9399632160404624 0.8067242675619835 0.8920126119942197 0.8010894059917356 0.8985811878612716 0.9823441022727273
0 0.8966106148843931 0.9776483842975207 0.895296899566474 0.8593163037190082 0.8788754595375723 0.8574380165289256 0.8749343143063584 0.7992111198347107 0.8309248554913294 0.7945154018595041 0.8335522861271676 0.9757700981404959 0.8966106148843931 0.9776483842975207
0 0.7875722543352601 0.8471074380165289 0.7672096690751445 0.8433508636363637 0.7750919602601156 0.9691960929752066 0.8348660007225434 0.9795266714876033 0.8296111401734104 0.7973328326446281 0.7856016813583815 0.7963936890495867 0.7875722543352601 0.8471074380165289
0 0.773121387283237 0.9701352365702479 0.7704939566473988 0.8348985723140496 0.759984235549133 0.833020285123967 0.7521019443641619 0.7898196849173553 0.7074356278901734 0.7832456797520662 0.7140042037572254 0.9701352365702479 0.773121387283237 0.9701352365702479
0 0.7113767738439306 0.9438392190082644 0.7074356278901734 0.7841848233471075 0.6496321596820809 0.7813673925619835 0.6601418815028901 0.9466566487603306 0.7113767738439306 0.9438392190082644
0 0.6594850238439306 0.9457175051652893 0.6489753020231214 0.7785499628099173 0.5892012608381503 0.7804282489669422 0.5997109826589595 0.9466566487603306 0.6594850238439306 0.9457175051652893
0 0.5366526539017341 0.9466566487603306 0.6010246979768786 0.9485349359504133 0.5865738309248555 0.7804282489669422 0.5294272203757225 0.7813673925619835 0.5366526539017341 0.9466566487603306
0 0.5373095115606936 0.967317805785124 0.5281135050578034 0.7813673925619835 0.47425118208092487 0.7851239669421488 0.483447188583815 0.9738918109504132 0.5373095115606936 0.967317805785124
0 0.483447188583815 0.9738918109504132 0.47162375216763003 0.7851239669421488 0.4210457174855491 0.777610819214876 0.43418286921965316 0.9663786621900827 0.483447188583815 0.9738918109504132
0 0.3770362586705202 0.9278737789256198 0.3750656856936416 0.956048083677686 0.42827115101156066 0.9532306539256198 0.4308985809248555 0.9062734783057852 0.424986862716763 0.8226897066115703 0.413163426300578 0.7813673925619835 0.35338938511560697 0.7785499628099173 0.3684971098265896 0.8518031559917355 0.3770362586705202 0.9278737789256198
0 0.3212033634393064 0.9072126219008265 0.3244876510115607 0.9513523667355371 0.3717813981213872 0.9551089411157024 0.3750656856936416 0.9222389183884298 0.36981082514450864 0.8527422985537191 0.348134524566474 0.777610819214876 0.29492905924855495 0.7719759576446281 0.3212033634393064 0.9072126219008265
0 0.2476353128612717 0.8433508636363637 0.257488176300578 0.9231780619834711 0.25486074638728323 0.947595792355372 0.31266421459537574 0.947595792355372 0.3054387810693642 0.8480465816115702 0.28901734104046245 0.7747933884297521 0.22727272760115608 0.7719759576446281 0.2476353128612717 0.8433508636363637
0 0.2069101416184971 0.9203606311983471 0.20493956936416186 0.9494740795454546 0.2555176040462428 0.9504132231404959 0.2561744617052023 0.9222389183884298 0.24566473988439305 0.8386551466942148 0.22267472398843932 0.7719759576446281 0.18523384104046242 0.777610819214876 0.19705727817919078 0.8536814421487604 0.2069101416184971 0.9203606311983471
0 0.14188123988439308 0.9184823440082645 0.14516552817919073 0.9513523667355371 0.19245927456647396 0.947595792355372 0.19574356286127167 0.9100300526859504 0.18260641112716763 0.8339594287190083 0.1648712557803468 0.7710368140495868 0.1116657911849711 0.7691585278925619 0.1320283764450867 0.8386551466942148 0.14188123988439308 0.9184823440082645
0 0.05579006864161849 0.7719759576446281 0.09585838150289018 0.9166040568181818 0.09458749349710982 0.9457175051652893 0.1346558063583815 0.947595792355372 0.14056752528901734 0.9166040568181818 0.13268523410404623 0.8386551466942148 0.10444035765895954 0.7691585278925619 0.05579006864161849 0.7719759576446281