0 0.45870711190233976 0.09142415651558074 0.5197447517802645 0.08949266005665722 0.5918801444557477 0.1004378059490085 0.5946545829094608 0.043780582152974507 0.5243688148524924 0.031547772662889516 0.4559326734486267 0.04184908569405099 0.45870711190233976 0.09142415651558074
0 0.5215943774160732 0.09078032436260623 0.4540830478128179 0.08949266005665722 0.3847220935910478 0.09786247733711048 0.38934615768056974 0.16868400708215298 0.49939887182095627 0.14936904461756373 0.5965042075279756 0.16610867917847025 0.5937297700915564 0.10236930240793202 0.5215943774160732 0.09078032436260623
0 0.4975492461851475 0.15130054107648724 0.3902709704984741 0.171259335694051 0.3930454079348932 0.23628637677053826 0.49847405900305186 0.21954674220963172 0.5937297700915564 0.23821787252124646 0.5955793947100713 0.16868400708215298 0.4975492461851475 0.15130054107648724
0 0.49939887182095627 0.22083440651558073 0.3874965320447609 0.23886170467422094 0.3921205951169888 0.30968323441926343 0.5040229348931842 0.2897244398016997 0.5965042075279756 0.3135462273371105 0.592804957273652 0.23886170467422094 0.49939887182095627 0.22083440651558073
0 0.5067973733468972 0.29358743271954674 0.38934615768056974 0.311614730878187 0.39397022075279753 0.3779294362606232 0.5021733102746694 0.3599021373937677 0.59742902034588 0.38372392492917845 0.5983538331637843 0.3161215552407932 0.5067973733468972 0.29358743271954674
0 0.5040229348931842 0.36054596954674223 0.3874965320447609 0.38050476416430595 0.3930454079348932 0.4487509660056657 0.5040229348931842 0.43007983498583574 0.5983538331637843 0.4487509660056657 0.59742902034588 0.38565542138810194 0.5040229348931842 0.36054596954674223
0 0.5058725605289929 0.4326551635977337 0.3874965320447609 0.4513262939093485 0.3874965320447609 0.4854493944759207 0.40414316073245166 0.4886685552407932 0.40229353509664295 0.5318053052407932 0.442060483214649 0.5485449398016997 0.6020530844354018 0.5453257790368272 0.6002034587995931 0.45003862960339946 0.5058725605289929 0.4326551635977337
0 0.217330990844354 0.6843935099150142 0.13224821973550355 0.6850373420679887 0.1377970956256358 0.7268864277620397 0.13594747100712104 0.780968323654391 0.22195505391658188 0.777105330736544 0.224729492370295 0.7262425956090652 0.217330990844354 0.6843935099150142
0 0.3079626378433368 0.6290239504249292 0.2108573011190234 0.6315992790368272 0.2284287436419125 0.7268864277620397 0.2256543051881994 0.7822559879603399 0.32091001525941 0.777105330736544 0.32091001525941 0.6940509915014165 0.3079626378433368 0.6290239504249292
0 0.3144363265513734 0.6283801182719547 0.3236844537131231 0.6934071593484419 0.3227596408952187 0.7803244915014164 0.4207897904374364 0.7790368271954674 0.4207897904374364 0.6863250063739377 0.4115416632756867 0.6283801182719547 0.3144363265513734 0.6283801182719547
0 0.41616572634791454 0.6296677825779037 0.42263941505595115 0.690831830736544 0.4235642278738555 0.7783929950424929 0.5225191902339775 0.7745300028328611 0.5243688148524924 0.6901879992917846 0.5151206876907426 0.6270924539660057 0.41616572634791454 0.6296677825779037
0 0.5188199389623601 0.6264486225212464 0.5262184404883011 0.690831830736544 0.5243688148524924 0.7738861706798866 0.6223989643947101 0.7719546742209632 0.6223989643947101 0.6882565028328612 0.6140756500508646 0.6251609582152974 0.5188199389623601 0.6264486225212464
0 0.7158050498474059 0.623229461756374 0.6159252746693795 0.6251609582152974 0.6260982146490336 0.6934071593484419 0.6251734028484232 0.7725985063739377 0.7278276144455749 0.7700231777620397 0.7241283641912513 0.6850373420679887 0.7158050498474059 0.623229461756374
0 0.8129103855544252 0.6225856296033995 0.7195043001017294 0.6225856296033995 0.7278276144455749 0.6901879992917846 0.7306020528992879 0.7700231777620397 0.822158512716175 0.7693793456090652 0.8304818270600204 0.682462014164306 0.8129103855544252 0.6225856296033995
0 0.8332562655137334 0.6721607004249291 0.8341810783316378 0.6992016480169971 0.8230833255340794 0.7693793456090652 0.8961435310274669 0.7687355134560907 0.8878202166836215 0.6708730361189802 0.8332562655137334 0.6721607004249291
0 0.847128456765005 0.5343806338526912 0.8434292054933876 0.48673705878186974 0.748173494404883 0.4661344320113315 0.6408952187182095 0.48158640226628896 0.6408952187182095 0.5582024206798867 0.7971885696846388 0.5594900849858357 0.847128456765005 0.5343806338526912
0 0.6408952187182095 0.4081895439093485 0.6399704059003052 0.4777234100566572 0.7490983072227875 0.464202935552408 0.844354018311292 0.48673705878186974 0.8434292054933876 0.41334020113314446 0.7444742441505595 0.3946690701133145 0.6408952187182095 0.4081895439093485
0 0.6371959674465921 0.33994334277620397 0.6371959674465921 0.4062580481586402 0.7490983072227875 0.3908060779036827 0.8489780824008137 0.4126963689801699 0.847128456765005 0.3444501671388102 0.7472486826042726 0.32513520467422097 0.6371959674465921 0.33994334277620397
0 0.6353463428280772 0.2729848052407932 0.6381207802644965 0.33608035056657226 0.748173494404883 0.3232037082152974 0.844354018311292 0.342518671388102 0.844354018311292 0.271053309490085 0.7398501800610376 0.254957507082153 0.6353463428280772 0.2729848052407932
0 0.6344215300101729 0.271053309490085 0.7444742441505595 0.25238217847025496 0.8388051424211597 0.26590265226628895 0.836955516785351 0.20409477195467424 0.7435494313326552 0.18542364164305947 0.6325719043743642 0.20538243626062322 0.6344215300101729 0.271053309490085
0 0.6344215300101729 0.200875611898017 0.7463238697863682 0.18349214518413598 0.836955516785351 0.2034509398016997 0.8360307039674466 0.13391707436260625 0.7426246185147508 0.11717743980169971 0.6353463428280772 0.13391707436260625 0.6344215300101729 0.200875611898017
0 0.6288726531027468 0.13069791430594901 0.7453990569684639 0.115889776203966 0.8351058911495423 0.13262941005665724 0.8351058911495423 0.10301313385269122 0.7703690000000001 0.08820499645892352 0.7638953112919634 0.05021890297450425 0.6954591698880976 0.03927375708215298 0.6325719043743642 0.05601339164305949 0.6288726531027468 0.13069791430594901