0 0.16157635448275862 0.2198907736418511 0.16453202 0.444093129778672 0.23152709379310346 0.444093129778672 0.23152709379310346 0.39235412474849096 0.2413793103448276 0.3808565684104628 0.24926108344827586 0.2831273350100603 0.23940886689655172 0.21557918913480886 0.16157635448275862 0.2198907736418511
0 0.2413793103448276 0.21414199496981892 0.25221674896551727 0.2845645301810865 0.24532019724137932 0.36792181690140846 0.23743842344827584 0.3822937625754527 0.23546798 0.4484047142857143 0.3251231524137931 0.4498419084507042 0.31822660068965514 0.2917505030181087 0.3044334972413793 0.2745041680080483 0.3014778324137931 0.21414199496981892 0.2413793103448276 0.21414199496981892
0 0.4029556648275862 0.21414199496981892 0.32906403931034484 0.2198907736418511 0.3339901475862069 0.4369071569416499 0.41083743862068967 0.4297211841046278 0.41379310344827586 0.28887611368209254 0.4029556648275862 0.21414199496981892
0 0.3931034482758621 0.16384018410462778 0.3990147786206896 0.21557918913480886 0.4157635468965517 0.28887611368209254 0.4177339903448276 0.4311583792756539 0.4857142855172414 0.4297211841046278 0.4817733993103448 0.15809140543259556 0.3931034482758621 0.16384018410462778
0 0.5743842365517241 0.1681517676056338 0.48374384206896553 0.1624029889336016 0.4876847289655173 0.2443230814889336 0.4975369455172414 0.24576027565392355 0.5024630544827586 0.4311583792756539 0.5743842365517241 0.42397240543259557 0.5822660096551724 0.2759413621730382 0.5743842365517241 0.1681517676056338
0 0.5793103448275863 0.19402127062374247 0.5842364531034483 0.2773785573440644 0.581280788275862 0.4297211841046278 0.6482758620689655 0.42397240543259557 0.6463054186206897 0.19114688128772636 0.5793103448275863 0.19402127062374247
0 0.7300492613793104 0.18396090845070423 0.6709359606896551 0.19114688128772636 0.6709359606896551 0.44121874144869216 0.7477832510344828 0.4426559356136821 0.7497536944827586 0.2673181951710262 0.7300492613793104 0.18396090845070423
0 0.8768472903448276 0.24001149798792756 0.8669950737931035 0.15952860060362173 0.7280788179310345 0.16958896277665997 0.7497536944827586 0.27019258450704225 0.7546798027586208 0.42540960060362176 0.8157635468965517 0.42397240543259557 0.818719211724138 0.2471974708249497 0.8768472903448276 0.24001149798792756
0 0.3133004924137931 0.5331991951710262 0.2512315268965517 0.5346363893360161 0.25024630551724136 0.7717734979879276 0.3221674875862069 0.7688991086519115 0.33300492620689653 0.6611095140845071 0.33004926137931034 0.5734406438631791 0.3133004924137931 0.5331991951710262
0 0.33004926137931034 0.5720034496981891 0.3359605910344828 0.6539235412474849 0.31133004896551725 0.8163265301810866 0.3990147786206896 0.7990801951710261 0.40098522137931036 0.5504455301810866 0.3822660096551724 0.5202644436619719 0.34581280758620686 0.5346363893360161 0.33004926137931034 0.5720034496981891
0 0.47487684758620685 0.5217016388329979 0.4078817731034483 0.5231388329979879 0.3980295565517242 0.7990801951710261 0.484729064137931 0.8033917796780684 0.4906403937931035 0.6409887897384307 0.47487684758620685 0.5217016388329979
0 0.47783251241379304 0.5188272494969819 0.4906403937931035 0.6424259849094567 0.4906403937931035 0.7545271629778671 0.5507389165517241 0.7401552173038229 0.5536945813793103 0.5202644436619719 0.47783251241379304 0.5188272494969819
0 0.6344827586206897 0.570566254527163 0.6226600986206896 0.5734406438631791 0.6206896551724138 0.5231388329979879 0.5950738917241379 0.5102040814889336 0.5605911331034482 0.5331991951710262 0.5527093593103448 0.7775222766599597 0.6344827586206897 0.7660247193158954 0.6413793103448275 0.6309284275653924 0.6344827586206897 0.570566254527163
0 0.6305418717241379 0.5130784708249497 0.642364531724138 0.6352400110663984 0.6374384234482758 0.7717734979879276 0.7172413793103448 0.7688991086519115 0.7103448275862069 0.5087668873239437 0.6305418717241379 0.5130784708249497
0 0.7802955662068966 0.5533199195171026 0.7733990144827586 0.5159528601609658 0.7103448275862069 0.5188272494969819 0.7192118227586206 0.7516527736418511 0.78817734 0.745903994969819 0.7911330048275862 0.6237424547283702 0.7802955662068966 0.5533199195171026
0 0.8945812806896553 0.6697326820925553 0.8945812806896553 0.5274504164989939 0.8522167489655171 0.5274504164989939 0.8512315268965518 0.5087668873239437 0.7753694579310345 0.5173900543259558 0.7931034482758621 0.6237424547283702 0.7871921179310344 0.7631503309859154 0.8551724137931035 0.7588387464788732 0.8591133006896551 0.6769186549295774 0.8945812806896553 0.6697326820925553
0 0.24630541862068964 0.8077033631790744 0.24630541862068964 0.8824374818913482 0.2738916255172414 0.8824374818913482 0.2709359606896552 0.9039954014084507 0.2630541868965517 0.9269905140845071 0.2748768475862069 0.9988502444668007 0.3743842365517241 0.9916642716297787 0.36847290620689654 0.8810002877263582 0.3497536944827586 0.8005173903420524 0.24630541862068964 0.8077033631790744
0 0.5586206896551724 0.8522563953722334 0.5625615765517241 0.7760850814889336 0.5458128075862069 0.7588387464788732 0.4955665027586207 0.7703363038229376 0.4768472903448276 0.7918942223340041 0.4768472903448276 0.8192009195171026 0.43940886689655173 0.8192009195171026 0.43448275862068964 0.7990801951710261 0.3596059110344828 0.8033917796780684 0.3724137931034483 0.8881862605633802 0.3802955662068966 0.9844782987927565 0.5241379310344828 0.962920379275654 0.5172413793103449 0.8580051740442656 0.5586206896551724 0.8522563953722334
0 0.7842364531034484 0.9356136820925554 0.7822660096551725 0.8393216438631791 0.7349753696551723 0.8033917796780684 0.7034482758620689 0.7918942223340041 0.63546798 0.8120149466800806 0.6472906406896551 0.9399252655935614 0.7842364531034484 0.9356136820925554