0 0.2038861527093596 0.04690431519699812 0.20935960591133004 0.10892224296435271 0.18199233743842366 0.11152803846153847 0.18541324630541872 0.15843235365853658 0.32361795320197045 0.1485303311444653 0.30240832019704433 0.04065040619136961 0.2038861527093596 0.04690431519699812
0 0.4105090307881773 0.9485094849906192 0.48645320197044334 0.944340212945591 0.48371647536945817 0.9156764643527205 0.5227148325123152 0.9115071923076923 0.5213464692118226 0.8734625806754222 0.5329775591133005 0.8698144671669793 0.5254515603448277 0.8296852195121951 0.3947728522167488 0.833333333020638 0.4105090307881773 0.9485094849906192
0 0.5350301034482758 0.8234313114446529 0.530925013546798 0.7687096097560976 0.5042419261083744 0.7681884512195122 0.5001368362068965 0.7405670206378987 0.38382594458128083 0.7390035440900563 0.39066776108374385 0.8281217429643527 0.5350301034482758 0.8234313114446529
0 0.2510946908866995 0.9250573273921201 0.4036672142857143 0.9219303733583489 0.3947728522167488 0.8348968105065666 0.24425287315270938 0.8432353555347092 0.2510946908866995 0.9250573273921201
0 0.0013683633004926109 0.9057744427767355 0.0054734532019704435 0.9662288930581614 0.22030651354679803 0.9568480300187617 0.20935960591133004 0.8875338752345217 0.0013683633004926109 0.9057744427767355
0 0.23946360098522168 0.7353554305816135 0.24356869211822663 0.8401084015009381 0.39066776108374385 0.8354179699812383 0.38040503571428574 0.7306649990619136 0.23946360098522168 0.7353554305816135
0 0.3263546798029557 0.15895351219512197 0.16830870320197044 0.16833437523452158 0.17583470197044337 0.22566187242026267 0.21688560467980295 0.2235772354596623 0.2209906945812808 0.2767354596622889 0.33388067857142856 0.26839691463414633 0.3263546798029557 0.15895351219512197
0 0.32977558866995077 0.15843235365853658 0.33866995073891626 0.2595372110694184 0.513136289408867 0.25276214258911817 0.49671592733990144 0.1516572861163227 0.32977558866995077 0.15843235365853658
0 0.5117679261083744 0.14592453658536586 0.5062944716748768 0.1042318114446529 0.44950738916256155 0.10735876547842402 0.4426655714285714 0.07244110881801126 0.32019704433497537 0.0781738583489681 0.32909140640394086 0.15739003564727957 0.5117679261083744 0.14592453658536586
0 0.23946360098522168 0.3913904521575985 0.29351395689655174 0.3877423386491557 0.292829775862069 0.37888263508442777 0.34277504064039405 0.37523452157598497 0.33593322413793103 0.29601834521575987 0.23056923891625614 0.30383573076923076 0.23946360098522168 0.3913904521575985
0 0.5247673780788177 0.3418803414634146 0.5151888337438424 0.2803835731707317 0.3379857684729064 0.29028559474671667 0.35098522167487683 0.3840942251407129 0.5001368362068965 0.37314988555347095 0.49671592733990144 0.34344381894934334 0.5247673780788177 0.3418803414634146
0 0.34209085960591135 0.38253074859287056 0.3530377672413793 0.44142172232645405 0.3639846748768473 0.4398582448405253 0.36877394581280787 0.48155096904315203 0.5049261083743842 0.4721701060037523 0.502189381773399 0.3757556810506567 0.34209085960591135 0.38253074859287056
0 0.36124794704433494 0.48936835553470914 0.36193212931034485 0.4596622889305816 0.35577449384236454 0.451323743902439 0.34824849507389166 0.3851365440900563 0.2086754236453202 0.3913904521575985 0.21414887807881774 0.4664373564727955 0.24835796428571427 0.4669585159474672 0.253147236453202 0.49510110506566607 0.36124794704433494 0.48936835553470914
0 0.2038861527093596 0.5216802166979363 0.2073070603448276 0.6222639146341464 0.36740558251231525 0.6113195750469043 0.3598795837438423 0.5122993536585366 0.2038861527093596 0.5216802166979363
0 0.2209906945812808 0.6201792786116324 0.22304324014778323 0.7395247026266417 0.2620415985221675 0.7343131125703565 0.2613574162561576 0.707734 0.3099343189655172 0.706691681988743 0.3092501366995074 0.7223264540337712 0.38040503571428574 0.718157181988743 0.3680897647783251 0.6123618930581614 0.2209906945812808 0.6201792786116324
0 0.49808429064039406 0.6827183658536585 0.4946633830049261 0.6498853452157599 0.5117679261083744 0.6472795497185742 0.5076628349753695 0.6029810300187617 0.3824575812807882 0.6040233480300187 0.3913519433497537 0.6894934333958724 0.49808429064039406 0.6827183658536585
0 0.3783524901477832 0.6029810300187617 0.5165571970443349 0.600375234521576 0.5110837438423645 0.516468626641651 0.37424740024630543 0.5216802166979363 0.3783524901477832 0.6029810300187617
0 0.5500821022167488 0.14123410506566603 0.6882868091133004 0.1271628105065666 0.7416529827586207 0.13185324202626642 0.7361795295566502 0.08755472138836773 0.7190749864532019 0.08859703939962477 0.7156540775862069 0.06722951876172609 0.6759715381773398 0.06879299530956848 0.6698139027093596 0.05941213227016886 0.5425561034482759 0.07087763227016886 0.5500821022167488 0.14123410506566603
0 0.6876026268472907 0.128726287054409 0.5972906403940886 0.14019178611632271 0.6000273669950739 0.1631227851782364 0.6116584568965517 0.16416510318949343 0.614395183497537 0.19178653283302063 0.7341269839901479 0.17875755722326453 0.7245484396551725 0.13237440056285177 0.6876026268472907 0.128726287054409
0 0.6732348115763547 0.19751928330206378 0.67528735591133 0.18918073827392118 0.6273946354679802 0.19178653283302063 0.6267104544334976 0.20116739587242027 0.6164477290640394 0.20533666885553473 0.6205528189655173 0.25380446153846153 0.6568144495073892 0.24807171106941836 0.6568144495073892 0.25693141557223265 0.7012862610837438 0.25276214258911817 0.7320744384236453 0.2522409840525328 0.7286535307881773 0.19647696435272047 0.6732348115763547 0.19751928330206378
0 0.7505473448275862 0.25328330206378985 0.6992337167487684 0.25380446153846153 0.6547619051724137 0.2543256200750469 0.6082375480295567 0.25484677954971857 0.614395183497537 0.2876798001876173 0.6287630000000001 0.28507400469043154 0.6362889987684729 0.3132165938086304 0.7580733448275863 0.3033145712945591 0.7505473448275862 0.25328330206378985
0 0.7525998903940887 0.31686470731707317 0.614395183497537 0.3199916613508443 0.6171319100985222 0.3700229305816135 0.668445539408867 0.36950177204502815 0.6698139027093596 0.3767979990619137 0.7094964421182267 0.37158640806754223 0.7608100714285715 0.3747133621013133 0.7525998903940887 0.31686470731707317
0 0.7101806243842365 0.37367104409005625 0.6670771761083744 0.37784031707317073 0.5808702795566503 0.3835730666041276 0.5836070061576355 0.45236606191369605 0.6759715381773398 0.44923910787992494 0.6787082647783251 0.43725244934333957 0.7628626157635467 0.4330831772983115 0.7608100714285715 0.3747133621013133 0.7101806243842365 0.37367104409005625
0 0.7827038866995074 0.4158849277673546 0.798440065270936 0.41849072326454034 0.7998084285714285 0.4455909943714822 0.9503284076354679 0.4382947673545966 0.9434865899014779 0.3799249530956848 0.9010673238916256 0.38253074859287056 0.7792829778325123 0.3893058161350844 0.7827038866995074 0.4158849277673546
0 0.7847564310344828 0.3371899099437148 0.7820197044334976 0.3877423386491557 0.9072249593596059 0.3794037936210131 0.9079091403940887 0.3710652495309569 0.9393815 0.3710652495309569 0.9366447733990149 0.32780904690431517 0.7847564310344828 0.3371899099437148
0 0.773125342364532 0.2704815506566604 0.7738095233990149 0.3340629559099437 0.9407498633004926 0.3272878883677298 0.9325396822660098 0.2626641651031895 0.8873836896551724 0.2611006876172608 0.773125342364532 0.2704815506566604
0 0.7820197044334976 0.22149259943714822 0.7717569790640394 0.23712737148217636 0.7785987955665025 0.257452574108818 0.8093869729064039 0.2595372110694184 0.8100711551724138 0.26474880112570354 0.8894362339901478 0.2611006876172608 0.8914887795566502 0.257452574108818 0.931855501231527 0.2558890975609756 0.9325396822660098 0.21940796341463414 0.8832785985221675 0.21732332739212007 0.7820197044334976 0.22149259943714822
0 0.7820197044334976 0.14696685459662287 0.7464422549261084 0.16208046716697938 0.7484948004926109 0.2136752138836773 0.928434592364532 0.203773191369606 0.925013683497537 0.15217844465290806 0.8709633275862069 0.14227642307692306 0.7820197044334976 0.14696685459662287
0 0.7628626157635467 0.14905149061913697 0.866858237684729 0.14019178611632271 0.9147509581280788 0.14748801313320825 0.9092775036945814 0.10579528893058161 0.8764367820197044 0.10318949343339587 0.8716475098522167 0.09641442589118199 0.7594417081280788 0.10892224296435271 0.7628626157635467 0.14905149061913697
0 0.6417624519704435 0.4851990825515947 0.664340448275862 0.493016469043152 0.6814449913793104 0.4924953095684803 0.6841817192118227 0.4971857410881801 0.7190749864532019 0.49510110506566607 0.77723043226601 0.4966645816135084 0.7697044334975369 0.4403794033771107 0.6383415431034484 0.4476756303939962 0.6417624519704435 0.4851990825515947
0 0.7183908041871921 0.4971857410881801 0.6834975369458128 0.49770690056285183 0.6547619051724137 0.50187617260788 0.6602353583743843 0.5581613508442776 0.7861247943349754 0.5534709193245778 0.7806513411330048 0.4982280590994372 0.7183908041871921 0.4971857410881801
0 0.6376573620689655 0.6201792786116324 0.6896551724137931 0.6154888470919325 0.6917077179802955 0.6186158011257036 0.72933771182266 0.6180946425891182 0.7902298854679802 0.621742756097561 0.7820197044334976 0.5633729418386492 0.6356048165024631 0.5685845318949344 0.6376573620689655 0.6201792786116324
0 0.6944444445812807 0.6201792786116324 0.6581828128078817 0.6269543461538462 0.6629720849753695 0.6790702523452157 0.7785987955665025 0.6717740253283303 0.773125342364532 0.6222639146341464 0.6944444445812807 0.6201792786116324
0 0.6629720849753695 0.6894934333958724 0.6657088128078819 0.7400458621013133 0.6657088128078819 0.7431728161350845 0.7464422549261084 0.7379612260787992 0.7833880677339902 0.7390035440900563 0.7827038866995074 0.6827183658536585 0.6629720849753695 0.6894934333958724
0 0.7416529827586207 0.7390035440900563 0.654077722906404 0.742651657598499 0.6568144495073892 0.7707942467166979 0.6732348115763547 0.7713154052532832 0.6746031748768473 0.7958098808630394 0.791598248768473 0.7895559727954972 0.7840722499999999 0.7405670206378987 0.7416529827586207 0.7390035440900563
0 0.7765462512315271 0.7999791538461538 0.6479200874384237 0.8083176988742964 0.6520251773399014 0.8541796960600375 0.7170224408866995 0.8494892645403377 0.7177066231527094 0.8583489681050657 0.7573891625615764 0.8526162185741087 0.8093869729064039 0.857827808630394 0.8011767931034484 0.803106107879925 0.7765462512315271 0.7999791538461538
0 0.7560207992610837 0.8541796960600375 0.6554460862068965 0.857827808630394 0.617816092364532 0.8630393996247655 0.6260262721674876 0.9255784868667917 0.6732348115763547 0.9229726913696059 0.6732348115763547 0.9339170318949344 0.7163382598522167 0.9360016679174484 0.7163382598522167 0.9474671669793621 0.8134920640394089 0.9459036894934334 0.8093869729064039 0.8593912861163228 0.7560207992610837 0.8541796960600375
0 0.9373289544334976 0.8442776735459663 0.8107553362068965 0.8588701275797374 0.8107553362068965 0.920888055347092 0.8258073349753695 0.924015009380863 0.83059660591133 0.9417344174484052 0.8627531477832513 0.9370439859287054 0.8661740554187193 0.9250573273921201 0.9024356871921182 0.9250573273921201 0.9024356871921182 0.9130706688555348 0.9366447733990149 0.9115071923076923 0.9400656810344828 0.9234938499061913 0.9872742204433497 0.9177611003752345 0.9886425837438424 0.8468834690431519 0.9373289544334976 0.8442776735459663
0 0.8032293374384236 0.7978945178236398 0.8114395184729063 0.8573066500938086 0.9414340443349754 0.8432353555347092 0.9859058571428572 0.8432353555347092 0.979064039408867 0.797373358348968 0.9339080455665025 0.7937252448405254 0.8032293374384236 0.7978945178236398
0 0.7874931576354679 0.7363977485928705 0.795019157635468 0.7963310403377111 0.9818007660098522 0.7911194493433397 0.9770114938423646 0.7322284765478424 0.928434592364532 0.7296226810506566 0.7874931576354679 0.7363977485928705
0 0.7888615221674877 0.7348342711069419 0.9735905862068965 0.728059203564728 0.9674329507389163 0.673337502814259 0.7874931576354679 0.6816760478424014 0.7888615221674877 0.7348342711069419
0 0.7847564310344828 0.6274755056285177 0.7874931576354679 0.6816760478424014 0.964696222906404 0.6728163433395873 0.961275315270936 0.6170523245778612 0.8880678706896552 0.6149676885553471 0.7847564310344828 0.6274755056285177
0 0.7847564310344828 0.5649364183864916 0.7922824298029557 0.6248697101313321 0.8839627807881774 0.6128830515947468 0.964696222906404 0.6160100065666041 0.9640120418719212 0.5571190328330206 0.7847564310344828 0.5649364183864916
0 0.8353858780788178 0.49770690056285183 0.7895457032019705 0.5023973320825517 0.7902298854679802 0.5633729418386492 0.9605911330049262 0.5571190328330206 0.9585385874384237 0.4935376275797374 0.8935413251231528 0.493016469043152 0.8353858780788178 0.49770690056285183
0 0.8579638756157635 0.451323743902439 0.8045977007389163 0.45601417542213885 0.8052818830049261 0.48259328705440896 0.7868089766009851 0.48415676454033774 0.790914066502463 0.5034396500938086 0.8832785985221675 0.4919741500938086 0.9585385874384237 0.4919741500938086 0.9510125886699508 0.4388159268292683 0.8579638756157635 0.4435063583489681 0.8579638756157635 0.451323743902439