0 0.19800549205087442 0.02608695652173913 0.11706894038155803 0.023715414782608694 0.12429541812400637 0.2395256913043478 0.18788842289348173 0.24743083043478262 0.20017343561208267 0.05296442695652174 0.19800549205087442 0.02608695652173913
0 0.2587079054054054 0.11304347826086956 0.24497759777424485 0.03320158086956522 0.20161873131955485 0.02687747043478261 0.20089608346581875 0.09090909130434784 0.1886110707472178 0.24268774695652176 0.24353230206677265 0.24743083043478262 0.25364937122416537 0.16126482173913043 0.2587079054054054 0.11304347826086956
0 0.29917618124006357 0.03003952608695652 0.24931348489666139 0.03003952608695652 0.26232114467408585 0.11383399217391303 0.24714554133545308 0.2442687747826087 0.2962855906200318 0.24901185739130433 0.2984535333863275 0.1857707513043478 0.29917618124006357 0.03003952608695652
0 0.30062147694753577 0.0339920947826087 0.302066772655008 0.19288537565217392 0.29989882909379967 0.2505928852173913 0.3497615262321145 0.2498023713043478 0.36276918600953895 0.04426877478260869 0.30062147694753577 0.0339920947826087
0 0.36276918600953895 0.04031620521739131 0.3548200604133545 0.2529644269565217 0.402514813990461 0.2569169956521739 0.41118658744038156 0.04426877478260869 0.36276918600953895 0.04031620521739131
0 0.4140771788553259 0.04268774695652174 0.4061280532591415 0.23162055304347826 0.44948691971383153 0.23162055304347826 0.45671339825119234 0.04110671913043479 0.4140771788553259 0.04268774695652174
0 0.458158693163752 0.03794466434782609 0.44804162480127185 0.2505928852173913 0.5044081518282988 0.25849802347826084 0.5080213903020668 0.0371541504347826 0.458158693163752 0.03794466434782609
0 0.5600520310015897 0.04031620521739131 0.5109119817170111 0.03794466434782609 0.5094666860095389 0.1968379443478261 0.5080213903020668 0.2577075095652174 0.5607746780604134 0.2608695652173913 0.5680011565977742 0.1865612652173913 0.5600520310015897 0.04031620521739131
0 0.6185865007949126 0.04584980260869565 0.5622199737678856 0.04031620521739131 0.5716143950715421 0.1905138339130435 0.565833213036566 0.26007905130434783 0.6106373751987282 0.26561264782608696 0.6193091486486486 0.19446640347826086 0.6185865007949126 0.04584980260869565
0 0.6662812543720191 0.04664031652173913 0.6200317965023847 0.04426877478260869 0.622199740063593 0.19525691739130435 0.6149732623211447 0.2687747034782609 0.6547188903020668 0.2687747034782609 0.6698944936406995 0.20158102782608697 0.6662812543720191 0.04664031652173913
0 0.7219251335453101 0.043478260869565216 0.6691718457869634 0.04031620521739131 0.6771209713831479 0.20079051391304348 0.6597774244833068 0.2648221347826087 0.7154213036565977 0.26324110695652175 0.7233704292527822 0.20158102782608697 0.7219251335453101 0.043478260869565216
0 0.8050296287758346 0.18339920956521738 0.7985257988871224 0.05217391304347826 0.7248157249602544 0.04505928869565217 0.7269836685214626 0.17786561304347825 0.7226477813990461 0.22371541478260867 0.7652840007949125 0.25612648260869564 0.7696198871224166 0.21660079043478261 0.8050296287758346 0.18339920956521738
0 0.8064749244833068 0.18498023739130434 0.7710651828298887 0.21660079043478261 0.7703425349761527 0.2577075095652174 0.8267090620031796 0.2577075095652174 0.8780170548489665 0.23241106695652172 0.8874114753577107 0.22055335999999998 0.8693452813990461 0.17549407130434783 0.8693452813990461 0.13675889304347827 0.8953606009538951 0.1288537547826087 0.8960832488076312 0.0648221347826087 0.7985257988871224 0.060079051304347826 0.8064749244833068 0.18498023739130434
0 0.6633906637519872 0.6632411069565217 0.6185865007949126 0.6735177869565216 0.6308715135135134 0.7288537547826087 0.6214770922098569 0.743083004347826 0.6250903306836249 0.7818181817391304 0.6106373751987282 0.7944664034782608 0.6178638529411765 0.89486166 0.6409885818759937 0.8932806321739131 0.6496603553259142 0.9557312252173913 0.7703425349761527 0.9383399208695652 0.7146986558028617 0.6308300391304348 0.6662812543720191 0.637944664347826 0.6633906637519872 0.6632411069565217
0 0.6207544443561208 0.6632411069565217 0.40179216613672497 0.6229249008695652 0.35409741255961846 0.9169960478260869 0.5766729292527822 0.9841897234782608 0.6207544443561208 0.6632411069565217
0 0.07732331240063593 0.8529644269565217 0.3273594451510334 0.9106719365217392 0.35337476550079494 0.6909090913043477 0.1098424626391097 0.6434782608695652 0.07732331240063593 0.8529644269565217
0 0.25364937122416537 0.3422924904347826 0.12140482750397456 0.33359683826086955 0.13007660095389506 0.45454545478260866 0.12140482750397456 0.5581027669565217 0.26232114467408585 0.5715415017391304 0.2652117360890302 0.46719367565217396 0.25364937122416537 0.3422924904347826
0 0.3548200604133545 0.3525691695652174 0.25798525834658187 0.34150197652173914 0.26882497456279814 0.46007905130434784 0.2652117360890302 0.5731225295652174 0.36421448171701115 0.5778656130434782 0.3764994944356121 0.4632411069565217 0.3548200604133545 0.3525691695652174
0 0.4509322154213037 0.3525691695652174 0.35771065182829886 0.3517786565217391 0.37939008505564387 0.4703557313043478 0.3663824252782194 0.5770750991304348 0.46972105802861686 0.5857707513043477 0.47767018362480124 0.465612647826087 0.4509322154213037 0.3525691695652174
0 0.4516548632750398 0.3517786565217391 0.4827287178060414 0.46956521739130436 0.4704437058823529 0.5857707513043477 0.5745049864864865 0.5881422921739131 0.5810088163751987 0.4711462452173913 0.5593293831478537 0.3517786565217391 0.4516548632750398 0.3517786565217391
0 0.6756756756756757 0.3517786565217391 0.5571614395866454 0.34782608695652173 0.5867899984101749 0.4703557313043478 0.5766729292527822 0.5881422921739131 0.67856626709062 0.58972332 0.6821795055643879 0.4608695652173913 0.6756756756756757 0.3517786565217391
0 0.7486631017488076 0.3541501973913043 0.67856626709062 0.3541501973913043 0.6886833354531002 0.4711462452173913 0.682902153418124 0.57944664 0.756612227344992 0.5826086956521739 0.7660066486486486 0.46956521739130436 0.7486631017488076 0.3541501973913043
0 0.8050296287758346 0.3754940713043478 0.7551669316375199 0.37233201565217394 0.7696198871224166 0.475889327826087 0.7595028179650238 0.5857707513043477 0.8418846653418124 0.5762845852173912 0.8483884952305246 0.43320158086956523 0.8050296287758346 0.3754940713043478