0 0.10811389402697495 0.26186342578125 0.16698779672447014 0.2604166666666667 0.148790408477842 0.17071759244791665 0.16270605876685934 0.09837963020833333 0.12309997880539499 0.09114583333333333 0.09955041714836223 0.15335648177083333 0.10811389402697495 0.26186342578125
0 0.17019910115606934 0.09461805598958334 0.1528580606936416 0.171875 0.17019910115606934 0.26215277734375003 0.2003853564547206 0.25173611067708335 0.1958895308285164 0.17708333333333334 0.20166987764932565 0.09895833333333333 0.17019910115606934 0.09461805598958334
0 0.2434168275529865 0.09722222265625001 0.2434168275529865 0.05381944401041667 0.19653179190751446 0.05381944401041667 0.20423892100192678 0.10503472265625001 0.19781631310211947 0.16927083333333334 0.20166987764932565 0.265625 0.24277456647398843 0.26215277734375003 0.23121387283236994 0.16579861067708332 0.2434168275529865 0.09722222265625001
0 0.2729608217726397 0.09722222265625001 0.2453436098265896 0.09288194401041666 0.23442517630057805 0.16927083333333334 0.24405908766859347 0.25868055598958334 0.2813102119460501 0.25694444401041666 0.2710340394990366 0.16666666666666666 0.2729608217726397 0.09722222265625001
0 0.28644829768786123 0.03559027734375 0.27681438631984584 0.09548611067708333 0.27360308285163776 0.16753472265625 0.2832369942196532 0.2491319440104167 0.32113037861271676 0.24826388932291665 0.30956968497109827 0.1710069440104167 0.3166345539499037 0.024305555989583335 0.28644829768786123 0.03559027734375
0 0.33269107225433525 0.05642361067708334 0.33140655105973027 0.033854166666666664 0.31727681406551056 0.02690972265625 0.3114964672447013 0.1640625 0.3236994219653179 0.25086805598958334 0.3551701994219653 0.25086805598958334 0.34617854816955684 0.171875 0.3468208092485549 0.06076388932291666 0.33269107225433525 0.05642361067708334
0 0.3904945404624277 0.10590277734374999 0.37315349999999997 0.09895833333333333 0.37443802215799615 0.06336805598958332 0.3481053304431599 0.05381944401041667 0.350032112716763 0.16927083333333334 0.3622350674373796 0.2630208333333333 0.40012845183044315 0.25607638932291665 0.3821451512524085 0.16927083333333334 0.3904945404624277 0.10590277734374999
0 0.4463712263969171 0.11197916666666667 0.44315992292870904 0.052083333333333336 0.3924213227360308 0.05381944401041667 0.394990366088632 0.10763888932291667 0.3834296724470135 0.16927083333333334 0.4046242774566474 0.2708333333333333 0.45407835549132947 0.27256944401041666 0.4341682726396917 0.15538194401041666 0.4463712263969171 0.11197916666666667
0 0.48747591522157996 0.11024305598958334 0.47912652504816955 0.10503472265625001 0.4816955684007707 0.07986111067708333 0.44572896628131026 0.05295138932291666 0.4482980086705202 0.10677083333333333 0.4373795761078998 0.16753472265625 0.4605009633911368 0.26649305598958334 0.5016056522157996 0.2708333333333333 0.47848426493256263 0.17013888932291665 0.48747591522157996 0.11024305598958334
0 0.5298651252408478 0.11545138932291667 0.5170199104046242 0.059895833333333336 0.4836223506743738 0.059895833333333336 0.4919717408477842 0.11545138932291667 0.4829800895953757 0.1710069440104167 0.5054592167630058 0.27430555598958334 0.5433526011560693 0.27256944401041666 0.5228002572254334 0.1727430559895833 0.5298651252408478 0.11545138932291667
0 0.5773924210019268 0.1171875 0.558766859344894 0.059027777343750004 0.5208734749518305 0.058159722656249996 0.535003210982659 0.12586805598958334 0.5266538217726396 0.17621527734375 0.5484906868978806 0.26996527734375003 0.5895953757225434 0.26649305598958334 0.5703275529865125 0.17795138932291665 0.5773924210019268 0.1171875
0 0.627488760115607 0.12326388932291667 0.6095054595375722 0.06684027734375 0.5632626849710982 0.058159722656249996 0.581245985549133 0.12065972265625001 0.5761078998073218 0.1805555559895833 0.5921644190751445 0.27256944401041666 0.6364804113680154 0.2734375 0.6197816310211947 0.18576388932291665 0.627488760115607 0.12326388932291667
0 0.6685934489402697 0.12847222265625 0.6486833651252409 0.07291666666666667 0.6159280664739885 0.06770833333333333 0.6345536290944123 0.12760416666666666 0.6242774566473989 0.19357638932291665 0.6396917148362236 0.27690972265624997 0.6788696213872832 0.27951388932291665 0.6615285809248554 0.19357638932291665 0.6685934489402697 0.12847222265625
0 0.7174052668593448 0.13802083333333334 0.6910725751445087 0.078125 0.653179190751445 0.07118055598958332 0.675016056840077 0.1328125 0.6685934489402697 0.19704861067708335 0.6852922283236994 0.28211805598958334 0.7270391782273603 0.27777777734375003 0.7096981377649325 0.19791666666666666 0.7174052668593448 0.13802083333333334
0 0.7630057803468208 0.14149305598958334 0.7392421319845858 0.08854166666666667 0.6955684007707129 0.078125 0.719974309248555 0.13975694401041666 0.7167630057803468 0.20138888932291665 0.7321772639691715 0.28993055598958334 0.7707129094412332 0.2916666666666667 0.7565831724470136 0.19704861067708335 0.7630057803468208 0.14149305598958334
0 0.859344894026975 0.0859375 0.7379576107899807 0.07465277734375 0.768143866088632 0.14583333333333334 0.7623635192678228 0.20138888932291665 0.7777777774566474 0.29513888932291665 0.8933847138728324 0.30381944401041666 0.8927424537572254 0.13628472265625 0.859344894026975 0.0859375
0 0.08798972350674374 0.27430555598958334 0.07835581213872832 0.3359375 0.09312781021194605 0.33940972265625 0.1001926782273603 0.42534722265625 0.15928066763005783 0.4166666666666667 0.15093127842003853 0.3376736106770833 0.16506101445086707 0.27517361067708335 0.08798972350674374 0.27430555598958334
0 0.17019910115606934 0.27256944401041666 0.15542710308285165 0.33246527734375003 0.16313423217726397 0.41753472265625 0.19460500963391136 0.41319444401041666 0.1875401416184971 0.328125 0.19717405298651253 0.2734375 0.17019910115606934 0.27256944401041666
0 0.2023121387283237 0.26996527734375003 0.19139370616570325 0.33246527734375003 0.19781631310211947 0.41493055598958334 0.23570969845857417 0.4166666666666667 0.22736030828516376 0.3359375 0.23956326300578035 0.27256944401041666 0.2023121387283237 0.26996527734375003
0 0.2434168275529865 0.27256944401041666 0.22928709055876687 0.3307291666666667 0.24084778420038536 0.4140625 0.2729608217726397 0.41493055598958334 0.26846499710982663 0.33159722265624997 0.280667950867052 0.27170138932291665 0.2434168275529865 0.27256944401041666
0 0.28580603757225437 0.27170138932291665 0.27360308285163776 0.3307291666666667 0.2723185616570328 0.4166666666666667 0.3153500317919075 0.41493055598958334 0.31021194605009633 0.3359375 0.3236994219653179 0.2734375 0.28580603757225437 0.27170138932291665
0 0.32883750770712905 0.27170138932291665 0.3134232495183044 0.33506944401041666 0.3179190751445087 0.41753472265625 0.35645472061657035 0.41753472265625 0.34938985260115607 0.3385416666666667 0.36416184971098264 0.2708333333333333 0.32883750770712905 0.27170138932291665
0 0.3673731531791907 0.27256944401041666 0.35131663487475917 0.3376736106770833 0.35773924181117533 0.4279513893229167 0.4026974951830443 0.42274305598958334 0.3917790626204239 0.33940972265625 0.40655105973025046 0.2786458333333333 0.3673731531791907 0.27256944401041666
0 0.4091201030828517 0.2760416666666667 0.3943481050096339 0.3359375 0.4052665385356455 0.42274305598958334 0.4463712263969171 0.41753472265625 0.4380218371868979 0.3359375 0.4489402697495183 0.2786458333333333 0.4091201030828517 0.2760416666666667
0 0.45536287764932565 0.27690972265624997 0.4405908795761079 0.33680555598958334 0.4463712263969171 0.4166666666666667 0.4849068718689788 0.41840277734375 0.4823378294797688 0.3359375 0.49261400096339114 0.28038194401041666 0.45536287764932565 0.27690972265624997
0 0.5330764287090559 0.28125 0.49710982658959535 0.27951388932291665 0.4849068718689788 0.33940972265625 0.486191394026975 0.421875 0.5279383429672447 0.42100694401041666 0.5208734749518305 0.3411458333333333 0.5330764287090559 0.28125
0 0.5741811175337187 0.2864583333333333 0.5337186897880539 0.28038194401041666 0.5247270394990365 0.3454861106770833 0.5305073863198458 0.4236111106770833 0.5761078998073218 0.4279513893229167 0.5684007707129094 0.3463541666666667 0.5741811175337187 0.2864583333333333
0 0.6229929354527938 0.28993055598958334 0.5793192032755299 0.28559027734375003 0.5728965963391136 0.3532986106770833 0.5786769431599229 0.43055555598958334 0.6242774566473989 0.43663194401041666 0.6178548487475916 0.3498263893229167 0.6229929354527938 0.28993055598958334
0 0.6692357100192677 0.29861111067708335 0.627488760115607 0.29079861067708335 0.6217084132947978 0.35590277734375 0.630057803468208 0.4435763893229167 0.6718047524084779 0.4479166666666667 0.6615285809248554 0.35503472265625 0.6692357100192677 0.29861111067708335
0 0.7077713554913294 0.3046875 0.6705202312138728 0.29774305598958334 0.6666666666666666 0.3645833333333333 0.675016056840077 0.44878472265625 0.7148362235067437 0.4470486106770833 0.7013487475915221 0.3645833333333333 0.7077713554913294 0.3046875
0 0.7546563901734105 0.3046875 0.7096981377649325 0.30121527734375003 0.7058445732177263 0.36805555598958334 0.7167630057803468 0.4470486106770833 0.7578676946050096 0.45659722265625 0.74373795761079 0.3645833333333333 0.7546563901734105 0.3046875
0 0.8542068082851637 0.40711805598958334 0.8516377649325626 0.3767361106770833 0.8342967244701349 0.35503472265625 0.8233782919075144 0.31163194401041666 0.7591522157996147 0.30381944401041666 0.7450224788053951 0.3671875 0.7610789980732178 0.4609375 0.838150289017341 0.4748263893229167 0.8407193323699421 0.42534722265625 0.8542068082851637 0.40711805598958334
0 0.1432241493256262 0.6892361106770833 0.13744380250481694 0.7161458333333334 0.14065510597302505 0.75 0.1496467562620424 0.7786458333333334 0.16827231888246627 0.7855902773437501 0.17212588342967244 0.7994791666666666 0.20680796435452792 0.7934027773437501 0.19845857418111754 0.7039930559895833 0.19845857418111754 0.625 0.16506101445086707 0.6302083333333334 0.1451509315992293 0.66059027734375 0.1432241493256262 0.6892361106770833
0 0.20166987764932565 0.6197916666666666 0.19974309537572255 0.6979166666666666 0.20937700674373796 0.7907986106770833 0.24277456647398843 0.7829861106770833 0.231856133911368 0.6987847226562499 0.2402055231213873 0.62065972265625 0.20166987764932565 0.6197916666666666
0 0.2434168275529865 0.6180555559895834 0.23570969845857417 0.6961805559895833 0.24277456647398843 0.7821180559895833 0.2800256907514451 0.78125 0.2761721262042389 0.7005208333333334 0.28580603757225437 0.62065972265625 0.2434168275529865 0.6180555559895834
0 0.2896596021194605 0.6180555559895834 0.280667950867052 0.6996527773437501 0.279383429672447 0.7821180559895833 0.3236994219653179 0.7795138893229167 0.31856133622350674 0.7005208333333334 0.33012202986512523 0.6145833333333334 0.2896596021194605 0.6180555559895834
0 0.33204881213872833 0.6111111106770833 0.32048811849710984 0.7005208333333334 0.325626204238921 0.78125 0.3667308930635838 0.7777777773437501 0.35773924181117533 0.7005208333333334 0.3686576753371869 0.6085069440104166 0.33204881213872833 0.6111111106770833
0 0.3712267177263969 0.61284722265625 0.3615928063583815 0.6961805559895833 0.3699421965317919 0.7795138893229167 0.41168914547206165 0.7769097226562499 0.3988439306358382 0.6979166666666666 0.40976236319845855 0.6189236106770833 0.3712267177263969 0.61284722265625
0 0.45536287764932565 0.6119791666666666 0.41297366763005783 0.6145833333333334 0.4033397562620424 0.6970486106770833 0.41297366763005783 0.7803819440104167 0.4527938342967245 0.78125 0.44572896628131026 0.6996527773437501 0.45536287764932565 0.6119791666666666
0 0.4579319200385356 0.61284722265625 0.4482980086705202 0.7005208333333334 0.45407835549132947 0.7821180559895833 0.49646756551059734 0.7838541666666666 0.4881181763005781 0.7048611106770833 0.49646756551059734 0.6223958333333334 0.4579319200385356 0.61284722265625
0 0.4996788699421965 0.6223958333333334 0.48940269749518306 0.7022569440104167 0.5009633911368016 0.7829861106770833 0.536287733140655 0.7864583333333334 0.5330764287090559 0.7013888893229167 0.5407835578034682 0.6267361106770833 0.4996788699421965 0.6223958333333334
0 0.5677585096339114 0.6024305559895834 0.5626204238921002 0.5729166666666666 0.5375722543352601 0.56597222265625 0.5382145154142581 0.703125 0.5369299932562621 0.7855902773437501 0.5863840722543352 0.7907986106770833 0.5761078998073218 0.703125 0.5883108545279383 0.6024305559895834 0.5677585096339114 0.6024305559895834
0 0.6332691069364162 0.6241319440104166 0.5883108545279383 0.6180555559895834 0.580603725433526 0.7022569440104167 0.5883108545279383 0.7934027773437501 0.6345536290944123 0.796875 0.6229929354527938 0.7065972226562499 0.6332691069364162 0.6241319440104166
0 0.6833654460500964 0.6024305559895834 0.6345536290944123 0.59722222265625 0.6358381502890174 0.63628472265625 0.6249197177263969 0.7092013893229167 0.6377649325626205 0.7951388893229167 0.6795118815028902 0.796875 0.6666666666666666 0.7196180559895833 0.6846499682080924 0.64496527734375 0.6833654460500964 0.6024305559895834
0 0.7270391782273603 0.6006944440104166 0.6897880539499036 0.5946180559895834 0.6904303150289017 0.6154513893229167 0.6718047524084779 0.71875 0.6814386637764933 0.7960069440104167 0.7231856136801541 0.8029513893229167 0.7154784845857418 0.71875 0.7328195250481695 0.66059027734375 0.7270391782273603 0.6006944440104166
0 0.7700706483622352 0.6032986106770833 0.7328195250481695 0.5963541666666666 0.7353885674373796 0.6545138893229167 0.7186897880539499 0.7204861106770833 0.7257546560693642 0.8012152773437501 0.7719974306358381 0.8055555559895833 0.7623635192678228 0.7282986106770833 0.7700706483622352 0.65972222265625 0.7700706483622352 0.6032986106770833
0 0.883750802504817 0.7456597226562499 0.882466281310212 0.6727430559895833 0.8400770712909441 0.62847222265625 0.8362235067437379 0.5494791666666666 0.7719974306358381 0.5399305559895834 0.7713551705202312 0.6753472226562499 0.766217083815029 0.7317708333333334 0.7739242129094412 0.8168402773437501 0.8766859344894027 0.8246527773437501 0.8644829797687862 0.7708333333333334 0.883750802504817 0.7456597226562499