0 0.006809927360774818 0.05222841225626741 0.014376513317191284 0.21239554317548748 0.07339588377723971 0.21065459610027856 0.07188256658595642 0.1932451253481894 0.10820217917675545 0.19063370473537605 0.0976089588377724 0.02524373259052925 0.03934624697336562 0.023502785515320333 0.040859564164648914 0.05309888579387187 0.006809927360774818 0.05222841225626741
0 0.18311138014527845 0.04526462395543175 0.17630145278450363 0.018279944289693595 0.10214891041162227 0.020891364902506964 0.10517554479418886 0.07399025069637884 0.11576876513317191 0.0766016713091922 0.11803874092009685 0.1915041782729805 0.14527845036319612 0.18976323119777158 0.14906174334140435 0.22719359331476324 0.2148910411622276 0.2219707520891365 0.20959443099273609 0.04526462395543175 0.18311138014527845 0.04526462395543175
0 0.24288740920096852 0.020891364902506964 0.23834745762711865 0.042653203342618386 0.21413438256658596 0.04613509749303621 0.22699757869249396 0.23415738161559888 0.2852602905569007 0.23502785515320335 0.2852602905569007 0.20020891364902507 0.31174334140435833 0.1932451253481894 0.31174334140435833 0.022632311977715876 0.24288740920096852 0.020891364902506964
0 0.6908292978208233 0.22893454038997216 0.676452784503632 0.020020891364902507 0.5841404358353511 0.023502785515320333 0.5939769975786925 0.2358983286908078 0.6908292978208233 0.22893454038997216
0 0.6809927360774818 0.026114206128133706 0.6923426150121066 0.20282033426183843 0.7929782082324455 0.20717270194986073 0.7816283292978208 0.028725626740947075 0.6809927360774818 0.026114206128133706
0 0.7838983050847458 0.0322075208913649 0.7952481840193705 0.18715181058495822 0.8179479418886199 0.1854108635097493 0.824001210653753 0.22719359331476324 0.898910411622276 0.21500696378830084 0.8830205811138014 0.029596100278551533 0.7838983050847458 0.0322075208913649
0 0.888317191283293 0.028725626740947075 0.8958837772397095 0.22022980501392758 0.9821428571428571 0.21674791086350975 0.9813861985472155 0.028725626740947075 0.888317191283293 0.028725626740947075
0 0.06128934624697337 0.28986768802228413 0.055236077481840194 0.33513231197771587 0.03556295399515739 0.3508008356545961 0.03934624697336562 0.443941504178273 0.14981840193704601 0.44220055710306405 0.14225181598062955 0.28551532033426186 0.06128934624697337 0.28986768802228413
0 0.24288740920096852 0.3325208913649025 0.2406174334140436 0.2785515320334262 0.14225181598062955 0.28464484679665736 0.1528450363196126 0.4300139275766017 0.286773607748184 0.4256615598885794 0.2852602905569007 0.34035515320334264 0.24288740920096852 0.3325208913649025
0 0.007566585956416465 0.45264623955431754 0.007566585956416465 0.5196727019498607 0.09306900726392252 0.5118384401114207 0.15738498789346247 0.5144498607242339 0.1528450363196126 0.4378481894150418 0.007566585956416465 0.45264623955431754
0 0.09231234866828088 0.5109679665738162 0.01059322033898305 0.5231545961002786 0.015889830508474576 0.604108635097493 0.16343825665859565 0.5988857938718662 0.1611682808716707 0.5188022284122563 0.09231234866828088 0.5109679665738162
0 0.15889830508474576 0.4361072423398329 0.1611682808716707 0.5153203342618384 0.29358353510895885 0.5066155988857939 0.2928268765133172 0.4378481894150418 0.15889830508474576 0.4361072423398329
0 0.1611682808716707 0.5153203342618384 0.1641949152542373 0.596274373259053 0.3026634382566586 0.5858286908077994 0.30039346246973364 0.5161908077994429 0.1611682808716707 0.5153203342618384
0 0.034049636803874093 0.6102019498607242 0.037832929782082324 0.6815807799442897 0.16722154963680388 0.6728760445682451 0.16343825665859565 0.5971448467966574 0.034049636803874093 0.6102019498607242
0 0.011349878934624698 0.6807103064066853 0.01513317191283293 0.7599233983286908 0.16797820823244553 0.754700557103064 0.16722154963680388 0.6720055710306406 0.011349878934624698 0.6807103064066853
0 0.1641949152542373 0.5997562674094707 0.16873486682808717 0.6772284122562674 0.2958535108958838 0.6685236768802229 0.29434019370460046 0.594533426183844 0.1641949152542373 0.5997562674094707
0 0.17024818401937045 0.6772284122562674 0.17176150121065376 0.7520891364902507 0.30342009685230026 0.7520891364902507 0.29358353510895885 0.6702646239554317 0.17024818401937045 0.6772284122562674
0 0.0325363196125908 0.7686281337047354 0.034049636803874093 0.8391364902506964 0.16495157384987894 0.8339136490250696 0.16192493946731235 0.7564415041782729 0.0325363196125908 0.7686281337047354
0 0.04766949152542373 0.8400069637883009 0.04993946731234867 0.916608635097493 0.17932808716707022 0.9113857938718662 0.17176150121065376 0.8313022284122563 0.04766949152542373 0.8400069637883009
0 0.16343825665859565 0.754700557103064 0.17100484261501211 0.8356545961002786 0.30342009685230026 0.8260793871866295 0.29509685230024213 0.7564415041782729 0.16343825665859565 0.754700557103064
0 0.1740314769975787 0.8321727019498607 0.1823547215496368 0.9174791086350975 0.30417675544794187 0.9157381615598886 0.30039346246973364 0.8313022284122563 0.1740314769975787 0.8321727019498607
0 0.3775726392251816 0.3647284122562674 0.374546004842615 0.383008356545961 0.35562953995157387 0.3864902506963788 0.3594128329297821 0.4491643454038997 0.4350786924939467 0.42914345403899723 0.4872881355932203 0.44045961002785516 0.48426150121065376 0.4117339832869081 0.5024213075060533 0.4099930362116992 0.4993946731234867 0.38213788300835655 0.43053874092009686 0.3542827298050139 0.3775726392251816 0.3647284122562674
0 0.4358353510895884 0.4334958217270195 0.35789951573849876 0.453516713091922 0.3563861985472155 0.49529944289693595 0.38362590799031476 0.4979108635097493 0.3821125907990315 0.5153203342618384 0.42599878934624696 0.5057451253481894 0.49863801452784506 0.5161908077994429 0.4933414043583535 0.443941504178273 0.4358353510895884 0.4334958217270195
0 0.36849273607748184 0.6128133704735376 0.44188861985472155 0.5910515320334262 0.49561138014527845 0.6006267409470752 0.4925847457627119 0.5483983286908078 0.4736682808716707 0.5266364902506964 0.423728813559322 0.5222841225626741 0.3662227602905569 0.5362116991643454 0.36849273607748184 0.6128133704735376
0 0.44340193704600483 0.5936629526462396 0.36849273607748184 0.6162952646239555 0.3715193704600484 0.6841922005571031 0.4116222760290557 0.6833217270194986 0.41767554479418884 0.6754874651810585 0.43886198547215494 0.6676532033426184 0.4963680387409201 0.6763579387186629 0.4978813559322034 0.6093314763231198 0.44340193704600483 0.5936629526462396
0 0.4335653753026634 0.6807103064066853 0.38362590799031476 0.6937674094707521 0.38513922518159804 0.7129178272980501 0.37303268765133174 0.7155292479108635 0.37227602905569007 0.766016713091922 0.44718523002421307 0.7512186629526463 0.5062046004842615 0.7538300835654597 0.5001513317191283 0.6885445682451253 0.4335653753026634 0.6807103064066853
0 0.44869854721549635 0.7529596100278552 0.37908595641646486 0.7651462395543176 0.3594128329297821 0.7703690807799443 0.3609261501210654 0.8286908077994429 0.3904358353510896 0.8243384401114207 0.39648910411622273 0.8469707520891365 0.4411319612590799 0.8495821727019499 0.4396186440677966 0.8330431754874652 0.5062046004842615 0.8313022284122563 0.5046912832929782 0.7607938718662952 0.44869854721549635 0.7529596100278552
0 0.5084745762711864 0.7494777158774373 0.5122578692493946 0.8434888579387186 0.5387409200968523 0.8443593314763231 0.550090799031477 0.8286908077994429 0.5516041162227603 0.8286908077994429 0.5690072639225182 0.8208565459610028 0.6204600484261501 0.8295612813370473 0.6204600484261501 0.7912604456824512 0.6401331719128329 0.7834261838440112 0.6424031476997578 0.7494777158774373 0.5606840193704601 0.7320682451253482 0.5084745762711864 0.7494777158774373
0 0.5236077481840193 0.6807103064066853 0.5092312348668281 0.6972493036211699 0.511501210653753 0.7459958217270195 0.5614406779661016 0.7303272980501393 0.6454297820823245 0.7433844011142061 0.6461864406779662 0.6902855153203342 0.5674939467312349 0.6798398328690808 0.5236077481840193 0.6807103064066853
0 0.5046912832929782 0.5980153203342619 0.5069612590799032 0.6450208913649025 0.524364406779661 0.6737465181058496 0.6197033898305084 0.6720055710306406 0.6227300242130751 0.6589484679665738 0.6424031476997578 0.6493732590529248 0.6363498789346247 0.5884401114206128 0.5553874092009685 0.575383008356546 0.5046912832929782 0.5980153203342619
0 0.5039346246973365 0.5301183844011143 0.5054479418886199 0.596274373259053 0.5546307506053268 0.5745125348189415 0.6401331719128329 0.583217270194986 0.6408898305084746 0.533600278551532 0.5606840193704601 0.5196727019498607 0.5039346246973365 0.5301183844011143
0 0.49863801452784506 0.43697771587743733 0.5046912832929782 0.5161908077994429 0.6363498789346247 0.5100974930362117 0.6340799031476998 0.42827298050139273 0.5440375302663438 0.42217966573816157 0.49863801452784506 0.43697771587743733
0 0.4978813559322034 0.37169220055710306 0.4993946731234867 0.4378481894150418 0.5493341404358354 0.41869777158774374 0.6318099273607748 0.42914345403899723 0.6340799031476998 0.3786559888579387 0.5553874092009685 0.35602367688022285 0.4978813559322034 0.37169220055710306
0 0.777088377723971 0.666782729805014 0.7067191283292978 0.6850626740947076 0.7120157384987893 0.7616643454038997 0.8519975786924939 0.7599233983286908 0.8406476997578692 0.6763579387186629 0.777088377723971 0.666782729805014
0 0.7097457627118644 0.6798398328690808 0.7778450363196125 0.666782729805014 0.8398910411622276 0.6693941504178273 0.8414043583535109 0.6014972144846796 0.7105024213075061 0.6136838440111421 0.7097457627118644 0.6798398328690808
0 0.7014225181598063 0.5292479108635098 0.7067191283292978 0.5980153203342619 0.8444309927360775 0.5884401114206128 0.8421610169491526 0.5196727019498607 0.7014225181598063 0.5292479108635098
0 0.7014225181598063 0.5248955431754875 0.8444309927360775 0.5222841225626741 0.8429176755447942 0.45264623955431754 0.6991525423728814 0.4578690807799443 0.7014225181598063 0.5248955431754875
0 0.8444309927360775 0.524025069637883 0.8467009685230025 0.5901810584958217 0.9617130750605327 0.5910515320334262 0.9564164648910412 0.5231545961002786 0.8444309927360775 0.524025069637883
0 0.8467009685230025 0.6693941504178273 0.8535108958837773 0.7590529247910863 0.9851694915254238 0.7564415041782729 0.9844128329297821 0.6711350974930362 0.8467009685230025 0.6693941504178273
0 0.8451876513317191 0.666782729805014 0.9806295399515739 0.666782729805014 0.9836561743341404 0.5936629526462396 0.8444309927360775 0.6014972144846796 0.8451876513317191 0.666782729805014
0 0.8459443099273608 0.525766016713092 0.9564164648910412 0.5214136490250696 0.9549031476997578 0.4517757660167131 0.8451876513317191 0.45264623955431754 0.8459443099273608 0.525766016713092
0 0.9329600484261501 0.41347493036211697 0.926906779661017 0.33513231197771587 0.8822639225181598 0.29770194986072424 0.7332021791767555 0.30118384401114207 0.7263922518159807 0.3307799442896936 0.6900726392251816 0.33948467966573814 0.6908292978208233 0.3986768802228412 0.7521186440677966 0.41434540389972147 0.7581719128329297 0.45003481894150416 0.8973970944309927 0.4456824512534819 0.9011803874092009 0.41869777158774374 0.9329600484261501 0.41347493036211697