0 0.02870390803709428 0.28689736749482403 0.10929564992272026 0.418515231884058 0.2108633253477589 0.31647441614906835 0.20644733925811437 0.24992605693581782 0.18326341344667696 0.21591245238095239 0.12585559737248841 0.19668737060041408 0.02870390803709428 0.28689736749482403
0 0.22521527897990726 0.32978408799171843 0.12364760432766615 0.43774031366459626 0.16228748068006182 0.5028098198757764 0.26275115919629055 0.39189588923395446 0.22521527897990726 0.32978408799171843
0 0.26164716306027824 0.39189588923395446 0.16670346676970632 0.5057675248447205 0.19871936398763523 0.563442768115942 0.3024950316846986 0.4540076904761905 0.26164716306027824 0.39189588923395446
0 0.3024950316846986 0.4628808043478261 0.20644733925811437 0.5723158830227743 0.23735924034003092 0.6285122743271222 0.3411349080370943 0.5249926055900621 0.3024950316846986 0.4628808043478261
0 0.3422389049459042 0.5294291625258799 0.23625524420401856 0.63294883126294 0.2759991166924266 0.7009760424430642 0.37646279520865533 0.584146701863354 0.3422389049459042 0.5294291625258799
0 0.38419077047913447 0.5915409637681159 0.2759991166924266 0.7039337474120083 0.31022300695517774 0.7719609585921325 0.4217266506955178 0.6580893229813665 0.38419077047913447 0.5915409637681159
0 0.42393464374034 0.6625258799171843 0.308015014683153 0.7823129254658385 0.35438286630602783 0.8385093167701864 0.4625745200927357 0.7202011242236025 0.42393464374034 0.6625258799171843
0 0.401854714064915 0.9331558706004142 0.6027820710973725 0.9730848861283644 0.607198057187017 0.8266784979296066 0.5111503639876352 0.7423839099378883 0.3985427248840804 0.8340727598343686 0.401854714064915 0.9331558706004142
0 0.5564142194744977 0.7704821055900621 0.6436299404945903 0.8666075124223603 0.7065577387944358 0.7749186635610765 0.6105100463678517 0.695060632505176 0.5564142194744977 0.7704821055900621
0 0.7120777210200928 0.7734398105590062 0.7485096051004636 0.715764566252588 0.6524619119010819 0.6270334223602485 0.6171340255023183 0.687666370600414 0.7120777210200928 0.7734398105590062
0 0.6535659088098918 0.625554569358178 0.749613601236476 0.7113280093167702 0.7882534775888718 0.6447796511387163 0.6933097812982999 0.5516119492753623 0.6535659088098918 0.625554569358178
0 0.7474056081916538 0.4954155579710145 0.6999337604327667 0.5590062111801242 0.7871494814528593 0.6462585031055901 0.8324133361669243 0.5649216211180125 0.7474056081916538 0.4954155579710145
0 0.7396776329211747 0.4865424430641822 0.830205343122102 0.5575273592132505 0.8688452194744978 0.5057675248447205 0.7915654667697064 0.4140786749482402 0.7396776329211747 0.4865424430641822
0 0.7915654667697064 0.40668441304347824 0.8688452194744978 0.5028098198757764 0.9096930888717156 0.4406980186335404 0.8257893578052551 0.35788228364389235 0.7915654667697064 0.40668441304347824
0 0.8279973500772797 0.34900916873706006 0.9152130710973726 0.43478260869565216 0.9571649374034004 0.3815439223602485 0.8578052550231839 0.3031647443064182 0.8279973500772797 0.34900916873706006
0 0.9494369621329213 0.3771073643892339 0.9858688454404945 0.31647441614906835 0.9218370502318393 0.22478556625258797 0.8611172442040186 0.2987281873706004 0.9494369621329213 0.3771073643892339
0 0.2870390811437403 0.3031647443064182 0.3996467210200928 0.28837622049689443 0.38419077047913447 0.14196983126293994 0.2782071097372488 0.16119491304347824 0.2870390811437403 0.3031647443064182
0 0.3930227426584235 0.13457556935817805 0.4051667032457496 0.28246081055900624 0.4559505409582689 0.27506654865424435 0.44270258346213287 0.13309671739130435 0.3930227426584235 0.13457556935817805
0 0.4515345548686244 0.12274475051759834 0.45926253013910356 0.2735876956521739 0.5199823361669242 0.2587991718426501 0.5089423717156105 0.11387163561076605 0.4515345548686244 0.12274475051759834
0 0.5155663500772798 0.10795622567287784 0.5232943253477589 0.2573203198757764 0.5784941491499227 0.2410529430641822 0.5641421947449768 0.09464655383022774 0.5155663500772798 0.10795622567287784
0 0.5674541839258114 0.09168884989648032 0.5773901522411129 0.23809523809523808 0.6215500108191654 0.22478556625258797 0.6171340255023183 0.06802721118012423 0.5674541839258114 0.09168884989648032
0 0.6226540077279753 0.06506950621118013 0.6237580038639877 0.21591245238095239 0.6646058732612056 0.21147589440993791 0.665709869397218 0.07394262008281574 0.6226540077279753 0.06506950621118013
0 0.7076617357032458 0.05767524430641822 0.665709869397218 0.2085181894409938 0.7164937071097373 0.24401064803312628 0.7739015231839258 0.09612540683229813 0.7076617357032458 0.05767524430641822
0 0.7750055200927357 0.10056196376811595 0.7264296754250387 0.2410529430641822 0.7827334953632148 0.2676722867494824 0.8467652905718701 0.14788524120082816 0.7750055200927357 0.10056196376811595