0 0.1426573423076923 0.11679809574468085 0.060839160769230766 0.1056390417348609 0.09370629384615384 0.23136438052373162 0.08321678307692308 0.3295640531914894 0.14545454538461539 0.33774735924713584 0.16153846153846155 0.23285225450081834 0.1426573423076923 0.11679809574468085
0 0.1972027969230769 0.18152060720130933 0.15314685307692308 0.18077667021276594 0.16153846153846155 0.22764469558101474 0.15384615384615385 0.28269602700491 0.2 0.28343996399345334 0.2076923076923077 0.22987650654664485 0.1972027969230769 0.18152060720130933
0 0.23076923076923078 0.12126171685761047 0.18601398615384615 0.11679809574468085 0.20979021000000003 0.2335961906710311 0.20349650384615384 0.2871596489361702 0.24615384615384617 0.29087933306055647 0.25174825153846153 0.2306204435351882 0.23076923076923078 0.12126171685761047
0 0.27832167846153844 0.1569706890343699 0.24965035 0.11977384288052374 0.23286713307692308 0.11902990589198036 0.25384615384615383 0.23508406464811782 0.24685314692307692 0.2916232700490998 0.2874125876923077 0.2916232700490998 0.3 0.23880374959083467 0.27832167846153844 0.1569706890343699
0 0.31958041923076924 0.12423746481178397 0.31048951076923076 0.12423746481178397 0.2825174823076923 0.1487873829787234 0.3 0.24029162356792144 0.2916083915384615 0.2931111440261866 0.33006993 0.2953429549918167 0.3384615384615385 0.24177949672667756 0.31958041923076924 0.12423746481178397
0 0.3727272730769231 0.1614343101472995 0.34475524461538465 0.12646927577741407 0.3188811192307692 0.12200565384615386 0.3405594407692308 0.2365719386252046 0.3230769230769231 0.33849129623567925 0.3769230769230769 0.33997916939443534 0.38461538461538464 0.23434012765957446 0.3727272730769231 0.1614343101472995
0 0.4153846153846154 0.12126171685761047 0.40839160846153844 0.1182859697217676 0.37622377615384617 0.1562267520458265 0.38881118846153845 0.2380598126022913 0.38041958076923077 0.32286862111292963 0.4132867130769231 0.32733224222585927 0.42727272692307694 0.23210831751227498 0.4153846153846154 0.12126171685761047
0 0.4167832169230769 0.11902990589198036 0.43146853153846154 0.23582800163666123 0.42097902076923077 0.3042701980360065 0.46153846153846156 0.3042701980360065 0.47692307692307695 0.2380598126022913 0.44965035 0.12126171685761047 0.4167832169230769 0.11902990589198036
0 0.49720279692307695 0.12126171685761047 0.4531468530769231 0.12274959083469722 0.48041958076923075 0.23954768657937808 0.4636363638461538 0.3109656301145663 0.45594405615384614 0.3109656301145663 0.4580419576923077 0.33477161129296235 0.5111888115384615 0.3355155482815057 0.5167832169230769 0.23954768657937808 0.49720279692307695 0.12126171685761047
0 0.5020979023076922 0.1205177798690671 0.5195804192307693 0.23731587561374795 0.5153846153846153 0.3362594852700491 0.5454545453846154 0.33774735924713584 0.5643356646153845 0.23880374959083467 0.5384615384615384 0.12274959083469722 0.5020979023076922 0.1205177798690671
0 0.583216783076923 0.12274959083469722 0.5426573423076924 0.12126171685761047 0.5664335661538462 0.23954768657937808 0.5482517484615385 0.34146704337152206 0.5839160838461539 0.34444279132569555 0.6069930069230769 0.24029162356792144 0.583216783076923 0.12274959083469722
0 0.6328671330769231 0.12646927577741407 0.5860139861538461 0.12423746481178397 0.6076923076923076 0.23954768657937808 0.5874125876923076 0.34295491734860883 0.6314685315384615 0.34295491734860883 0.6545454546153846 0.23954768657937808 0.6328671330769231 0.12646927577741407
0 0.6762237761538462 0.12646927577741407 0.6349650346153847 0.12721321194762683 0.6566433569230768 0.24177949672667756 0.6356643353846154 0.34444279132569555 0.6720279723076923 0.34444279132569555 0.6993006992307692 0.24475524468085108 0.6762237761538462 0.12646927577741407
0 0.7132867130769232 0.12572533878887068 0.6776223776923077 0.12423746481178397 0.7034965038461538 0.24103556055646483 0.676923076923077 0.3466746022913257 0.7216783215384616 0.3466746022913257 0.7433566430769231 0.23731587561374795 0.7132867130769232 0.12572533878887068
0 0.7797202799999999 0.2931111440261866 0.7888111884615385 0.23508406464811782 0.7755244753846154 0.18598422831423894 0.7342657346153846 0.13911620294599017 0.7216783215384616 0.1361404549918167 0.7489510492307692 0.2380598126022913 0.7279720276923077 0.34146704337152206 0.7482517484615384 0.3407231063829787 0.7559440561538461 0.2975747659574468 0.7797202799999999 0.2931111440261866
0 0.7293706292307692 0.4262758518821604 0.7216783215384616 0.42478797790507367 0.7118881115384615 0.3957744386252046 0.6790209792307692 0.3987501857610474 0.6860139861538461 0.46421663420621934 0.6762237761538462 0.5311709566284779 0.7279720276923077 0.5311709566284779 0.7349650346153846 0.46719238216039277 0.7293706292307692 0.4262758518821604
0 0.6314685315384615 0.47537568821603926 0.627272726923077 0.5482815057283142 0.6748251746153846 0.5445618207855975 0.6783216784615385 0.4694241931260229 0.6811188807692308 0.38684719558101477 0.6692307692307692 0.3727123936170213 0.6258741261538461 0.368992709492635 0.6314685315384615 0.47537568821603926
0 0.5790209792307692 0.5505133166939443 0.6244755246153846 0.5482815057283142 0.63006993 0.4619848240589198 0.6216783215384616 0.368992709492635 0.5818181815384615 0.3675048355155483 0.5846153846153846 0.4590090761047463 0.5790209792307692 0.5505133166939443
0 0.5377622376923077 0.5430739476268412 0.5748251746153846 0.5467936317512275 0.583216783076923 0.4627287602291326 0.5762237761538461 0.36824877250409166 0.5286713284615385 0.3727123936170213 0.5433566430769231 0.4582651391162029 0.5377622376923077 0.5430739476268412
0 0.5342657346153846 0.5534890638297872 0.5391608392307692 0.4664484451718494 0.5237762238461539 0.3727123936170213 0.49230769230769234 0.3727123936170213 0.49930069923076925 0.46421663420621934 0.49370629384615383 0.5534890638297872 0.5342657346153846 0.5534890638297872
0 0.4447552446153846 0.5534890638297872 0.49580419615384613 0.5586966227495908 0.4986013984615385 0.4612408870703764 0.4895104892307693 0.3675048355155483 0.44055944076923076 0.3675048355155483 0.4545454546153846 0.4627287602291326 0.4447552446153846 0.5534890638297872
0 0.40069930076923077 0.5534890638297872 0.44195804230769226 0.549769379705401 0.4531468530769231 0.4627287602291326 0.4377622376923077 0.3645290875613748 0.4034965038461538 0.3622972774140753 0.41258741230769236 0.4805832463175123 0.40069930076923077 0.5534890638297872
0 0.35944055923076923 0.5512572536824877 0.39860139846153847 0.5505133166939443 0.40909090923076924 0.47388781423895254 0.3979020976923077 0.36527302454991817 0.35524475538461536 0.3622972774140753 0.36853146846153845 0.4731438772504092 0.35944055923076923 0.5512572536824877
0 0.3139860138461539 0.5475375687397709 0.35314685307692306 0.5505133166939443 0.3650349653846154 0.46719238216039277 0.35104895076923076 0.3645290875613748 0.31048951076923076 0.363785151391162 0.32097902076923074 0.4619848240589198 0.3139860138461539 0.5475375687397709
0 0.2692307692307692 0.5445618207855975 0.3076923076923077 0.5475375687397709 0.3188811192307692 0.4567772651391162 0.30419580384615386 0.36304121440261866 0.2545454546153846 0.3622972774140753 0.27832167846153844 0.4485939590834697 0.2692307692307692 0.5445618207855975
0 0.22657342692307691 0.5430739476268412 0.26643356615384617 0.5438178846153846 0.2734265730769231 0.4485939590834697 0.25384615384615383 0.3615533404255319 0.22027971999999998 0.3615533404255319 0.23286713307692308 0.4485939590834697 0.22657342692307691 0.5430739476268412
0 0.17832167846153846 0.5371224517184943 0.22377622384615384 0.5400981996726678 0.22867132846153845 0.4530575810147299 0.2153846153846154 0.3593215294599018 0.17762237769230768 0.35783365548281504 0.18741258769230768 0.4664484451718494 0.17832167846153846 0.5371224517184943
0 0.1321678323076923 0.5148043445171849 0.17832167846153846 0.5177800924713584 0.18461538461538463 0.4612408870703764 0.17552447538461538 0.38610325859247135 0.13286713307692308 0.37791995253682487 0.14055944076923077 0.4515697070376432 0.1321678323076923 0.5148043445171849
0 0.08461538461538462 0.41065317675941077 0.09230769230769231 0.4530575810147299 0.07902097923076923 0.5103407234042553 0.12937062923076922 0.5125725335515549 0.13986014 0.45231364402618657 0.12937062923076922 0.38089569967266773 0.09860139846153845 0.38089569967266773 0.09930069923076924 0.40916530278232405 0.08461538461538462 0.41065317675941077
0 0.10349650384615385 0.7550959680851064 0.08531468538461538 0.6829340875613747 0.03146853153846153 0.6873977086743044 0.04685314692307692 0.7989882454991817 0.03426573461538461 0.8570153248772504 0.09580419615384615 0.8592471358428805 0.1076923076923077 0.805683678396072 0.10349650384615385 0.7550959680851064
0 0.13986014 0.7156673117839607 0.08811188846153846 0.684421960720131 0.10979021 0.8004761194762684 0.10139860153846154 0.8599910728314238 0.14335664307692308 0.862222883797054 0.15384615384615385 0.8071715515548282 0.13986014 0.7156673117839607
0 0.18671328692307693 0.6911173936170212 0.16713286692307694 0.6888855826513911 0.14405594384615386 0.714179437806874 0.1545454546153846 0.8004761194762684 0.1447552446153846 0.8599910728314238 0.19020979 0.8637107569558102 0.20139860153846154 0.8034518674304418 0.18671328692307693 0.6911173936170212
0 0.22657342692307691 0.6948370777414076 0.18741258769230768 0.6903734566284778 0.2027972030769231 0.7967564353518821 0.19300699307692307 0.8659425679214403 0.22657342692307691 0.8644546939443536 0.24405594384615384 0.8064276145662849 0.22657342692307691 0.6948370777414076
0 0.2748251746153846 0.7268263649754501 0.23286713307692308 0.7268263649754501 0.2454545453846154 0.8064276145662849 0.22027971999999998 0.9083469721767594 0.2804195807692308 0.9105787831423895 0.2895104892307692 0.8101472995090017 0.2748251746153846 0.7268263649754501
0 0.31748251769230773 0.7550959680851064 0.2804195807692308 0.754352031096563 0.29090909076923077 0.8086594255319149 0.28181818153846155 0.900163666121113 0.3167832169230769 0.900163666121113 0.33076923076923076 0.810891236497545 0.31748251769230773 0.7550959680851064
0 0.3580419576923077 0.7350096710310966 0.3160839161538461 0.7335217970540099 0.3328671330769231 0.8094033625204583 0.3251748253846154 0.867430441898527 0.3587412584615384 0.8733819369885434 0.3727272730769231 0.810891236497545 0.3580419576923077 0.7350096710310966
0 0.40979021 0.6993006996726677 0.35524475538461536 0.7007885728314239 0.3741258738461538 0.8227942266775777 0.35384615384615387 0.9135545302782324 0.4111888115384615 0.9209938993453356 0.42727272692307694 0.8346972176759411 0.40979021 0.6993006996726677
0 0.41258741230769236 0.6993006996726677 0.42727272692307694 0.8547835147299508 0.45944055923076926 0.8555274509001637 0.46923076923076923 0.7677428952536826 0.41258741230769236 0.6993006996726677
0 0.6979020976923077 0.7126915638297873 0.6447552446153846 0.7097158158756137 0.6580419576923078 0.8413926497545008 0.6559440561538461 0.9023954770867431 0.706993006923077 0.9076030351882161 0.7195804192307693 0.8443683977086743 0.6979020976923077 0.7126915638297873
0 0.7027972030769231 0.714179437806874 0.7258741261538462 0.8406487127659574 0.7104895107692307 0.9113227201309329 0.7391608392307693 0.9172742152209492 0.7573426576923077 0.8852849279869067 0.7636363638461539 0.8190745425531915 0.7363636361538461 0.7186430589198036 0.7027972030769231 0.714179437806874
0 0.7377622376923078 0.7059961317512274 0.7692307692307693 0.8198184795417348 0.7440559438461539 0.9165302782324058 0.7874125876923077 0.923969647299509 0.806993006923077 0.8220502905073649 0.7839160838461539 0.7015325098199673 0.7377622376923078 0.7059961317512274
0 0.8286713284615385 0.7067400687397708 0.7874125876923077 0.7022764468085106 0.8104895107692307 0.8265139116202946 0.7874125876923077 0.9276893322422258 0.83986014 0.9314090163666121 0.8517482515384616 0.8376729656301145 0.8286713284615385 0.7067400687397708
0 0.8713286715384615 0.7781580122749591 0.86993007 0.7164112479541735 0.8342657346153846 0.7097158158756137 0.8545454546153846 0.8294896595744681 0.8503496500000001 0.8823091800327333 0.8979020976923077 0.8867728019639934 0.8923076923076924 0.7818776963993453 0.8713286715384615 0.7781580122749591