0 0.012850928825622776 0.1697944597855228 0.01878212722419929 0.20405123592493296 0.012850928825622776 0.30831099195710454 0.08600237277580071 0.29937444101876676 0.09588770284697509 0.35746202010723865 0.13740608896797155 0.38873994638069703 0.1472914199288256 0.34107834316353886 0.14630288612099646 0.22341376273458444 0.16211941459074733 0.17575215951742626 0.15915381583629895 0.13851653217158177 0.16903914590747332 0.10128090616621983 0.17101621174377224 0.0655347037533512 0.09984183451957296 0.04319332707774799 0.08600237277580071 0 0.023724792704626334 0.016383675603217157 0.010873862989323843 0.05957700268096514 0.012850928825622776 0.1697944597855228
0 0.7404112295373665 0.618111408847185 0.7404112295373665 0.7998212694369973 0.8056544092526691 0.8072683941018767 0.8590351921708185 0.796842418230563 0.8590351921708185 0.7506702412868632 0.8896797153024911 0.7387548404825738 0.8926453140569396 0.5868334825737266 0.7671016209964413 0.5913017573726541 0.7404112295373665 0.618111408847185
0 0.6909845791814946 0.40363419705093834 0.6751680507117437 0.44384867426273455 0.6830763149466192 0.4885314262734584 0.693950177935943 0.49746797721179625 0.693950177935943 0.5898123324396782 0.709766706405694 0.59279118230563 0.7107552393238433 0.6225796836461126 0.7552392250889679 0.6196008337801608 0.7730328193950178 0.5913017573726541 0.8659549225978648 0.5823652064343163 0.8659549225978648 0.3902293713136729 0.8036773425266904 0.4110813230563003 0.6909845791814946 0.40363419705093834
0 0.9302095693950179 0.3112898418230563 0.9529458282918148 0.20554066085790887 0.9776591539145908 0.19958296112600538 0.9885330169039145 0.12064343163538874 0.9717279555160143 0.06255585388739945 0.8659549225978648 0.02234137667560322 0.8471727953736655 0.29043789142091153 0.9302095693950179 0.3112898418230563
0 0.7216291023131673 0.10425975603217158 0.639580862099644 0.09085493029490617 0.6277184661921709 0.3246946675603217 0.7404112295373665 0.3351206434316354 0.746342427935943 0.1846887104557641 0.7216291023131673 0.10425975603217158
0 0.7888493478647687 0.010425975871313673 0.7512850925266904 0.08638665415549598 0.7700672206405694 0.1697944597855228 0.7493080266903914 0.19958296112600538 0.7433768291814947 0.2934167412868633 0.8471727953736655 0.3127792667560322 0.8639778567615659 0.020851951742627346 0.7888493478647687 0.010425975871313673
0 0.6069592722419929 0.7402442654155496 0.4804270462633452 0.7119451890080429 0.3736654804270463 0.7059874892761394 0.36476868327402134 0.869824247989276 0.4300118620996441 0.8817396487935657 0.4319889288256228 0.9904676796246649 0.4784499804270463 0.9859994048257373 0.498220640569395 0.9189752761394102 0.548635824733096 0.921954126005362 0.5644523523131673 0.9428060764075068 0.6593515222419929 0.9532320522788205 0.6682483193950178 0.7372654155495979 0.6069592722419929 0.7402442654155496
0 0.4784499804270463 0.6076854329758713 0.4784499804270463 0.7089663391420911 0.609924871886121 0.7357759906166219 0.6682483193950178 0.7342865656836461 0.6682483193950178 0.661304735924933 0.61190193772242 0.6076854329758713 0.4784499804270463 0.6076854329758713
0 0.48734677758007117 0.6106642841823057 0.6237643336298933 0.6106642841823057 0.6267299323843416 0.5823652064343163 0.6474891263345196 0.5600238310991957 0.6455120604982206 0.47810545174262736 0.6277184661921709 0.4676794758713137 0.6257413994661922 0.4081024718498659 0.49525504181494656 0.3827822466487936 0.48734677758007117 0.6106642841823057
0 0.4893238434163701 0.5361930294906166 0.4942665088967972 0.4289544235924933 0.39837880604982207 0.4274649986595174 0.4033214706405694 0.5242776286863271 0.39837880604982207 0.6270479597855229 0.47943851334519566 0.6270479597855229 0.4893238434163701 0.5361930294906166
0 0.39936733896797155 0.4185284477211796 0.36971134875444844 0.414060172922252 0.3706998816725979 0.525767053619303 0.3637801503558719 0.6642835871313674 0.39640174021352315 0.6702412868632708 0.4023329377224199 0.525767053619303 0.39936733896797155 0.4185284477211796
0 0.3687228149466192 0.5049151032171582 0.3736654804270463 0.3068215670241287 0.31929616459074733 0.30384271715817696 0.3143534991103203 0.2770330656836461 0.26294978291814947 0.2770330656836461 0.2669039145907473 0.5093833780160858 0.255041518683274 0.6687518619302949 0.3568604190391459 0.6836461126005362 0.3687228149466192 0.5049151032171582
0 0.26393831583629895 0.5227882037533512 0.26294978291814947 0.3872505214477212 0.2402135231316726 0.3827822466487936 0.23527085765124553 0.3500148941018767 0.18683274021352314 0.36044086997319036 0.1967180702846975 0.5168305040214477 0.18485567437722422 0.6091748579088472 0.25009885320284697 0.6047065831099195 0.26393831583629895 0.5227882037533512
0 0.22736259430604983 0.26958593967828415 0.3084223016014235 0.26958593967828415 0.3133649661921708 0.1876675603217158 0.22143139590747332 0.17277330965147453 0.22736259430604983 0.26958593967828415
0 0.41024120195729535 0.2159666367292225 0.39936733896797155 0.3261840924932976 0.4507710560498221 0.43640154959785527 0.49525504181494656 0.431933273458445 0.5110715693950177 0.3902293713136729 0.5170027677935943 0.2159666367292225 0.5031633060498221 0.07298182841823056 0.393436140569395 0.09085493029490617 0.41024120195729535 0.2159666367292225
0 0.5604982206405694 0.21894548659517427 0.5535784893238435 0.19958296112600538 0.5189798336298933 0.19958296112600538 0.5100830364768684 0.396187072386059 0.5703835507117438 0.40363419705093834 0.6247528665480427 0.39916592225201075 0.6306840649466192 0.23086088739946378 0.5842230133451957 0.2323503123324397 0.5604982206405694 0.21894548659517427
0 0.512060103202847 0.09234435522788205 0.554567022241993 0.11170688069705094 0.5891656779359431 0.13255883243967828 0.6356267295373665 0.1310694075067024 0.6494661921708185 0.04170390214477212 0.5170027677935943 0.0193625254691689 0.512060103202847 0.09234435522788205
0 0.591142743772242 0.1370271072386059 0.5071174377224199 0.0997914798927614 0.5100830364768684 0.20703008579088472 0.5852115462633453 0.23383973726541554 0.6296955320284697 0.23532916353887398 0.6376037962633452 0.1370271072386059 0.591142743772242 0.1370271072386059