0 0.17841880341880342 0.33564814814814814 0.3087606837606838 0.3433641975308642 0.3269230769230769 0.29475308641975306 0.38354700854700857 0.2916666666666667 0.39316239316239315 0.22530864197530864 0.3643162393162393 0.2222222222222222 0.3579059829059829 0.1720679012345679 0.3504273504273504 0.11882716049382716 0.22008547008547008 0.10802469135802469 0.17841880341880342 0.33564814814814814
0 0.03418803418803419 0.2970679012345679 0.06623931623931624 0.33024691358024694 0.1485042735042735 0.33487654320987653 0.18162393162393162 0.32175925925925924 0.1955128205128205 0.21450617283950618 0.09935897435897435 0.19830246913580246 0.050213675213675216 0.2052469135802469 0.03418803418803419 0.2970679012345679
0 0.18162393162393162 0.3487654320987654 0.03311965811965812 0.33101851851851855 0.016025641025641024 0.4243827160493827 0.16346153846153846 0.4398148148148148 0.2553418803418803 0.44907407407407407 0.26495726495726496 0.3549382716049383 0.18162393162393162 0.3487654320987654
0 0.16666666666666666 0.44367283950617287 0.0202991452991453 0.4305555555555556 0.014957264957264958 0.49691358024691357 0.15598290598290598 0.5154320987654321 0.2467948717948718 0.5208333333333334 0.25427350427350426 0.45524691358024694 0.16666666666666666 0.44367283950617287
0 0.1485042735042735 0.5154320987654321 0.05876068376068376 0.5069444444444444 0.03952991452991453 0.5841049382716049 0.1485042735042735 0.5964506172839507 0.22863247863247863 0.6003086419753086 0.24252136752136752 0.5223765432098766 0.1485042735042735 0.5154320987654321
0 0.1420940170940171 0.5987654320987654 0.013888888888888888 0.5895061728395061 0 0.6527777777777778 0.13247863247863248 0.6666666666666666 0.202991452991453 0.6689814814814815 0.21901709401709402 0.6041666666666666 0.1420940170940171 0.5987654320987654
0 0.469017094017094 0.3912037037037037 0.6025641025641025 0.3912037037037037 0.6089743589743589 0.2800925925925926 0.4754273504273504 0.2824074074074074 0.37286324786324787 0.28935185185185186 0.3547008547008547 0.3873456790123457 0.469017094017094 0.3912037037037037
0 0.46260683760683763 0.39197530864197533 0.3579059829059829 0.37962962962962965 0.3504273504273504 0.4722222222222222 0.46260683760683763 0.47608024691358025 0.5202991452991453 0.4799382716049383 0.5117521367521367 0.49614197530864196 0.5865384615384616 0.49537037037037035 0.6025641025641025 0.39351851851851855 0.46260683760683763 0.39197530864197533
0 0.297008547008547 0.8827160493827161 0.3108974358974359 0.8263888888888888 0.3301282051282051 0.8140432098765432 0.32051282051282054 0.7754629629629629 0.2938034188034188 0.7708333333333334 0.280982905982906 0.7330246913580247 0.2329059829059829 0.7353395061728395 0.2329059829059829 0.7214506172839507 0.16346153846153846 0.7098765432098766 0.16132478632478633 0.7893518518518519 0.15491452991452992 0.841820987654321 0.1420940170940171 0.8981481481481481 0.2702991452991453 0.8989197530864198 0.2724358974358974 0.8858024691358025 0.297008547008547 0.8827160493827161
0 0.09508547008547008 0.7800925925925926 0.08867521367521368 0.8441358024691358 0.07158119658119658 0.8865740740740741 0.1420940170940171 0.8888888888888888 0.15064102564102563 0.8464506172839507 0.15918803418803418 0.7770061728395061 0.16346153846153846 0.7399691358024691 0.16346153846153846 0.7021604938271605 0.1111111111111111 0.7006172839506173 0.10790598290598291 0.7376543209876543 0.09508547008547008 0.7800925925925926
0 0.0010683760683760685 0.8850308641975309 0.06837606837606838 0.8842592592592593 0.08012820512820513 0.8402777777777778 0.09508547008547008 0.7770061728395061 0.1047008547008547 0.7160493827160493 0.09294871794871795 0.7129629629629629 0.09722222222222222 0.6813271604938271 0 0.6820987654320988 0.0010683760683760685 0.8850308641975309
0 0.2831196581196581 0.7376543209876543 0.44337606837606836 0.7546296296296297 0.46794871794871795 0.7021604938271605 0.4893162393162393 0.5879629629629629 0.31196581196581197 0.5748456790123457 0.2980769230769231 0.6820987654320988 0.2831196581196581 0.7376543209876543
0 0.3717948717948718 0.8279320987654321 0.35363247863247865 0.8626543209876543 0.3920940170940171 0.8726851851851852 0.38782051282051283 0.9097222222222222 0.42414529914529914 0.9143518518518519 0.4337606837606838 0.9436728395061729 0.5085470085470085 0.9436728395061729 0.5010683760683761 0.9984567901234568 0.6581196581196581 1 0.6655982905982906 0.8989197530864198 0.6485042735042735 0.8140432098765432 0.5790598290598291 0.8148148148148148 0.5747863247863247 0.7839506172839507 0.4230769230769231 0.7816358024691358 0.3717948717948718 0.8279320987654321
0 0.8066239316239316 0.8811728395061729 0.6666666666666666 0.8757716049382716 0.6688034188034188 0.9675925925925926 0.8076923076923077 0.9807098765432098 0.8920940170940171 0.9745370370370371 0.8974358974358975 0.8927469135802469 0.8066239316239316 0.8811728395061729
0 0.49038461538461536 0.7723765432098766 0.6121794871794872 0.7785493827160493 0.6271367521367521 0.5987654320987654 0.6004273504273504 0.5972222222222222 0.5950854700854701 0.5609567901234568 0.532051282051282 0.5617283950617284 0.5064102564102564 0.5941358024691358 0.49038461538461536 0.7723765432098766
0 0.7222222222222222 0.6929012345679012 0.7136752136752137 0.6280864197530864 0.6207264957264957 0.6226851851851852 0.6207264957264957 0.7430555555555556 0.6036324786324786 0.7962962962962963 0.6538461538461539 0.8009259259259259 0.6538461538461539 0.8132716049382716 0.7115384615384616 0.8209876543209876 0.7232905982905983 0.7391975308641975 0.7222222222222222 0.6929012345679012
0 0.8301282051282052 0.8016975308641975 0.8910256410256411 0.8109567901234568 0.8910256410256411 0.75 0.8910256410256411 0.6442901234567902 0.8450854700854701 0.625 0.7232905982905983 0.6103395061728395 0.7254273504273504 0.7438271604938271 0.7115384615384616 0.8279320987654321 0.7681623931623932 0.8279320987654321 0.7831196581196581 0.8016975308641975 0.8301282051282052 0.8016975308641975
0 0.6132478632478633 0.5987654320987654 0.6367521367521367 0.6095679012345679 0.8514957264957265 0.6195987654320988 0.9027777777777778 0.6334876543209876 0.9166666666666666 0.5447530864197531 0.8952991452991453 0.5424382716049383 0.9006410256410257 0.49537037037037035 0.6132478632478633 0.48225308641975306 0.6132478632478633 0.5987654320987654
0 0.592948717948718 0.48225308641975306 0.8963675213675214 0.49537037037037035 0.8963675213675214 0.46296296296296297 0.8653846153846154 0.46141975308641975 0.8728632478632479 0.4097222222222222 0.6111111111111112 0.4035493827160494 0.592948717948718 0.48225308641975306
0 0.6645299145299145 0.2862654320987654 0.6591880341880342 0.3132716049382716 0.6292735042735043 0.31712962962962965 0.6271367521367521 0.37962962962962965 0.6634615384615384 0.38040123456790126 0.6634615384615384 0.4027777777777778 0.8322649572649573 0.41203703703703703 0.8322649572649573 0.404320987654321 0.8728632478632479 0.404320987654321 0.8824786324786325 0.2986111111111111 0.8055555555555556 0.29398148148148145 0.6645299145299145 0.2862654320987654
0 0.717948717948718 0.13194444444444445 0.6976495726495726 0.16512345679012347 0.6420940170940171 0.1882716049382716 0.6271367521367521 0.22299382716049382 0.6057692307692307 0.283179012345679 0.8696581196581197 0.2916666666666667 0.8675213675213675 0.1404320987654321 0.717948717948718 0.13194444444444445