0 0.16213968978658536 0.09779377280550774 0.09631374695121951 0.12830542943201378 0.031180709603658534 0.16976998881239244 0.03048780487804878 0.27695196385542165 0.28824833689024393 0.28399311531841653 0.2896341463414634 0.09779377280550774 0.16213968978658536 0.09779377280550774
0 0.027716185975609757 0.28321076506024095 0.02910199542682927 0.3653575344234079 0.06859756097560976 0.35675168244406197 0.06651884679878049 0.39978094234079176 0.15590354801829268 0.38256923838209983 0.20163525533536586 0.3849162882960413 0.2868625274390244 0.38961038984509466 0.28894124161585366 0.2886872160068847 0.027716185975609757 0.28321076506024095
0 0.17876940167682928 0.38256923838209983 0.15105321493902438 0.3849162882960413 0.04296008841463415 0.4083867943201377 0.03048780487804878 0.530433421686747 0.2681541021341463 0.5194805197934595 0.2688470068597561 0.397433891566265 0.17876940167682928 0.38256923838209983
0 0.06582594207317073 0.5343451729776247 0.06651884679878049 0.6665623537005163 0.1448170731707317 0.6649976531841653 0.28478381402439024 0.6587388511187608 0.2820121951219512 0.5218275697074011 0.06582594207317073 0.5343451729776247
0 0.040881375 0.6642153029259896 0.045038802591463416 0.7385385697074011 0.14897450076219512 0.7221092160068847 0.2279656318597561 0.7260209672977624 0.23073725076219515 0.7064622125645439 0.2626108650914634 0.7064622125645439 0.2639966737804878 0.6626506024096386 0.040881375 0.6642153029259896
0 0.1524390243902439 0.7228915662650602 0.04157427972560975 0.7408856204819277 0.04434589786585366 0.8058206850258176 0.14966740548780488 0.7972148330464717 0.2937915739329268 0.8026912848537004 0.29656319283536586 0.7338444690189329 0.1524390243902439 0.7228915662650602
0 0.1448170731707317 0.7995618838209982 0.06998337042682927 0.8105147865748709 0.07275498856707317 0.8738851506024097 0.14966740548780488 0.851196995697074 0.29448447865853655 0.8629322487091222 0.29517738338414634 0.8034736351118761 0.1448170731707317 0.7995618838209982
0 0.15036031021341464 0.8535440464716006 0.06651884679878049 0.8754498511187608 0.06790465625 0.9599436703958693 0.2937915739329268 0.9513378184165233 0.29587028810975613 0.869973400172117 0.15036031021341464 0.8535440464716006
0 0.40396341463414637 0.9294320137693631 0.5702605320121952 0.9380378657487092 0.5674889138719512 0.7737443278829604 0.39634146341463417 0.7870442814113596 0.3138858094512195 0.8058206850258176 0.31180709527439027 0.9521201686746988 0.40396341463414637 0.9294320137693631
0 0.31319290472560973 0.7330621187607573 0.31527161890243904 0.8034736351118761 0.38802660746951223 0.7854795808950086 0.524528824695122 0.7760913786574871 0.524528824695122 0.7205445154905336 0.3859478932926829 0.7158504148020653 0.31319290472560973 0.7330621187607573
0 0.31319290472560973 0.7291503674698795 0.39634146341463417 0.7142857142857143 0.5238359199695122 0.7174151153184165 0.5238359199695122 0.6689094036144578 0.49958425685975616 0.6689094036144578 0.49958425685975616 0.6485682994836488 0.39495565396341464 0.6509153493975904 0.3125 0.6728211549053356 0.31319290472560973 0.7291503674698795
0 0.3928769397865854 0.6477859492254733 0.5196784923780488 0.6477859492254733 0.5224501105182927 0.5797214836488812 0.3928769397865854 0.576592082616179 0.3159645236280488 0.5891096858864027 0.3125 0.6696917538726334 0.3928769397865854 0.6477859492254733
0 0.3998059870426829 0.5718979819277108 0.5155210640243902 0.57815678313253 0.5182926829268293 0.5617274294320137 0.4961197339939024 0.5546862779690189 0.4961197339939024 0.5210452194492255 0.3935698445121952 0.5171334690189329 0.31527161890243904 0.5319981222030982 0.31319290472560973 0.5844155843373494 0.3998059870426829 0.5718979819277108
0 0.39842017759146336 0.5124393674698796 0.5550166295731708 0.5202628700516351 0.5577882484756097 0.45532780464716005 0.39634146341463417 0.4388984509466437 0.31942904649390247 0.46236895611015494 0.3201219512195122 0.5257393209982788 0.39842017759146336 0.5124393674698796
0 0.3998059870426829 0.43420435025817555 0.5640243902439024 0.45611015490533563 0.5612527713414635 0.4169926462994836 0.5127494458841463 0.417774995697074 0.510670731707317 0.39117509036144577 0.39842017759146336 0.37943983734939757 0.3180432370426829 0.39195743975903613 0.31942904649390247 0.46002190619621336 0.3998059870426829 0.43420435025817555
0 0.3928769397865854 0.3817868881239243 0.554323724847561 0.3888280395869191 0.5536308201219513 0.3270223752151463 0.3928769397865854 0.3137224225473322 0.3090354763719512 0.32624002495697074 0.3111141905487805 0.39430449053356287 0.3928769397865854 0.3817868881239243
0 0.39634146341463417 0.3113753717728055 0.5002771615853658 0.31294007228915666 0.4961197339939024 0.2417462056798623 0.38664079801829265 0.23705210413080896 0.3125 0.25817555938037867 0.3159645236280488 0.32624002495697074 0.39634146341463417 0.3113753717728055
0 0.3942627492378049 0.23157565318416523 0.48295454573170726 0.23861680464716004 0.5792682926829268 0.27382256282271944 0.5792682926829268 0.16351118760757316 0.3928769397865854 0.1627288373493976 0.36585365853658536 0.15881708691910498 0.3630820396341463 0.12282897848537006 0.31527161890243904 0.13456423063683307 0.31527161890243904 0.2597402598967298 0.3942627492378049 0.23157565318416523
0 0.9146341463414634 0.8292911910499139 0.9090909092987804 0.7369738691910499 0.7469512195121951 0.7573149741824441 0.731014412347561 0.7776560791738382 0.7019124169207317 0.8199029888123924 0.6783536585365854 0.8543263967297762 0.6728104214939025 0.9020497573149742 0.6998337027439024 0.9012674070567986 0.69290465625 0.9943670783132531 0.9652161859756098 0.9677671729776247 0.948586474847561 0.8418087934595525 0.9146341463414634 0.8292911910499139
0 0.6998337027439024 0.6047566893287435 0.73378603125 0.7221092160068847 0.8176274946646341 0.7510561729776247 0.8869179603658536 0.7393209199655766 0.9326496676829268 0.7260209672977624 0.934728381097561 0.625880143717728 0.9582871394817073 0.6071037392426851 0.9617516631097561 0.5460804259896729 0.9444290464939025 0.5226099199655766 0.9000831486280487 0.49679236402753874 0.7365576493902439 0.5069629165232358 0.6998337027439024 0.6047566893287435
0 0.7434866958841464 0.4881865120481928 0.9104767187499999 0.47958066006884686 0.9104767187499999 0.2761696135972461 0.7400221730182927 0.2980754182444062 0.7434866958841464 0.4881865120481928
0 0.9284922393292683 0.23392270395869189 0.9250277164634146 0.035205758175559376 0.7178492240853659 0.049288061101549055 0.7233924611280488 0.24644030636833045 0.9284922393292683 0.23392270395869189