0 0.10492753652173914 0.2136602451838879 0.14376811565217393 0.20548744921190892 0.21333333304347826 0.18096906042031521 0.20173913043478262 0.13426736690017513 0.09391304347826086 0.16987740805604204 0.10492753652173914 0.2136602451838879
0 0.15246376782608698 0.20665499124343256 0.10550724608695652 0.21541155866900175 0.11594202869565218 0.2504378283712785 0.2214492756521739 0.2218330411558669 0.20985507217391305 0.18505545796847636 0.15246376782608698 0.20665499124343256
0 0.11652173913043479 0.24985405691768825 0.12637681130434783 0.29246935201401053 0.17797101478260868 0.2883829535901926 0.23246376782608694 0.26970227670753066 0.22260869565217392 0.2276707530647986 0.11652173913043479 0.24985405691768825
0 0.1814492756521739 0.28896672504378285 0.12521739130434784 0.2948044369527146 0.1356521739130435 0.33566841768826616 0.2382608695652174 0.3111500288966725 0.23072463739130433 0.27495621716287216 0.1814492756521739 0.28896672504378285
0 0.13101449304347826 0.33508464711033276 0.14550724608695653 0.38528896672504376 0.19826086956521738 0.37653239929947463 0.26318840608695654 0.3555166374781086 0.2539130434782609 0.305896088441331 0.13101449304347826 0.33508464711033276
0 0.2005797104347826 0.37653239929947463 0.14782608695652175 0.3864565087565674 0.1605797104347826 0.42498540542907176 0.26492753652173917 0.39287799211908936 0.2573913043478261 0.3607705779334501 0.2005797104347826 0.37653239929947463
0 0.16115942 0.42965557530647985 0.17101449304347824 0.47051955604203155 0.2162318843478261 0.46760070052539404 0.2776811591304348 0.4448336252189142 0.26956521739130435 0.40221833012259195 0.16115942 0.42965557530647985
0 0.16695652173913045 0.4711033274956217 0.18318840608695652 0.521891418563923 0.29739130434782607 0.4856976068301226 0.2852173913043478 0.4413309982486865 0.22086956521739132 0.46993578546409803 0.16695652173913045 0.4711033274956217
0 0.18608695652173912 0.521891418563923 0.19884058 0.5645067136602452 0.24811594173913043 0.5545826033274956 0.3130434782608696 0.5329830709281961 0.2991304347826087 0.4874489203152364 0.18608695652173912 0.521891418563923
0 0.2463768113043478 0.5575014597197898 0.2005797104347826 0.5685931112084064 0.20927536260869564 0.5989492119089317 0.30840579739130436 0.5709281961471103 0.3020289852173913 0.5394045534150613 0.2463768113043478 0.5575014597197898
0 0.2718840582608696 0.21249270315236427 0.3182608695652174 0.20373613572679508 0.3628985504347826 0.1920607119089317 0.3553623191304348 0.15236427320490367 0.31594202869565213 0.16520723905429072 0.2637681156521739 0.17688266199649738 0.2718840582608696 0.21249270315236427
0 0.3234782608695652 0.20548744921190892 0.2707246373913043 0.21132516024518389 0.2782608695652174 0.23934617600700525 0.33217391304347826 0.2329246935201401 0.37217391304347824 0.21599533012259192 0.36405797130434786 0.19439579684763572 0.3234782608695652 0.20548744921190892
0 0.33217391304347826 0.23525977845884416 0.27942028956521736 0.24168126094570927 0.28347826086956524 0.2714535901926445 0.33971014521739135 0.26444833625218916 0.37565217391304345 0.24927028633975484 0.36869565217391304 0.22124927057793345 0.33217391304347826 0.23525977845884416
0 0.33971014521739135 0.26503210770577934 0.2852173913043478 0.27437244570928193 0.29043478260869565 0.3000583774080561 0.34956521739130436 0.29422066549912435 0.38666666695652174 0.28021015761821366 0.3773913043478261 0.2527729133099825 0.33971014521739135 0.26503210770577934
0 0.3472463765217391 0.29597197898423816 0.2956521739130435 0.30297723292469353 0.2956521739130435 0.33041447723292466 0.35420289826086954 0.3222416812609457 0.3947826086956522 0.3076474019264448 0.38956521739130434 0.28371278458844135 0.3472463765217391 0.29597197898423816
0 0.35130434782608694 0.32457676619964976 0.2985507243478261 0.33158202014010507 0.30724637652173914 0.3578517224168126 0.3628985504347826 0.3514302390542907 0.40115942 0.33917104465849385 0.3936231886956522 0.3111500288966725 0.35130434782608694 0.32457676619964976
0 0.35884058 0.35318155253940453 0.3089855069565217 0.35960303590192644 0.31420289826086956 0.3905429071803853 0.369855072173913 0.3806187977232925 0.40869565217391307 0.3671920604203152 0.40115942 0.3415061295971979 0.35884058 0.35318155253940453
0 0.36695652173913046 0.3829538817863397 0.30782608695652175 0.39287799211908936 0.31478260869565217 0.41973146497373026 0.37217391304347824 0.4109748975481611 0.4115942026086956 0.3952130761821366 0.4092753626086957 0.3706946873905429 0.36695652173913046 0.3829538817863397
0 0.37507246347826084 0.41214244045534154 0.3182608695652174 0.42265032136602454 0.3240579713043478 0.45125510770577937 0.3843478260869565 0.4401634562171629 0.42434782608695654 0.42498540542907176 0.41333333304347825 0.39813193257443086 0.37507246347826084 0.41214244045534154
0 0.3826086956521739 0.44308231173380036 0.32753623217391303 0.45242265061295966 0.33507246347826086 0.4763572679509632 0.39246376782608694 0.46701692907180387 0.4336231886956522 0.45242265061295966 0.42782608695652175 0.42673671891418563 0.3826086956521739 0.44308231173380036
0 0.39304347826086955 0.46760070052539404 0.3408695652173913 0.4763572679509632 0.34782608695652173 0.5037945122591945 0.39942028956521736 0.4944541742556917 0.44115941999999997 0.4786923528896672 0.43420289826086955 0.45417396409807353 0.39304347826086955 0.46760070052539404
0 0.4017391304347826 0.4956217162872154 0.34666666695652176 0.5055458257443083 0.35304347826086957 0.5318155280210158 0.41043478260869565 0.5242265035026269 0.45101449304347824 0.5055458257443083 0.44173913043478263 0.4786923528896672 0.4017391304347826 0.4956217162872154
0 0.40869565217391307 0.5253940455341506 0.35768115913043474 0.5329830709281961 0.3646376808695652 0.5627554001751313 0.41797101478260873 0.5499124343257443 0.4573913043478261 0.5370694684763573 0.4504347826086956 0.5090484527145359 0.40869565217391307 0.5253940455341506
0 0.4150724634782609 0.5528312898423818 0.3652173913043478 0.566258027145359 0.37159420260869563 0.5896088730297724 0.3936231886956522 0.5866900175131349 0.40057971043478263 0.6065382373029772 0.4742028982608696 0.5861062460595446 0.46028985478260875 0.5423234089316988 0.4150724634782609 0.5528312898423818
0 0.3779710147826087 0.1973146523642732 0.4046376808695652 0.19673088178633974 0.46956521739130436 0.17980151751313486 0.45565217391304347 0.1377699938704028 0.39884058 0.15236427320490367 0.36869565217391304 0.1546993581436077 0.3779710147826087 0.1973146523642732
0 0.4081159417391304 0.19964973730297722 0.3773913043478261 0.20023350875656742 0.38782608695652177 0.22591943957968477 0.40985507217391304 0.22650321103327498 0.47188405826086954 0.20490367775831875 0.46550724608695654 0.18330414448336252 0.4081159417391304 0.19964973730297722
0 0.4162318843478261 0.22533566812609457 0.38608695652173913 0.23000583800350263 0.3918840582608696 0.2568593108581436 0.42086956521739133 0.2574430823117338 0.4765217391304348 0.23467600700525393 0.472463767826087 0.20957384676007007 0.4162318843478261 0.22533566812609457
0 0.4197101452173913 0.2591943957968476 0.39420289826086957 0.2591943957968476 0.3982608695652174 0.28371278458844135 0.43072463739130434 0.284880326619965 0.4840579713043478 0.266199649737303 0.47884057999999996 0.23701109194395797 0.4197101452173913 0.2591943957968476
0 0.4289855069565217 0.2866316401050788 0.39884058 0.287215411558669 0.4057971017391305 0.31523642732049034 0.44 0.3117338003502627 0.49275362347826085 0.2918855805604203 0.48637681130434784 0.266199649737303 0.4289855069565217 0.2866316401050788
0 0.44 0.31465265586690017 0.40753623217391305 0.31932282574430826 0.41391304347826086 0.34442498511383535 0.4446376808695652 0.3420899010507881 0.5031884060869565 0.3216579098073555 0.49391304347826087 0.2930531234676007 0.44 0.31465265586690017
0 0.4457971017391304 0.34442498511383535 0.41333333304347825 0.34851138353765326 0.42086956521739133 0.3736135437828371 0.4527536234782608 0.3701109168126095 0.5101449278260869 0.34909515499124344 0.5026086956521739 0.3222416812609457 0.4457971017391304 0.34442498511383535
0 0.4498550721739131 0.3741973143607706 0.42028985478260866 0.37653239929947463 0.42724637652173914 0.39929947460595444 0.46492753652173907 0.3998832460595447 0.51884058 0.38003502626970226 0.5107246373913044 0.3525977819614711 0.4498550721739131 0.3741973143607706
0 0.46376811565217396 0.40221833012259195 0.42724637652173914 0.4016345595446585 0.43826086956521737 0.4290718038528897 0.46724637652173917 0.4261529483362522 0.527536232173913 0.40396964360770576 0.51884058 0.38003502626970226 0.46376811565217396 0.40221833012259195
0 0.47130434782608693 0.4302393458844133 0.4371014495652174 0.43199065936952713 0.4446376808695652 0.45650904816112087 0.4771014495652174 0.45359019264448336 0.5385507243478261 0.43315820227670754 0.527536232173913 0.4057209570928196 0.47130434782608693 0.4302393458844133
0 0.4782608695652174 0.45592527758318735 0.4469565217391304 0.46001167513134855 0.45565217391304347 0.48453006392294223 0.48695652173913045 0.4827787504378284 0.542608695652174 0.46409807355516636 0.5362318843478261 0.4354932863397548 0.4782608695652174 0.45592527758318735
0 0.4852173913043478 0.4856976068301226 0.4573913043478261 0.4874489203152364 0.4631884060869565 0.5125510796847637 0.49275362347826085 0.5102159956217163 0.5542028982608695 0.4874489203152364 0.5449275365217391 0.46468184500875653 0.4852173913043478 0.4856976068301226
0 0.4933333330434783 0.5137186225919439 0.46202898521739133 0.5137186225919439 0.46608695652173915 0.5347343844133099 0.5020289852173914 0.5440747224168127 0.5646376808695652 0.5125510796847637 0.5547826086956522 0.4886164623467601 0.4933333330434783 0.5137186225919439
0 0.27710144956521743 0.7320490367775832 0.33043478260869563 0.8388791593695272 0.3744927539130435 0.819614711033275 0.34956521739130436 0.7892586103327496 0.33507246347826086 0.7594862810858144 0.3246376808695652 0.7081144194395796 0.27710144956521743 0.7320490367775832
0 0.3408695652173913 0.7192060709281962 0.3362318843478261 0.7081144194395796 0.3240579713043478 0.710449503502627 0.3373913043478261 0.7553998835376532 0.34956521739130436 0.7863397548161121 0.3773913043478261 0.8184471690017513 0.4144927539130435 0.8026853476357267 0.36057971043478265 0.7122008169877408 0.3408695652173913 0.7192060709281962
0 0.4428985504347826 0.7098657329246935 0.4289855069565217 0.6760070052539404 0.39652173913043476 0.694103911558669 0.40289855043478257 0.7227086978984238 0.43826086956521737 0.7933450087565674 0.48289855043478264 0.7699941619964974 0.4568115939130435 0.7408056042031523 0.4428985504347826 0.7098657329246935
0 0.4736231886956521 0.6771745472854641 0.46550724608695654 0.6614127259194396 0.4330434782608696 0.6736719203152365 0.4573913043478261 0.7367192057793346 0.487536232173913 0.7717454754816112 0.5327536234782608 0.7513134851138353 0.48927536260869564 0.6730881497373029 0.4736231886956521 0.6771745472854641
0 0.5530434782608695 0.6544074719789843 0.5420289852173913 0.6211325157618214 0.5066666669565217 0.6403969640980736 0.5031884060869565 0.6596614124343257 0.542608695652174 0.7408056042031523 0.5907246373913044 0.7186223003502626 0.5669565217391305 0.6853473441330998 0.5530434782608695 0.6544074719789843
0 0.5455072460869566 0.6182136602451839 0.5565217391304348 0.6520723879159369 0.5692753626086956 0.6882661996497373 0.5953623191304348 0.7157034439579685 0.6284057973913043 0.6976065385288966 0.5918840582608695 0.6228838292469352 0.5808695652173913 0.6223000586690017 0.5721739130434783 0.6094570928196147 0.5455072460869566 0.6182136602451839
0 0.6968115939130435 0.6135434912434325 0.7020289852173913 0.5779334500875657 0.6597101452173912 0.574430823117338 0.6591304347826087 0.5931115 0.6521739130434783 0.5983654404553416 0.6533333330434783 0.6783420901926445 0.6979710147826087 0.6859311147110333 0.6950724634782609 0.6474022180385289 0.6968115939130435 0.6135434912434325
0 0.736231884347826 0.6001167539404554 0.7385507243478261 0.5773496786339755 0.7037681156521739 0.5773496786339755 0.6991304347826087 0.6112084063047285 0.6991304347826087 0.6520723879159369 0.7014492756521739 0.6870986576182136 0.7431884060869565 0.6888499711033275 0.7414492756521739 0.6042031523642732 0.736231884347826 0.6001167539404554
0 0.7855072460869565 0.5796847635726795 0.7779710147826087 0.6018680674255692 0.7634782608695653 0.603619380910683 0.7681159417391304 0.6859311147110333 0.8191304347826087 0.6906012845884413 0.8133333330434783 0.649737302977233 0.816231884347826 0.6047869238178634 0.8220289852173913 0.5808523056042032 0.7855072460869565 0.5796847635726795
0 0.8249275365217391 0.5802685350262696 0.8185507243478262 0.6135434912434325 0.8179710147826087 0.6509048450087566 0.8214492756521738 0.6911850551663749 0.8591304347826086 0.6929363686514887 0.8626086956521739 0.6176298887915938 0.8533333330434782 0.6112084063047285 0.8591304347826086 0.5866900175131349 0.8249275365217391 0.5802685350262696
0 0.8098550721739131 0.7635726795096323 0.7727536234782608 0.7518972565674256 0.7710144930434782 0.7997664912434326 0.8521739130434782 0.8050204316987741 0.8602898547826088 0.8009340341506129 0.8776811591304348 0.8021015761821366 0.88115942 0.7746643318739054 0.8434782608695652 0.7694103914185639 0.8098550721739131 0.7635726795096323
0 0.7739130434782608 0.7507297136602452 0.8081159417391305 0.7606538239929947 0.8382608695652174 0.7659077644483362 0.8834782608695653 0.7705779334500875 0.8852173913043478 0.7174547574430823 0.7744927539130434 0.7092819614711033 0.7739130434782608 0.7507297136602452
0 0.7750724634782609 0.8260361935201401 0.7681159417391304 0.8791593695271454 0.8005797104347826 0.8879159369527145 0.830144927826087 0.8902510218914186 0.8730434782608696 0.8861646234676007 0.8718840582608696 0.8336252189141856 0.7750724634782609 0.8260361935201401
0 0.8289855069565217 0.8914185639229422 0.8034782608695652 0.8890834789842382 0.7657971017391304 0.8809106830122592 0.7617391304347826 0.9159369527145359 0.8666666669565217 0.927028605078809 0.871304347826087 0.890834792469352 0.8289855069565217 0.8914185639229422
0 0.6330434782608696 0.4080560420315236 0.6301449278260869 0.4967892583187391 0.6452173913043479 0.4967892583187391 0.6492753626086957 0.5172212495621716 0.6805797104347826 0.5154699360770577 0.6828985504347826 0.48102743695271455 0.6805797104347826 0.45709281961471104 0.6881159417391305 0.40747227057793345 0.6330434782608696 0.4080560420315236
0 0.6898550721739131 0.404553415061296 0.6857971017391304 0.4576765910683012 0.6840579713043478 0.5183887915936952 0.7142028982608696 0.5213076471103327 0.7118840582608695 0.46001167513134855 0.7182608695652174 0.40747227057793345 0.6898550721739131 0.404553415061296
0 0.7484057973913043 0.4115586690017513 0.71884058 0.4080560420315236 0.7136231886956521 0.46176298861646237 0.7153623191304348 0.5213076471103327 0.7414492756521739 0.5230589605954467 0.7402898547826088 0.46059544658493873 0.7484057973913043 0.4115586690017513
0 0.7704347826086957 0.46117921803852885 0.7785507243478261 0.41214244045534154 0.7478260869565218 0.4098073555166375 0.7408695652173913 0.46351430210157624 0.7437681156521739 0.5242265035026269 0.7721739130434783 0.5253940455341506 0.7768115939130436 0.4903677758318739 0.7704347826086957 0.46117921803852885
0 0.7994202895652174 0.46468184500875653 0.808695652173913 0.41973146497373026 0.7808695652173913 0.41389375394045536 0.7727536234782608 0.46234676007005254 0.7797101452173912 0.4868651488616462 0.7721739130434783 0.5259778169877408 0.7994202895652174 0.5283129010507881 0.8011594200000001 0.4938704028021016 0.7994202895652174 0.46468184500875653
0 0.8284057973913043 0.4658493870402802 0.8353623191304348 0.41739638091068304 0.8110144930434783 0.41622883800350263 0.8023188408695652 0.4658493870402802 0.8005797104347826 0.5265615875656743 0.8284057973913043 0.5335668415061297 0.8318840582608695 0.49503794483362523 0.8284057973913043 0.4658493870402802
0 0.8805797104347826 0.5020431987740805 0.8817391304347826 0.42323409194395795 0.8353623191304348 0.41914769439579685 0.8307246373913044 0.46760070052539404 0.8330434782608696 0.4921190893169877 0.8284057973913043 0.532399299474606 0.8672463765217392 0.5353181549912435 0.8707246373913043 0.5037945122591945 0.8805797104347826 0.5020431987740805
0 0.6237681156521739 0.2825452425569177 0.6208695652173913 0.30939871541155867 0.6075362321739131 0.3134851138353765 0.6057971017391304 0.3957968476357268 0.6585507243478261 0.396380619089317 0.6539130434782608 0.3566841795096322 0.6591304347826087 0.3035610043782837 0.6614492756521739 0.284880326619965 0.6237681156521739 0.2825452425569177
0 0.6643478260869565 0.2842965560420315 0.6556521739130434 0.35843549299474603 0.6608695652173913 0.3969643896672504 0.6898550721739131 0.39929947460595444 0.6834782608695652 0.36427320490367776 0.6933333330434783 0.2877991830122592 0.6643478260869565 0.2842965560420315
0 0.696231884347826 0.2866316401050788 0.6846376808695652 0.36252189141856395 0.6927536234782609 0.40221833012259195 0.7176811591304348 0.40396964360770576 0.7130434782608696 0.36777583187390545 0.7205797104347825 0.28896672504378285 0.696231884347826 0.2866316401050788
0 0.7228985504347827 0.28896672504378285 0.7142028982608696 0.36777583187390545 0.72115942 0.40396964360770576 0.7466666669565217 0.40396964360770576 0.7408695652173913 0.3660245183887916 0.7489855069565218 0.2883829535901926 0.7228985504347827 0.28896672504378285
0 0.7507246373913044 0.2860478695271454 0.7460869565217392 0.3671920604203152 0.7478260869565218 0.41039112697022767 0.7797101452173912 0.4133099824868651 0.7733333330434783 0.36952714535901926 0.7762318843478261 0.31290134238178635 0.7814492756521739 0.2883829535901926 0.7507246373913044 0.2860478695271454
0 0.7802898547826087 0.29071803852889666 0.7744927539130434 0.3683596033274956 0.7808695652173913 0.4098073555166375 0.807536232173913 0.4098073555166375 0.8017391304347826 0.36894337390542903 0.8133333330434783 0.2913018099824869 0.7802898547826087 0.29071803852889666
0 0.8144927539130434 0.2918855805604203 0.8052173913043478 0.3671920604203152 0.8098550721739131 0.41039112697022767 0.8382608695652174 0.4098073555166375 0.830144927826087 0.3736135437828371 0.83884058 0.295388207530648 0.8144927539130434 0.2918855805604203
0 0.8417391304347827 0.295388207530648 0.8289855069565217 0.3724460008756567 0.84 0.41039112697022767 0.8834782608695653 0.4098073555166375 0.888695652173913 0.32866316374781085 0.8730434782608696 0.32340922329246935 0.8753623191304347 0.29597197898423816 0.8417391304347827 0.295388207530648