0 0.40425531914893614 0.22348484848484848 0.41843971631205673 0.14393939393939395 0.45271867612293143 0.14772727272727273 0.46808510638297873 0.09015151515151515 0.2919621749408983 0.0893939393939394 0.2907801418439716 0.11060606060606061 0.1430260047281324 0.10606060606060606 0.14775413711583923 0.22045454545454546 0.40425531914893614 0.22348484848484848
0 0.15011820330969267 0.22196969696969698 0.14775413711583923 0.3303030303030303 0.4940898345153664 0.3325757575757576 0.4940898345153664 0.22348484848484848 0.15011820330969267 0.22196969696969698
0 0.30023640661938533 0.32954545454545453 0.29314420803782504 0.3462121212121212 0.1288416075650118 0.3553030303030303 0.1347517730496454 0.45984848484848484 0.483451536643026 0.46515151515151515 0.4846335697399527 0.33181818181818185 0.30023640661938533 0.32954545454545453
0 0.1359338061465721 0.4734848484848485 0.13120567375886524 0.5772727272727273 0.4302600472813239 0.5674242424242424 0.4219858156028369 0.4825757575757576 0.1359338061465721 0.4734848484848485
0 0.1690307328605201 0.5818181818181818 0.16312056737588654 0.6075757575757575 0.0851063829787234 0.6113636363636363 0.0851063829787234 0.6795454545454546 0.4728132387706856 0.6848484848484848 0.4728132387706856 0.5818181818181818 0.1690307328605201 0.5818181818181818
0 0.07210401891252956 0.6818181818181818 0.0768321513002364 0.8015151515151515 0.4066193853427896 0.8098484848484848 0.42671394799054374 0.6856060606060606 0.07210401891252956 0.6818181818181818
0 0.09574468085106383 0.8075757575757576 0.09692671394799054 0.85 0.13356973995271867 0.8689393939393939 0.1359338061465721 0.928030303030303 0.28132387706855794 0.9363636363636364 0.2907801418439716 0.8098484848484848 0.09574468085106383 0.8075757575757576
0 0.3971631205673759 0.8113636363636364 0.2895981087470449 0.8113636363636364 0.2907801418439716 0.9409090909090909 0.475177304964539 0.9477272727272728 0.48699763593380613 0.8015151515151515 0.4148936170212766 0.8007575757575758 0.3971631205673759 0.8113636363636364
0 0.8617021276595744 0.22272727272727272 0.8652482269503546 0.12196969696969696 0.5732860520094563 0.12424242424242424 0.566193853427896 0.22121212121212122 0.8617021276595744 0.22272727272727272
0 0.49763593380614657 0.22727272727272727 0.48936170212765956 0.33106060606060606 0.8404255319148937 0.34393939393939393 0.8380614657210402 0.23712121212121212 0.49763593380614657 0.22727272727272727
0 0.7612293144208038 0.38484848484848483 0.6950354609929078 0.35984848484848486 0.49645390070921985 0.35984848484848486 0.4940898345153664 0.4553030303030303 0.8274231678486997 0.4628787878787879 0.8203309692671394 0.3886363636363636 0.7612293144208038 0.38484848484848483
0 0.5957446808510638 0.4553030303030303 0.5898345153664303 0.5583333333333333 0.817966903073286 0.5704545454545454 0.8167848699763594 0.4659090909090909 0.5957446808510638 0.4553030303030303
0 0.5839243498817966 0.5734848484848485 0.5685579196217494 0.6734848484848485 0.5910165484633569 0.696969696969697 0.6394799054373522 0.7098484848484848 0.8156028368794326 0.7128787878787879 0.8156028368794326 0.5833333333333334 0.5839243498817966 0.5734848484848485
0 0.5354609929078015 0.7159090909090909 0.5224586288416075 0.8181818181818182 0.8132387706855791 0.8196969696969697 0.8120567375886525 0.718939393939394 0.5354609929078015 0.7159090909090909
0 0.8959810874704491 0.8893939393939394 0.8841607565011821 0.8287878787878787 0.7222222222222222 0.8212121212121212 0.48226950354609927 0.821969696969697 0.46808510638297873 0.9628787878787879 0.7033096926713948 0.9674242424242424 0.710401891252955 0.9553030303030303 0.7789598108747045 0.9537878787878787 0.8014184397163121 0.8833333333333333 0.8959810874704491 0.8893939393939394