0 0.19399042421991083 0.21198830394736842 0.19316493313521546 0.2631578947368421 0.19976886255572066 0.3845029236842105 0.25094931500742945 0.39473684210526316 0.24929833283803865 0.23538011710526316 0.26333168202080237 0.08333333289473685 0.20637279197622585 0.07456140394736842 0.19399042421991083 0.21198830394736842
0 0.26415717384843984 0.06286549736842105 0.2526002971768202 0.2251461986842105 0.2526002971768202 0.3961988302631579 0.3070827139673105 0.40204678421052636 0.31203566121842496 0.23830409342105263 0.32937097548291233 0.07163742631578947 0.26415717384843984 0.06286549736842105
0 0.32524352005943535 0.11988304078947368 0.31368664338781577 0.23976608157894735 0.3087336968796434 0.4122807013157895 0.34753178157503717 0.4181286552631579 0.35248472808320946 0.36257310000000004 0.35661218424962854 0.3611111105263158 0.36239062258543836 0.24853801184210528 0.3656925869242199 0.1242690052631579 0.32524352005943535 0.11988304078947368
0 0.3656925869242199 0.07163742631578947 0.3640416047548291 0.24561403552631578 0.3599141485884101 0.4225146197368421 0.40779263670133725 0.43859649078947366 0.4110946010401189 0.30555555526315786 0.4201750044576523 0.08479532105263159 0.3656925869242199 0.07163742631578947
0 0.4201750044576523 0.08333333289473685 0.4135710750371471 0.25584795263157895 0.4110946010401189 0.43859649078947366 0.45484563298662706 0.43713450263157894 0.45154366864784545 0.2631578947368421 0.46640250965824664 0.09064327500000001 0.4201750044576523 0.08333333289473685
0 0.46970447399702825 0.08333333289473685 0.4523691597325408 0.2543859644736842 0.4606240713224368 0.4342105263157895 0.504375103268945 0.4400584789473684 0.504375103268945 0.27631578947368424 0.5225359086181278 0.08625731052631579 0.46970447399702825 0.08333333289473685
0 0.5241868915304606 0.08625731052631579 0.508502558692422 0.2631578947368421 0.5068515765230311 0.43274853815789477 0.5588575200594353 0.43859649078947366 0.5629849762258544 0.2675438592105263 0.570414396731055 0.09210526315789473 0.5241868915304606 0.08625731052631579
0 0.5836222555720654 0.08771929868421054 0.5827967637444279 0.1257309947368421 0.5720653789004457 0.12719298289473685 0.5613339940564636 0.4429824565789474 0.6075614992570579 0.44590643289473686 0.6199438662704309 0.09356725131578947 0.5836222555720654 0.08771929868421054
0 0.6224203402674592 0.11403508815789475 0.6158164108469539 0.2675438592105263 0.6100379725111442 0.4473684210526316 0.6554399866270431 0.4488304092105263 0.6603929338781575 0.271929825 0.6744262838038633 0.1257309947368421 0.6224203402674592 0.11403508815789475
0 0.7165263328380386 0.12719298289473685 0.6769027570579496 0.11988304078947368 0.6620439160475483 0.2792397657894737 0.6579164606240714 0.45175438552631575 0.7099224041604755 0.4576023394736842 0.7132243684992571 0.2850877197368421 0.7165263328380386 0.12719298289473685
0 0.7759616968796433 0.16374268947368423 0.7528479442793462 0.15643274868421053 0.75037147102526 0.11988304078947368 0.7181773157503715 0.1242690052631579 0.7165263328380386 0.2865497078947369 0.7140498595839525 0.47222222236842104 0.7619283476968797 0.4824561407894737 0.762753838781575 0.2982456144736842 0.7759616968796433 0.16374268947368423
0 0.7800891530460624 0.15643274868421053 0.7677067852897475 0.299707602631579 0.7660558031203566 0.4605263157894737 0.8081558528974739 0.4692982460526316 0.8180617466567607 0.16374268947368423 0.7800891530460624 0.15643274868421053
0 0.8420009903417534 0.17105263157894737 0.8329205876671619 0.19590643289473686 0.8180617466567607 0.19152046842105264 0.8114578172362557 0.47368421052631576 0.890704969539376 0.4795321631578947 0.9030873372956909 0.18128655000000002 0.8420009903417534 0.17105263157894737
0 0.17995707429420504 0.5964912276315789 0.24929833283803865 0.6549707605263158 0.250123823922734 0.5497076026315789 0.254251279346211 0.4269005842105263 0.18821198588410104 0.409356725 0.17995707429420504 0.5964912276315789
0 0.2567277533432392 0.4342105263157895 0.25094931500742945 0.6535087723684211 0.2798415059435364 0.7675438592105264 0.29552583803863297 0.7763157894736842 0.3095591879643388 0.4400584789473684 0.2567277533432392 0.4342105263157895
0 0.31203566121842496 0.4473684210526316 0.3070827139673105 0.5730994157894738 0.29800231129271915 0.7631578947368421 0.3434043254086181 0.7821637421052631 0.3508337459138187 0.5716374263157894 0.3599141485884101 0.4649122802631579 0.31203566121842496 0.4473684210526316
0 0.36321611367013373 0.4619883039473684 0.353310219910847 0.5672514618421053 0.34588079940564637 0.7836257315789474 0.3937592867756315 0.7821637421052631 0.40283968945022286 0.5730994157894738 0.4127455839524517 0.4692982460526316 0.36321611367013373 0.4619883039473684
0 0.4639260356612184 0.478070175 0.4152220572065379 0.4678362578947369 0.4036651805349183 0.5964912276315789 0.3987122340267459 0.7807017539473685 0.43751031872213964 0.7865497078947369 0.4540201419019317 0.5964912276315789 0.4639260356612184 0.478070175
0 0.5101535416047548 0.47660818684210526 0.46640250965824664 0.4692982460526316 0.4573221069836553 0.6008771934210526 0.4391613008915305 0.7880116960526315 0.49116724442793464 0.7997076026315789 0.500247647102526 0.618421052631579 0.5101535416047548 0.47660818684210526
0 0.512630014858841 0.47660818684210526 0.5035496121842497 0.6052631578947368 0.49281822659732544 0.7836257315789474 0.5473006441307577 0.7938596486842106 0.5489516263001486 0.599415205263158 0.5572065378900446 0.48391812894736846 0.512630014858841 0.47660818684210526
0 0.5629849762258544 0.48099415263157896 0.5522535906389302 0.5964912276315789 0.5489516263001486 0.7543859644736842 0.5712398878157503 0.7514619881578948 0.5968301136701337 0.7251461986842106 0.6059105170876672 0.5584795315789474 0.6133399375928678 0.4853801171052632 0.5629849762258544 0.48099415263157896
0 0.8353970609212481 0.7441520473684211 0.9105167578008916 0.728070175 0.9286775631500743 0.5307017539473684 0.8420009903417534 0.5131578947368421 0.8353970609212481 0.7441520473684211
0 0.7883440646359583 0.8245614039473683 0.81641076448737 0.8245614039473683 0.841175499257058 0.7616959065789473 0.837048043833581 0.6213450289473684 0.8403500081723625 0.5087719302631579 0.8015519234769688 0.5102339184210527 0.7899950468053493 0.6038011697368421 0.7883440646359583 0.8245614039473683
0 0.7363381210995543 0.7660818710526316 0.7578008915304606 0.7807017539473685 0.7569754004457652 0.81871345 0.7858675913818721 0.81871345 0.7899950468053493 0.6169590644736842 0.8023774145616642 0.5029239763157894 0.7544989271916791 0.49707602368421056 0.7388145943536404 0.6096491223684211 0.7363381210995543 0.7660818710526316
0 0.7355126300148589 0.7763157894736842 0.7388145943536404 0.6096491223684211 0.7520224531946508 0.4926900578947368 0.7008420007429421 0.48976608157894735 0.6942380713224369 0.5672514618421053 0.6909361069836553 0.7733918131578947 0.7355126300148589 0.7763157894736842
0 0.6438831106983655 0.7339181289473684 0.6645203893016345 0.7865497078947369 0.6917615980683507 0.8070175434210527 0.6884596337295691 0.618421052631579 0.6983655274888558 0.4795321631578947 0.6513125312035661 0.47660818684210526 0.6405811456166419 0.6038011697368421 0.6438831106983655 0.7339181289473684
0 0.6050850252600297 0.6111111105263157 0.6009575698365527 0.722222222368421 0.6372791812778603 0.7178362578947369 0.6381046723625556 0.6140350881578948 0.6471850750371472 0.4795321631578947 0.6158164108469539 0.4795321631578947 0.6050850252600297 0.6111111105263157