0 0.12511373964968153 0.12999720450097849 0.1103275708598726 0.36203522504892366 0.20814376671974522 0.3690243219178082 0.21838034554140126 0.14257757925636005 0.12511373964968153 0.12999720450097849
0 0.22065514092356686 0.11462119080234834 0.21496815286624205 0.36483086399217224 0.31505914490445863 0.3788090577299413 0.33212010907643313 0.1202124686888454 0.22065514092356686 0.11462119080234834
0 0.3355323017515923 0.11462119080234834 0.3230209283439491 0.3816046966731898 0.420837125 0.3955828904109589 0.43789808917197454 0.12580374657534246 0.3355323017515923 0.11462119080234834
0 0.44244767993630574 0.12440592661448141 0.42538671496815283 0.3844003356164384 0.507279344745223 0.39418507142857145 0.5323020931528663 0.14117975929549903 0.44244767993630574 0.12440592661448141
0 0.5357142858280255 0.16074923091976517 0.517515923566879 0.3913894324853229 0.6050955414012739 0.40257198727984345 0.6130573248407644 0.17193178669275927 0.5357142858280255 0.16074923091976517
0 0.6153321202229299 0.1593514119373777 0.6119199275477707 0.4039698072407045 0.7051865334394904 0.4249370978473581 0.7199727022292993 0.18590998043052837 0.6153321202229299 0.1593514119373777
0 0.7211101003184713 0.18171652250489234 0.707461328821656 0.40676544618395305 0.8064149227707006 0.4291305567514677 0.8212010915605095 0.206877271037182 0.7211101003184713 0.18171652250489234
0 0.8177888988853503 0.19569471624266144 0.8075523200636943 0.4207436399217221 0.89171974522293 0.4347218336594912 0.9030937213375797 0.2194576457925636 0.8177888988853503 0.19569471624266144
0 0.9099181074840764 0.22085546575342466 0.8962693359872611 0.4347218336594912 0.9758871703821655 0.44590438943248534 0.9906733391719746 0.24322057632093932 0.9099181074840764 0.22085546575342466
0 0.22747952707006372 0.7534246575342466 0.2422656958598726 0.4948280684931507 0.1217015469745223 0.476656415851272 0.1217015469745223 0.745037740704501 0.22747952707006372 0.7534246575342466
0 0.25022747929936306 0.4892367906066536 0.23544131050955416 0.740844282778865 0.34235668789808915 0.752026838551859 0.35828025477707004 0.49622588747553814 0.25022747929936306 0.4892367906066536
0 0.3628298455414013 0.48783897162426615 0.3469062786624204 0.7436399217221135 0.45154686066878985 0.752026838551859 0.4651956321656051 0.5018171653620351 0.3628298455414013 0.48783897162426615
0 0.46747042754777074 0.5157953590998043 0.4583712468152866 0.7436399217221135 0.5527752499999999 0.736650824853229 0.5561874434713375 0.5241822759295499 0.46747042754777074 0.5157953590998043
0 0.46405823487261144 0.754822476516634 0.37761601433121017 0.7646072123287672 0.38785259315286624 0.8806262230919765 0.5777979984076433 0.9071847915851272 0.5823475883757963 0.7380486438356164 0.46405823487261144 0.754822476516634
0 0.6676524116242037 0.5269779148727984 0.6483166512738854 0.754822476516634 0.7870791632165605 0.7771875870841487 0.804140127388535 0.5465473864970646 0.6676524116242037 0.5269779148727984
0 0.6528662420382165 0.7604137544031312 0.6449044585987261 0.877830584148728 0.6972247500000001 0.9449259158512721 0.7882165605095541 0.9547106516634051 0.7939035485668791 0.7771875870841487 0.6528662420382165 0.7604137544031312
0 0.8007279347133758 0.7618115743639922 0.8007279347133758 0.9463237348336595 0.8837579617834395 0.9672910264187866 0.8951319378980892 0.7743919481409002 0.8007279347133758 0.7618115743639922
0 0.8951319378980892 0.7715963101761252 0.8826205644904459 0.9575062906066536 0.9792993630573248 0.9742801232876712 0.9849863511146497 0.7785854070450098 0.8951319378980892 0.7715963101761252
0 0.8962693359872611 0.7660050322896281 0.9804367603503185 0.7785854070450098 0.9804367603503185 0.5745037739726028 0.9110555047770701 0.5563321223091976 0.8962693359872611 0.7660050322896281
0 0.8030027300955414 0.7506290185909981 0.8928571425159235 0.7674028512720157 0.8996815286624203 0.552138663405088 0.8086897181528663 0.5451495665362036 0.8030027300955414 0.7506290185909981