0 0.37699923886138614 0.10528923590982286 0.24562071534653465 0.10157314492753623 0.23705255198019803 0.14926297504025765 0.33130236138613867 0.15235971739130436 0.47315308415841584 0.17341756441223832 0.48552932178217817 0.11891490177133655 0.37699923886138614 0.10528923590982286
0 0.33130236138613867 0.1529790660225443 0.2103960396039604 0.14740492995169083 0.1970677834158416 0.18952062399355876 0.31511805074257426 0.19819150241545894 0.4636329022277228 0.21615260708534623 0.47600913985148513 0.1758949581320451 0.33130236138613867 0.1529790660225443
0 0.3150315037128713 0.1983604154589372 0.19689468935643567 0.1925047576489533 0.18451845173267328 0.23349436392914655 0.3116561658415842 0.24227785104669886 0.45229522896039603 0.2591128679549114 0.4646714665841584 0.21812326167471818 0.3150315037128713 0.1983604154589372
0 0.30828082797029704 0.24227785104669886 0.1822682264851485 0.23569023590982288 0.16764176361386138 0.27960767069243153 0.30040504084158415 0.28473137198067633 0.44554455445544555 0.3044942173913044 0.4534203415841584 0.26057678260869566 0.30828082797029704 0.24227785104669886
0 0.3015301534653465 0.2876592004830918 0.16314131435643564 0.28033962801932366 0.15526552599009902 0.32572097826086954 0.2925292524752475 0.33157663607085347 0.43316831683168316 0.3535353534621578 0.44554455445544555 0.31034987520128826 0.3015301534653465 0.2876592004830918
0 0.28577857797029704 0.33450446457326893 0.15751575123762376 0.3271848921095008 0.1496399641089109 0.3696384130434783 0.2790279022277228 0.3732981996779388 0.42191719183168314 0.394524959742351 0.43091809158415845 0.3564631827697263 0.28577857797029704 0.33450446457326893
0 0.2700270024752475 0.37476211352657 0.15189018935643564 0.368174498389694 0.14401440099009902 0.4120919339774557 0.2644014405940594 0.41867954911433175 0.4196669665841584 0.439906309178744 0.43316831683168316 0.3974527890499195 0.2700270024752475 0.37476211352657
0 0.26327632797029704 0.41721563446054755 0.14288928836633663 0.4120919339774557 0.13276327599009902 0.45893719806763283 0.2531503155940594 0.45820524074074076 0.41516651608910893 0.48748353059581323 0.42416741707920796 0.439906309178744 0.26327632797029704 0.41721563446054755
0 0.2531503155940594 0.46113307004830917 0.13163816336633663 0.46040111272141704 0.12038703836633664 0.5043185475040258 0.24302430198019803 0.50578246215781 0.41741674133663365 0.5314009661835749 0.4286678663366336 0.49187527455716584 0.2531503155940594 0.46113307004830917
0 0.24639963985148516 0.5072463768115942 0.12151215099009902 0.5072463768115942 0.11363636386138613 0.5511638123993559 0.23402340222772278 0.5504318550724637 0.40729072896039603 0.5672668719806763 0.4162916287128713 0.5350607528180353 0.24639963985148516 0.5072463768115942
0 0.26327632797029704 0.5533596835748793 0.11701170173267328 0.5526277262479872 0.10913591336633664 0.5987410338164251 0.25765076485148514 0.5987410338164251 0.4252925297029703 0.6199677938808373 0.43991899133663365 0.571658615136876 0.26327632797029704 0.5533596835748793
0 0.2565256522277228 0.5994729911433172 0.10688568811881188 0.6002049476650564 0.10126012623762376 0.6485141264090177 0.274527452970297 0.649978041062802 0.3982898292079208 0.6668130579710145 0.40729072896039603 0.6236275805152979 0.2565256522277228 0.5994729911433172
0 0.10238523886138613 0.663885229468599 0.018001800742574257 0.761235543478261 0.03825382549504951 0.7736788172302738 0.01912691212871287 0.808080808373591 0.036003600247524754 0.8395549702093398 0.10801080074257426 0.8644415169082126 0.13051305074257424 0.8219879959742351 0.15639063861386138 0.789049919484702 0.1541404146039604 0.7722149025764895 0.22389738985148513 0.7180500660225443 0.23852385272277227 0.6960913486312399 0.10238523886138613 0.663885229468599
0 0.23852385272277227 0.7004830917874396 0.15751575123762376 0.7722149025764895 0.16201620173267325 0.7897818768115942 0.11363636386138613 0.8651734742351046 0.17551755198019803 0.8827404476650564 0.22277227722772278 0.808080808373591 0.22502250247524752 0.7927097061191626 0.30828082797029704 0.7187820233494364 0.23852385272277227 0.7004830917874396
0 0.30040504084158415 0.7275655104669887 0.22952295173267326 0.794905577294686 0.22502250247524752 0.8095447222222223 0.17326732673267325 0.8856682769726248 0.23177317698019803 0.9046991658615137 0.2565256522277228 0.8629776022544283 0.28015301485148514 0.8322353977455716 0.28127812747524755 0.8066168937198067 0.3611611163366336 0.7429366127214171 0.30040504084158415 0.7275655104669887
0 0.3611611163366336 0.7436685700483091 0.2869036905940594 0.8095447222222223 0.28577857797029704 0.827111696457327 0.23514851485148514 0.9046991658615137 0.29590459034653466 0.9164104814814815 0.3431593155940594 0.8446786706924315 0.34090909034653466 0.8234519106280193 0.42754275371287126 0.761967500805153 0.3611611163366336 0.7436685700483091
0 0.38478847896039603 0.8988435072463768 0.40279027846534654 0.8644415169082126 0.3994149418316832 0.8454106280193237 0.47817281683168317 0.781730347020934 0.42416741707920796 0.7656272874396135 0.3487848787128713 0.8234519106280193 0.3476597660891089 0.8432147560386474 0.2981548155940594 0.9266578832528181 0.3544104405940594 0.9383691988727859 0.38478847896039603 0.9083589516908213 0.38478847896039603 0.8988435072463768
0 0.48267326732673266 0.7846581763285023 0.4095409542079208 0.8446786706924315 0.40729072896039603 0.860781730273752 0.3870387042079208 0.9046991658615137 0.3622862289603961 0.9434929001610306 0.44329432920792083 0.9625237882447666 0.5535553551980198 0.808080808373591 0.48267326732673266 0.7846581763285023
0 0.8393339331683168 0.8944517640901771 0.8832133217821782 0.8849363196457327 0.8708370841584158 0.8498023711755234 0.7909540952970298 0.8468745426731079 0.709945995049505 0.8498023711755234 0.5996849690594059 0.8798126191626409 0.627812780940594 0.953008344605475 0.8382088205445545 0.9112867809983897 0.8393339331683168 0.8944517640901771
0 0.6041854183168317 0.8768847898550725 0.7088208824257425 0.8468745426731079 0.8640864084158416 0.8476064999999999 0.8472097215346533 0.8000292785829307 0.7256975693069307 0.8183282093397746 0.6953195321782178 0.8161323381642511 0.5918091806930693 0.8498023711755234 0.6041854183168317 0.8768847898550725
0 0.6975697574257426 0.8139364661835748 0.7785778576732674 0.8051529790660226 0.8562106212871287 0.8007612359098228 0.8438343836633663 0.7670912020933978 0.6795679566831684 0.7707509879227054 0.5805580556930693 0.8000292785829307 0.5906840680693068 0.8468745426731079 0.6975697574257426 0.8139364661835748
0 0.6829432945544555 0.7685551167471819 0.8179567957920792 0.7626994581320451 0.799954995049505 0.7304933389694042 0.6638163811881188 0.7261015958132044 0.5636813675742575 0.7634314154589372 0.5760576051980199 0.7971014492753623 0.6829432945544555 0.7685551167471819
0 0.667191719059406 0.7246376811594203 0.7740774071782179 0.7195139806763284 0.7752025198019803 0.7078026642512077 0.8134563452970297 0.7012150491143317 0.8022052202970297 0.6748645877616747 0.648064806930693 0.6858439468599034 0.5468046806930693 0.715854194041868 0.5625562561881188 0.7590396723027375 0.667191719059406 0.7246376811594203
0 0.6469396943069307 0.6836480748792271 0.8044554455445545 0.6712048019323671 0.7853285334158415 0.6258234516908213 0.6323132314356436 0.6411945539452496 0.5299279925742575 0.670472844605475 0.5479297933168317 0.7129263647342996 0.6469396943069307 0.6836480748792271
0 0.6379387933168318 0.6389986827697263 0.7313231324257425 0.6324110668276973 0.7380738069306931 0.6243595370370371 0.7830783081683168 0.6148440933977455 0.7740774071782179 0.5892255893719807 0.6176867685643564 0.604596691626409 0.5096759678217821 0.6360708534621579 0.528802879950495 0.6712048019323671 0.6379387933168318 0.6389986827697263
0 0.7763276324257427 0.5855658027375201 0.7605760581683167 0.545308153784219 0.5974347438118812 0.5562875128824477 0.500675068069307 0.5870297173913044 0.5164266423267326 0.6302151956521739 0.6188118811881188 0.6009369049919485 0.7763276324257427 0.5855658027375201
0 0.49842484282178223 0.5804421022544284 0.6008100804455445 0.5533596835748793 0.7133213316831684 0.5460401111111112 0.7155715569306931 0.5357927093397746 0.7425742574257426 0.5299370515297906 0.7346984702970296 0.5079783341384863 0.5783078304455446 0.5152979066022544 0.4770477042079208 0.5496998977455716 0.49842484282178223 0.5804421022544284
0 0.5805580556930693 0.5109061634460547 0.712196219059406 0.5072463768115942 0.7065706571782178 0.46772068518518517 0.582808280940594 0.4743083003220612 0.5670567054455445 0.4530815402576489 0.44779477970297027 0.4816278727858293 0.4747974801980198 0.5460401111111112 0.5805580556930693 0.5109061634460547
0 0.5434293428217822 0.45381349758454104 0.549054905940594 0.43624652334943637 0.6019351930693069 0.4369784806763285 0.6098109814356436 0.42233933574879223 0.7268226819306931 0.4325867367149759 0.747074707920792 0.37256624235104674 0.5726822685643564 0.35207143880837355 0.4770477042079208 0.34987556763285027 0.45454545420792075 0.4560093687600644 0.5434293428217822 0.45381349758454104
0 0.5816831683168316 0.34914361030595814 0.7324482450495049 0.3696384130434783 0.7481998205445544 0.32279314895330113 0.5906840680693068 0.302298345410628 0.4905490544554455 0.3008344315619968 0.48042304207920794 0.3447518663446055 0.5816831683168316 0.34914361030595814
0 0.594059405940594 0.30010247423510467 0.747074707920792 0.32279314895330113 0.747074707920792 0.32132923429951693 0.758325832920792 0.28473137198067633 0.5996849690594059 0.26570048309178745 0.4939243923267327 0.2620406964573269 0.48829883044554456 0.29497877294685987 0.594059405940594 0.30010247423510467
0 0.6086858688118811 0.26350461111111106 0.754950495049505 0.2810715853462158 0.7617011695544555 0.24227785104669886 0.6064356435643564 0.21958717632850244 0.5029252920792079 0.21885521900161028 0.49504950495049505 0.2583809106280193 0.6086858688118811 0.26350461111111106
0 0.6120612066831683 0.21665934702093398 0.7628262821782179 0.23788610708534622 0.7718271831683168 0.1983604154589372 0.622187219059406 0.17859757004830917 0.5130513056930693 0.17493778341384864 0.5029252920792079 0.21519543236714975 0.6120612066831683 0.21665934702093398
0 0.6244374443069307 0.17420582608695653 0.7684518452970297 0.19616454428341384 0.7808280829207921 0.14931927938808373 0.6244374443069307 0.12370077616747181 0.528802879950495 0.12150490418679548 0.5153015297029703 0.17127799758454107 0.6244374443069307 0.17420582608695653
0 0.6300630061881188 0.12077294685990338 0.7808280829207921 0.1471234082125604 0.7932043205445545 0.10540184460547503 0.6379387933168318 0.07978334057971014 0.5344284430693069 0.0768555112721417 0.528802879950495 0.11491728904991948 0.6300630061881188 0.12077294685990338
0 0.6424392438118812 0.07758746859903382 0.7605760581683167 0.09881422946859904 0.7695769579207921 0.09003074235104669 0.8067056707920792 0.09369052818035427 0.820207021039604 0.05709266586151369 0.5501800185643564 0.024154589371980676 0.5378037809405941 0.0702678961352657 0.6424392438118812 0.07758746859903382