0 0.9150094700520833 0.9206716847133758 0.91027462109375 0.7339316735668789 0.8641098489583333 0.728141285031847 0.8771306822916666 0.9250144761146497 0.9150094700520833 0.9206716847133758
0 0.8652935611979166 0.9221192818471338 0.8605587122395834 0.7339316735668789 0.8108428033854166 0.7252460907643312 0.8226799244791666 0.9206716847133758 0.8652935611979166 0.9221192818471338
0 0.8179450755208334 0.9206716847133758 0.80847537890625 0.7310364792993631 0.7658617421875 0.7252460907643312 0.7753314388020834 0.9235668789808917 0.8179450755208334 0.9206716847133758
0 0.750473484375 0.9047481178343949 0.7492897721354167 0.7266936878980892 0.694839015625 0.7209033009554141 0.7090435611979166 0.9047481178343949 0.750473484375 0.9047481178343949
0 0.7090435611979166 0.9061957149681529 0.6972064388020834 0.719455703821656 0.6545928033854167 0.719455703821656 0.6699810611979166 0.903300520700637 0.7090435611979166 0.9061957149681529
0 0.6001420455729166 0.8931673423566879 0.64512310546875 0.888824550955414 0.63683712109375 0.7657788073248407 0.64393939453125 0.7165605095541401 0.6001420455729166 0.7049797340764331 0.5859375 0.7759119856687897 0.6001420455729166 0.8931673423566879
0 0.5646306822916667 0.8931673423566879 0.6084280299479167 0.8931673423566879 0.5835700755208334 0.7614360159235669 0.5930397721354167 0.7107701210191083 0.5362215911458333 0.7049797340764331 0.5362215911458333 0.7614360159235669 0.5646306822916667 0.8931673423566879
0 0.4924242421875 0.8844817595541402 0.52675189453125 0.8815865668789808 0.5243844700520833 0.7556456289808917 0.52675189453125 0.7049797340764331 0.48295454557291667 0.6948465541401274 0.4853219700520834 0.758540821656051 0.4924242421875 0.8844817595541402
0 0.421401515625 0.746960046178344 0.4391571966145833 0.7513028375796178 0.4509943177083333 0.8859293566878982 0.4900568177083333 0.8873769538216562 0.47585227213541664 0.6991893455414013 0.43205492447916666 0.6919513614649682 0.421401515625 0.746960046178344
0 0.3799715911458333 0.8685581926751593 0.4190340911458333 0.8700057898089173 0.4119318177083333 0.745512449044586 0.42258522786458336 0.6977417484076434 0.37642045442708333 0.6818181815286625 0.3728693177083333 0.745512449044586 0.3799715911458333 0.8685581926751593
0 0.3136837122395833 0.7310364792993631 0.32788825781250003 0.736826867834395 0.3349905299479166 0.862767805732484 0.37878787890625 0.8729009840764331 0.36576704557291667 0.7513028375796178 0.37050189453125 0.6832657786624204 0.32315340885416666 0.6760277945859873 0.3136837122395833 0.7310364792993631
0 0.26751893880208333 0.861320208598726 0.3077651510416667 0.8584250143312102 0.30184659114583334 0.7339316735668789 0.31013257552083334 0.6832657786624204 0.26751893880208333 0.6658946146496816 0.25804924218749997 0.732484076433121 0.26751893880208333 0.861320208598726
0 0.22490530338541667 0.7426172547770701 0.23200757552083331 0.8569774171974522 0.2687026510416667 0.8598726114649682 0.25568181770833337 0.7266936878980892 0.25804924218749997 0.6745801974522293 0.20241477213541667 0.6629994203821655 0.19767992447916669 0.7295888821656051 0.22490530338541667 0.7426172547770701
0 0.16098484895833334 0.8425014474522293 0.20004734895833332 0.8439490445859873 0.19294507552083331 0.719455703821656 0.20123106119791667 0.6673422117834396 0.14914772786458333 0.6586566305732484 0.15388257552083334 0.7252460907643312 0.16098484895833334 0.8425014474522293
0 0.086410984375 0.7122177181528662 0.10298295442708333 0.7209033009554141 0.11837121223958334 0.8453966417197452 0.15743371223958333 0.8453966417197452 0.14441287890625001 0.6629994203821655 0.08759469661458334 0.6586566305732484 0.086410984375 0.7122177181528662
0 0.16216856119791667 0.576143601910828 0.18465909114583334 0.45888824522293 0.14559659114583332 0.4516502611464968 0.12192234895833333 0.5718008105095541 0.09469697005208333 0.5674580191082802 0.09114583333333333 0.6239143025477707 0.15861742447916666 0.6340474808917198 0.16216856119791667 0.576143601910828
0 0.18347537890625 0.45454545382165606 0.15861742447916666 0.6398378694267516 0.20359848437500003 0.6383902722929936 0.22253787890625 0.4603358423566879 0.18347537890625 0.45454545382165606
0 0.29474431770833337 0.46757382802547776 0.25923295442708333 0.4603358423566879 0.23674242447916669 0.5848291831210191 0.2189867421875 0.5848291831210191 0.21780302994791667 0.6514186449044587 0.26160037890625 0.6543138391719745 0.27698863671875 0.587724377388535 0.29474431770833337 0.46757382802547776
0 0.29592802994791667 0.4661262308917198 0.26751893880208333 0.6514186449044587 0.31013257552083334 0.6572090334394904 0.3349905299479166 0.47336421496815284 0.29592802994791667 0.4661262308917198
0 0.3669507578125 0.4762594092356688 0.34682765104166663 0.599305152866242 0.32670454557291667 0.5949623630573249 0.31960227213541664 0.6615518232484077 0.3740530299479166 0.6601042277070064 0.4060132578125 0.47336421496815284 0.3669507578125 0.4762594092356688
0 0.4071969700520834 0.47191661783439487 0.37642045442708333 0.6586566305732484 0.42613636328125 0.6629994203821655 0.42258522786458336 0.5964099601910828 0.4474431822916667 0.48349739490445864 0.4071969700520834 0.47191661783439487
0 0.4782196966145833 0.48928778184713373 0.45691287890625 0.6108859299363057 0.43323863671875 0.6079907356687898 0.43323863671875 0.6658946146496816 0.48887310546875 0.6774753901273886 0.5220170455729166 0.48928778184713373 0.4782196966145833 0.48928778184713373
0 0.5149147721354167 0.4921829761146497 0.48887310546875 0.6731326003184713 0.5362215911458333 0.6789229872611465 0.5539772721354167 0.49942096178343953 0.5149147721354167 0.4921829761146497
0 0.5859375 0.5023161544585987 0.5693655299479167 0.6210191082802548 0.546875 0.6166763168789808 0.5433238632812499 0.6905037643312102 0.5954071966145833 0.6905037643312102 0.63683712109375 0.5037637515923566 0.5859375 0.5023161544585987
0 0.6309185611979167 0.5023161544585987 0.59777462109375 0.6933989570063694 0.64393939453125 0.6991893455414013 0.6699810611979166 0.5095541401273885 0.6309185611979167 0.5023161544585987
0 0.7410037877604166 0.5138969315286624 0.69957386328125 0.5110017372611465 0.6794507578125 0.6297046894904459 0.6593276510416667 0.6340474808917198 0.65222537890625 0.6991893455414013 0.70667613671875 0.707874928343949 0.71496212109375 0.6354950780254778 0.7410037877604166 0.5138969315286624
0 0.77769886328125 0.5182397213375796 0.7374526510416667 0.5167921257961784 0.7102272721354167 0.7093225238853503 0.7587594700520833 0.7020845398089172 0.7552083333333334 0.6369426751592356 0.77769886328125 0.5182397213375796
0 0.8061079544270834 0.5283729012738854 0.789535984375 0.6499710477707007 0.7634943177083334 0.6485234506369426 0.7634943177083334 0.7093225238853503 0.8191287877604166 0.7136653152866242 0.8570075755208334 0.5298204984076433 0.8061079544270834 0.5283729012738854
0 0.8522727278645833 0.5283729012738854 0.8191287877604166 0.7151129124203822 0.87121212109375 0.722350898089172 0.8972537877604166 0.5327156926751593 0.8522727278645833 0.5283729012738854
0 0.7445549244791666 0.14620729617834394 0.75402462109375 0.33729009872611465 0.7954545455729166 0.33729009872611465 0.80847537890625 0.1519976831210191 0.7445549244791666 0.14620729617834394
0 0.6830018945312499 0.19687319108280255 0.7078598489583333 0.20121598089171974 0.7185132578125 0.3286045159235669 0.7528409088541667 0.3358425015923567 0.7481060611979166 0.13896931050955413 0.6841856054687501 0.13896931050955413 0.6830018945312499 0.19687319108280255
0 0.6332859843749999 0.13028372929936305 0.6380208333333334 0.1881876082802548 0.6463068177083333 0.32426172611464965 0.67589962109375 0.32136653184713376 0.6830018945312499 0.13462652070063694 0.6332859843749999 0.13028372929936305
0 0.5788352278645833 0.18239722133757963 0.5965909088541667 0.18674001114649683 0.5989583333333334 0.3155761433121019 0.64512310546875 0.32136653184713376 0.6321022721354167 0.13028372929936305 0.5859375 0.12594093789808916 0.5788352278645833 0.18239722133757963
0 0.5255681822916667 0.18674001114649683 0.53503787890625 0.30254777070063693 0.56699810546875 0.30833815923566876 0.5646306822916667 0.1910828025477707 0.5255681822916667 0.18674001114649683
0 0.47111742447916666 0.11725535668789809 0.4675662877604167 0.16647365445859874 0.4817708333333333 0.1722640414012739 0.48058712109375 0.3039953678343949 0.5314867421875 0.30833815923566876 0.5220170455729166 0.12015054936305732 0.47111742447916666 0.11725535668789809
0 0.4119318177083333 0.11146496815286625 0.41074810546875 0.16792125 0.41785037890625 0.3039953678343949 0.460464015625 0.2924145923566879 0.46164772786458336 0.11580775955414012 0.4119318177083333 0.11146496815286625
0 0.41074810546875 0.10422698248407643 0.35866477213541664 0.10277938694267516 0.382339015625 0.2953097850318471 0.41785037890625 0.301100173566879 0.41074810546875 0.10422698248407643
0 0.30184659114583334 0.06224667038216561 0.3125 0.2808338152866242 0.34801136328125 0.2837290095541401 0.3622159088541667 0.06803705891719744 0.30184659114583334 0.06224667038216561
0 0.30184659114583334 0.0940938041401274 0.24502840885416666 0.08830341560509555 0.24147727213541667 0.1519976831210191 0.2687026510416667 0.1635784601910828 0.26751893880208333 0.276491025477707 0.30539772786458336 0.27793862261146496 0.30184659114583334 0.0940938041401274
0 0.19176136328125 0.0854082229299363 0.18939393880208333 0.1404169076433121 0.20123106119791667 0.2837290095541401 0.23792613671875 0.27793862261146496 0.23555871223958333 0.08830341560509555 0.19176136328125 0.0854082229299363
0 0.12665719661458333 0.1288361321656051 0.15033143880208333 0.13462652070063694 0.15980113671875 0.27793862261146496 0.20241477213541667 0.27938621815286624 0.19412878776041667 0.08830341560509555 0.1408617421875 0.06948465605095541 0.12665719661458333 0.1288361321656051