0 0.9132055383386581 0.8012820506993007 0.8932374872204473 0.7124125874125874 0.8306709265175719 0.7124125874125874 0.84797657028754 0.8100233094405594 0.8320021293929714 0.8930652674825175 0.8905750798722045 0.8901515157342658 0.9132055383386581 0.8012820506993007
0 0.7840788067092651 0.7765151520979021 0.7681043658146964 0.897435896853147 0.8266773162939297 0.9018065262237763 0.8466453674121406 0.8100233094405594 0.824014908945687 0.7124125874125874 0.7720979760383386 0.7138694632867133 0.7840788067092651 0.7765151520979021
0 0.7641107555910542 0.8930652674825175 0.7814164009584664 0.7939976695804196 0.7681043658146964 0.7094988339160839 0.7135250271565495 0.7124125874125874 0.7308306709265175 0.8041958041958042 0.7175186373801917 0.8916083916083916 0.7641107555910542 0.8930652674825175
0 0.6642705 0.7736013986013986 0.6522896693290735 0.8857808863636364 0.7095314169329073 0.8988927744755244 0.7321618738019169 0.8012820506993007 0.7042066022364217 0.7109557115384616 0.646964856230032 0.7109557115384616 0.6642705 0.7736013986013986
0 0.6376464329073482 0.9003496503496503 0.6576144840255591 0.777972027972028 0.6429712460063898 0.7094988339160839 0.5910543130990416 0.7065850821678322 0.6096911613418531 0.8027389283216784 0.5937167204472844 0.8945221451048951 0.6376464329073482 0.9003496503496503
0 0.5471246006389776 0.7736013986013986 0.5338125670926518 0.8799533793706293 0.5897231102236422 0.8886946381118881 0.6070287539936102 0.7998251748251748 0.5830670926517572 0.7094988339160839 0.5324813626198083 0.708041958041958 0.5471246006389776 0.7736013986013986
0 0.5351437699680511 0.8901515157342658 0.5471246006389776 0.7808857814685315 0.5338125670926518 0.7124125874125874 0.4739084137380192 0.715326340909091 0.49121405750798725 0.7998251748251748 0.47657081948881785 0.8872377622377622 0.5351437699680511 0.8901515157342658
0 0.42465388658146963 0.7706876451048951 0.4100106501597444 0.8770396276223776 0.4685835990415335 0.8945221451048951 0.4885516501597444 0.8129370629370629 0.46991480351437703 0.7109557115384616 0.4126730559105431 0.7065850821678322 0.42465388658146963 0.7706876451048951
0 0.42199148083067095 0.7808857814685315 0.41134185303514376 0.7051282045454546 0.35809371725239614 0.7065850821678322 0.36874334345047927 0.7954545454545454 0.36075612300319493 0.8843240087412587 0.4033546325878594 0.8857808863636364 0.42199148083067095 0.7808857814685315
0 0.3514376996805112 0.8945221451048951 0.3727369536741214 0.8056526800699301 0.35276890255591054 0.7109557115384616 0.28753993610223644 0.708041958041958 0.3048455798722045 0.7750582744755244 0.2981895638977636 0.8843240087412587 0.3514376996805112 0.8945221451048951
0 0.29020234345047924 0.8945221451048951 0.3008519696485623 0.7867132867132867 0.2888711389776358 0.715326340909091 0.23296059584664539 0.7109557115384616 0.2515974440894569 0.8012820506993007 0.24094781629392972 0.8872377622377622 0.29020234345047924 0.8945221451048951
0 0.1876996805111821 0.7808857814685315 0.17305644249201277 0.881410256993007 0.22497337539936105 0.8857808863636364 0.25292864696485623 0.8085664335664335 0.2356230031948882 0.7124125874125874 0.1783812571884984 0.7138694632867133 0.1876996805111821 0.7808857814685315
0 0.1344515447284345 0.7998251748251748 0.11847710383386582 0.8886946381118881 0.16773162939297126 0.8901515157342658 0.1876996805111821 0.7808857814685315 0.1690628322683706 0.7094988339160839 0.11315228913738018 0.715326340909091 0.1344515447284345 0.7998251748251748
0 0.05457934025559105 0.8901515157342658 0.10915867891373801 0.8916083916083916 0.12912673003194888 0.8012820506993007 0.10383386581469649 0.7109557115384616 0.05324813578274761 0.7094988339160839 0.05457934025559105 0.8901515157342658
0 0.8253461134185303 0.5157342657342657 0.7774227907348243 0.5230186486013987 0.7880724169329073 0.6148018653846155 0.7707667731629393 0.7094988339160839 0.8506389776357828 0.7007575751748252 0.8599574009584665 0.6118881118881119 0.8253461134185303 0.5157342657342657
0 0.7734291805111821 0.708041958041958 0.786741214057508 0.6177156171328672 0.7774227907348243 0.5259324003496503 0.7108626198083067 0.5259324003496503 0.7268370607028753 0.604603729020979 0.7135250271565495 0.7051282045454546 0.7734291805111821 0.708041958041958
0 0.712193822683706 0.7036713286713286 0.7241746533546326 0.6177156171328672 0.7161874329073482 0.5230186486013987 0.6509584664536742 0.5273892779720281 0.6629392971246006 0.6279137534965036 0.6562832795527156 0.7007575751748252 0.712193822683706 0.7036713286713286
0 0.6083599568690096 0.6118881118881119 0.5950479233226837 0.6978438234265735 0.6549520766773163 0.6993006993006993 0.6629392971246006 0.6162587412587412 0.6562832795527156 0.5273892779720281 0.5937167204472844 0.5288461538461539 0.6083599568690096 0.6118881118881119
0 0.5457933977635783 0.6410256416083916 0.5324813626198083 0.6993006993006993 0.5950479233226837 0.7007575751748252 0.6070287539936102 0.6148018653846155 0.5910543130990416 0.5259324003496503 0.5364749728434505 0.5273892779720281 0.5457933977635783 0.6410256416083916
0 0.4858892444089457 0.6104312360139861 0.4739084137380192 0.6978438234265735 0.5364749728434505 0.7036713286713286 0.5431309904153354 0.6220862465034964 0.5324813626198083 0.5259324003496503 0.4725772092651757 0.5259324003496503 0.4858892444089457 0.6104312360139861
0 0.4179978706070288 0.6381118881118881 0.4126730559105431 0.7022144527972028 0.4672523961661342 0.7022144527972028 0.47790202396166137 0.6162587412587412 0.4685835990415335 0.5244755244755245 0.4140042603833866 0.5230186486013987 0.4179978706070288 0.6381118881118881
0 0.40867944568690096 0.7036713286713286 0.42066027635782743 0.6235431241258742 0.41134185303514376 0.5230186486013987 0.3501064968051118 0.5244755244755245 0.36474973322683707 0.6075174825174825 0.354100107028754 0.6993006993006993 0.40867944568690096 0.7036713286713286
0 0.3501064968051118 0.7007575751748252 0.37007454792332267 0.6191724947552448 0.354100107028754 0.5273892779720281 0.2995207667731629 0.5273892779720281 0.3021831741214057 0.6293706293706294 0.292864749201278 0.6993006993006993 0.3501064968051118 0.7007575751748252
0 0.2941959536741214 0.6949300699300699 0.3035143769968051 0.6220862465034964 0.2941959536741214 0.5303030297202797 0.23162939297124602 0.5201048951048951 0.24627263099041533 0.6118881118881119 0.238285410543131 0.6949300699300699 0.2941959536741214 0.6949300699300699
0 0.2342918003194888 0.6978438234265735 0.2502662412140575 0.6191724947552448 0.23296059584664539 0.5332167832167832 0.17705005271565494 0.5230186486013987 0.1850372731629393 0.6381118881118881 0.17705005271565494 0.6934731940559441 0.2342918003194888 0.6978438234265735
0 0.17705005271565494 0.6978438234265735 0.18903088338658147 0.6337412587412588 0.1783812571884984 0.5288461538461539 0.11581469648562301 0.5244755244755245 0.13045793450479234 0.6075174825174825 0.11714589936102236 0.6934731940559441 0.17705005271565494 0.6978438234265735
0 0.06789137380191693 0.6060606066433567 0.04659211980830671 0.6949300699300699 0.11714589936102236 0.7022144527972028 0.12912673003194888 0.6104312360139861 0.11448349361022366 0.5201048951048951 0.05990415335463259 0.5244755244755245 0.06789137380191693 0.6060606066433567
0 0.7068690095846646 0.14277389335664337 0.6549520766773163 0.13403263461538462 0.6642705 0.21707459265734266 0.6562832795527156 0.2986596730769231 0.7108626198083067 0.2972027972027972 0.7201810431309904 0.2199883444055944 0.7068690095846646 0.14277389335664337
0 0.6562832795527156 0.29137529195804196 0.6682641102236422 0.2243589737762238 0.6562832795527156 0.12674825174825174 0.5897231102236422 0.11655011713286714 0.603035143769968 0.18356643356643357 0.5977103306709265 0.28991841433566434 0.6562832795527156 0.29137529195804196
0 0.5897231102236422 0.30157342657342656 0.603035143769968 0.1995920751748252 0.5910543130990416 0.11800699300699301 0.5284877523961661 0.11217948776223777 0.5431309904153354 0.2097902097902098 0.5338125670926518 0.29137529195804196 0.5897231102236422 0.30157342657342656
0 0.48322683706070285 0.18065268006993007 0.4712460063897764 0.2928321678321678 0.5338125670926518 0.30594405594405594 0.5457933977635783 0.2068764562937063 0.5258253466453674 0.12237762237762238 0.4712460063897764 0.11800699300699301 0.48322683706070285 0.18065268006993007
0 0.46325878594249204 0.30448718006993003 0.48056442971246005 0.19522144580419581 0.4725772092651757 0.11946386888111887 0.4140042603833866 0.11363636363636363 0.42864749680511177 0.20541958041958042 0.4126730559105431 0.2942890437062937 0.46325878594249204 0.30448718006993003
0 0.3514376996805112 0.11946386888111887 0.36208732747603833 0.18648018706293706 0.3506770127795527 0.29470529545454544 0.4100106501597444 0.30594405594405594 0.42199148083067095 0.2083333339160839 0.40867944568690096 0.12237762237762238 0.3514376996805112 0.11946386888111887
0 0.34611288658146966 0.30448718006993003 0.36474973322683707 0.19813519755244755 0.354100107028754 0.11946386888111887 0.29685835942492017 0.1150932395104895 0.3075079872204473 0.2068764562937063 0.292864749201278 0.30011655069930065 0.34611288658146966 0.30448718006993003
0 0.23961661341853036 0.18502330944055945 0.22364217252396165 0.30011655069930065 0.29020234345047924 0.3117715611888112 0.3048455798722045 0.20250582692307692 0.2915335463258786 0.11655011713286714 0.23695420607028755 0.1209207465034965 0.23961661341853036 0.18502330944055945
0 0.21831735942492012 0.30740093181818184 0.24361022364217252 0.19376456818181817 0.23296059584664539 0.11800699300699301 0.17705005271565494 0.1150932395104895 0.18903088338658147 0.2068764562937063 0.17305644249201277 0.30448718006993003 0.21831735942492012 0.30740093181818184
0 0.17305644249201277 0.3088578094405594 0.18903088338658147 0.21416083916083917 0.17172523961661343 0.12237762237762238 0.11581469648562301 0.1150932395104895 0.12912673003194888 0.2127039632867133 0.11847710383386582 0.30157342657342656 0.17305644249201277 0.3088578094405594
0 0.12646432428115018 0.21416083916083917 0.10782747603833866 0.1209207465034965 0.061235356230031956 0.12237762237762238 0.05857295047923322 0.30011655069930065 0.1064962731629393 0.2972027972027972 0.12646432428115018 0.21416083916083917