0 0.02122641509433962 0.20243531278538815 0.02122641509433962 0.2526636232876712 0.003930817216981132 0.2511415525114155 0.0031446544811320754 0.43683409360730596 0.01572327004716981 0.4383561643835616 0.01650943396226415 0.5038051757990867 0.04245283018867924 0.5068493150684932 0.04559748466981132 0.2009132420091324 0.02122641509433962 0.20243531278538815
0 0.06289308136792453 0.2572298333333333 0.06367924528301887 0.2009132420091324 0.047955975235849053 0.2009132420091324 0.04481132075471698 0.5068493150684932 0.07940251533018867 0.5053272442922375 0.08647798702830188 0.2633181118721461 0.06289308136792453 0.2572298333333333
0 0.09669811320754718 0.20700152283105025 0.08647798702830188 0.2572298333333333 0.08254716981132075 0.5083713858447488 0.12893081721698113 0.5068493150684932 0.13443396226415094 0.2039573812785388 0.09669811320754718 0.20700152283105025
0 0.1564465412735849 0.2678843219178082 0.15880503183962263 0.21156773287671235 0.13443396226415094 0.2085235913242009 0.1320754716981132 0.5159817351598174 0.1713836474056604 0.5190258744292238 0.17767295636792452 0.2663622534246575 0.1564465412735849 0.2678843219178082
0 0.18789308136792454 0.2146118721461187 0.1855345908018868 0.2602739726027397 0.18003144693396225 0.2633181118721461 0.17452830188679244 0.5114155251141552 0.2224842771226415 0.5205479452054794 0.2185534587264151 0.213089801369863 0.18789308136792454 0.2146118721461187
0 0.25235849056603776 0.273972602739726 0.2484276733490566 0.21613394292237445 0.22012578655660375 0.21613394292237445 0.22641509433962265 0.5235920844748859 0.2617924528301887 0.5205479452054794 0.272798741745283 0.2754946735159817 0.25235849056603776 0.273972602739726
0 0.2759433962264151 0.21613394292237445 0.26808176061320754 0.5327245045662101 0.3128930813679245 0.5312024360730594 0.3191823903301887 0.2176560114155251 0.2759433962264151 0.21613394292237445
0 0.3466981132075472 0.2785388127853881 0.3451257865566038 0.2313546415525114 0.3223270436320754 0.2237442922374429 0.3160377358490566 0.5312024360730594 0.3663522016509434 0.5266362260273972 0.37106918278301887 0.2770167420091324 0.3466981132075472 0.2785388127853881
0 0.052672956367924524 0.7732115684931508 0.06918239033018868 0.771689497716895 0.07940251533018867 0.5464231347031964 0.008647798349056603 0.5418569246575343 0.007861635613207548 0.8340943675799086 0.05503144693396226 0.8310502283105022 0.052672956367924524 0.7732115684931508
0 0.08158175235849056 0.5450762579908676 0.07145068514150943 0.7845794634703196 0.08051532429245283 0.7804500981735161 0.07838246816037736 0.8361965319634703 0.12370566509433963 0.8382612146118722 0.1290378054245283 0.5512703059360731 0.08158175235849056 0.5450762579908676
0 0.1722281450471698 0.5450762579908676 0.12743816273584904 0.5399145502283105 0.12850459080188678 0.785611803652968 0.16422993396226415 0.7804500981735161 0.1775602853773585 0.6710219086757991 0.1722281450471698 0.5450762579908676
0 0.17329457311320756 0.5430115753424657 0.1818259988207547 0.665860200913242 0.16636279009433963 0.8413582397260274 0.20688706014150943 0.845487605022831 0.22341669575471698 0.6668925433789954 0.2180845554245283 0.5492056232876712 0.17329457311320756 0.5430115753424657
0 0.26394096580188675 0.5564320136986302 0.22235026768867922 0.5492056232876712 0.22554955188679246 0.6772159566210045 0.21115277240566035 0.8413582397260274 0.23621383372641508 0.8413582397260274 0.23994633254716982 0.7835471210045662 0.25540954009433964 0.7876764863013699 0.2719391768867925 0.6761836164383562 0.26394096580188675 0.5564320136986302
0 0.3193952287735849 0.6751512739726027 0.31246344575471696 0.5657230867579909 0.26394096580188675 0.5615937214611872 0.27247239033018866 0.6741189337899544 0.2548763266509434 0.7949028767123287 0.26873989150943395 0.7959352191780822 0.2660738219339623 0.8568433607305936 0.2970002382075472 0.8558110182648403 0.3167291580188679 0.7443181484018265 0.3193952287735849 0.6751512739726027
0 0.35778664150943396 0.8041939497716895 0.3652516391509434 0.7040568333333334 0.3625855683962264 0.5843052305936073 0.34072379127358493 0.5553996712328767 0.3129966603773585 0.5605613789954338 0.3231277275943396 0.6885717123287671 0.3017991639150943 0.8589080433789955 0.3311259386792453 0.8589080433789955 0.3348584363207547 0.8021292671232877 0.35778664150943396 0.8041939497716895
0 0.4916233738207547 0.840325897260274 0.48949051768867924 0.9507864269406393 0.6537204516509435 0.9631745251141554 0.6542536650943396 0.8506493127853881 0.4916233738207547 0.840325897260274
0 0.5028208691037735 0.805226289954338 0.535880141509434 0.8114203401826484 0.5332140707547169 0.8434229223744292 0.663318304245283 0.8506493127853881 0.6638515188679246 0.7525768789954338 0.5028208691037735 0.7443181484018265 0.5028208691037735 0.805226289954338
0 0.5140183643867924 0.6865070296803654 0.5129519363207548 0.7453504885844748 0.6643847323113207 0.7515445388127854 0.665984375 0.6596661529680365 0.5470776367924528 0.6462457146118722 0.5428119245283018 0.6896040547945206 0.5140183643867924 0.6865070296803654
0 0.5198837193396226 0.5481732831050228 0.5188172912735849 0.6214695228310502 0.5433451391509434 0.6276635707762558 0.5417454964622641 0.6462457146118722 0.6643847323113207 0.6576014703196348 0.6649179469339622 0.5667554269406393 0.5198837193396226 0.5481732831050228
0 0.5481440648584905 0.4996532374429224 0.5209501474056604 0.5006855776255708 0.5188172912735849 0.5440439178082191 0.6697168738207546 0.5626260616438357 0.6713165153301887 0.4800387511415525 0.5497437075471698 0.46352128767123285 0.5481440648584905 0.4996532374429224
0 0.5193505058962264 0.4449391415525114 0.5492104929245283 0.4449391415525114 0.5486772794811321 0.4645536301369863 0.6707833018867925 0.47281236073059363 0.6739825860849057 0.3809339748858448 0.5220165754716981 0.3726752442922374 0.5193505058962264 0.4449391415525114
0 0.552942991745283 0.27666749543378993 0.5518765636792453 0.318993493150685 0.5262822889150943 0.318993493150685 0.5209501474056604 0.3675135388127854 0.6739825860849057 0.3737075867579909 0.6782482983490565 0.28389388356164386 0.552942991745283 0.27666749543378993
0 0.5732051261792452 0.24053554566210045 0.572671912735849 0.2735704703196347 0.6734493726415094 0.28182920091324204 0.6755822287735849 0.21679169406392695 0.5971997594339622 0.21162998630136987 0.5732051261792452 0.24053554566210045
0 0.6819807971698113 0.9796919863013699 0.8574082264150944 0.9982741324200913 0.8600742971698112 0.8651020913242009 0.6787815129716981 0.8413582397260274 0.6819807971698113 0.9796919863013699
0 0.6835804398584905 0.845487605022831 0.8088857464622642 0.8558110182648403 0.8120850306603773 0.8300024840182648 0.839812162735849 0.8351641917808219 0.8360796639150943 0.7701266826484019 0.6835804398584905 0.7515445388127854 0.6835804398584905 0.845487605022831
0 0.6857132959905661 0.7443181484018265 0.8366128773584905 0.7670296598173516 0.8392789481132075 0.7174772716894977 0.8131514587264151 0.708186198630137 0.8094189599056604 0.6782482990867579 0.6921118643867924 0.6689572260273973 0.6857132959905661 0.7443181484018265
0 0.6910454363207548 0.6627631780821918 0.8168839575471698 0.6751512739726027 0.8179503856132075 0.6565691301369863 0.8382125200471698 0.6462457146118722 0.8392789481132075 0.5874022557077626 0.6905122228773585 0.5822405479452054 0.6910454363207548 0.6627631780821918
0 0.6958443632075472 0.4810710913242009 0.6942447205188679 0.5739818173515981 0.8408785908018869 0.5853375730593607 0.8403453761792453 0.5399145502283105 0.8072861037735849 0.5347528447488584 0.7859575412735849 0.4810710913242009 0.6958443632075472 0.4810710913242009
0 0.8387457346698114 0.45732723972602735 0.8462107311320755 0.4036454863013698 0.6931782924528302 0.39332207305936073 0.6905122228773585 0.4779740684931507 0.7902232535377359 0.48520045662100453 0.8019539634433962 0.4449391415525114 0.8387457346698114 0.45732723972602735
0 0.8184835990566037 0.23847086301369863 0.6974440047169811 0.23021213242009134 0.6953111485849057 0.39022504794520546 0.8451443030660377 0.3995161210045662 0.8462107311320755 0.3448020273972603 0.8168839575471698 0.33551095433789957 0.8184835990566037 0.23847086301369863