0 0.5298076925 0.6211901301886793 0.6519230775 0.5994194490566038 0.65384615375 0.5239477509433963 0.6278846149999999 0.5239477509433963 0.6288461537500001 0.4499274301886792 0.51923076875 0.4644412188679245 0.5298076925 0.6211901301886793
0 0.84423076875 0.8563134981132076 0.8557692312499999 0.8867924528301887 0.90673076875 0.880986937735849 0.9 0.731494920754717 0.77596153875 0.7460087075471699 0.7855769225 0.8606676339622641 0.84423076875 0.8563134981132076
0 0.890384615 0.7068214811320754 0.884615385 0.5921625547169812 0.76346153875 0.6023222056603774 0.765384615 0.7242380264150944 0.890384615 0.7068214811320754
0 0.7336538462500001 0.46879535471698114 0.72884615375 0.5210449924528302 0.727884615 0.589259796226415 0.8682692312499999 0.5573294622641509 0.8682692312499999 0.5181422358490566 0.88846153875 0.5123367207547169 0.859615385 0.387518141509434 0.8326923075 0.39332365660377355 0.7951923075 0.4107402037735849 0.7961538462500001 0.4571843245283019 0.7336538462500001 0.46879535471698114
0 0.52884615375 0.6632801169811321 0.5413461537500001 0.7576197396226415 0.665384615 0.7271407830188679 0.65865384625 0.6357039188679244 0.52884615375 0.6632801169811321
0 0.5423076925 0.801161103773585 0.547115385 0.9027576188679246 0.69134615375 0.879535558490566 0.68365384625 0.7880986943396227 0.5423076925 0.801161103773585
0 0.40480769250000004 0.6850507981132076 0.40576923125000003 0.7721335264150944 0.527884615 0.7605224962264151 0.51826923125 0.660377358490566 0.40480769250000004 0.6850507981132076
0 0.38557692250000003 0.5399129169811321 0.3951923075 0.6400580547169812 0.5173076925 0.6139332358490566 0.509615385 0.5137880981132075 0.38557692250000003 0.5399129169811321
0 0.40769230749999996 0.8098693754716981 0.41153846125 0.9216255433962265 0.53846153875 0.9129172716981132 0.52596153875 0.801161103773585 0.40769230749999996 0.8098693754716981
0 0.2144230775 0.8403483301886793 0.22403846125000001 0.9448476056603773 0.26346153875 0.9462989849056603 0.2730769225 0.9898403490566037 0.30096153875 0.9840348339622641 0.3048076925 0.9317851962264151 0.33461538500000004 0.9172714075471697 0.32596153875 0.8156748905660377 0.2144230775 0.8403483301886793
0 0.19807692249999997 0.7213352679245283 0.21346153874999999 0.8417997094339622 0.32596153875 0.7968069660377358 0.31057692249999996 0.6981132075471698 0.19807692249999997 0.7213352679245283
0 0.0826923075 0.8621190132075471 0.090384615 0.9637155301886793 0.2125 0.9477503622641509 0.20480769250000003 0.8432510886792453 0.0826923075 0.8621190132075471
0 0.07884615375 0.7329462981132076 0.09134615374999999 0.8403483301886793 0.19807692249999997 0.8301886792452831 0.1894230775 0.708272858490566 0.07884615375 0.7329462981132076
0 0.29615384625 0.6865021773584906 0.30673076875 0.5805515245283019 0.19903846125000002 0.589259796226415 0.20673076875 0.7024673433962264 0.29615384625 0.6865021773584906
0 0.06634615375 0.6037735849056604 0.0701923075 0.6981132075471698 0.10673076875 0.7053701018867925 0.19326923125 0.7053701018867925 0.18269230749999998 0.5950653113207547 0.06634615375 0.6037735849056604
0 0.3019230775 0.5645863566037737 0.3048076925 0.46008708301886797 0.2 0.45863570377358487 0.19615384625 0.5863570396226415 0.3019230775 0.5645863566037737
0 0.06923076874999999 0.4847605226415094 0.06923076874999999 0.5660377358490566 0.09615384625000001 0.5747460094339623 0.10096153875000001 0.5907111754716982 0.18076923125 0.5820029018867925 0.17596153874999998 0.4716981132075472 0.06923076874999999 0.4847605226415094
0 0.25096153875 0.4528301886792453 0.29903846125 0.4354136433962264 0.29615384625 0.33526850566037736 0.18076923125 0.34978229245283016 0.19423076875 0.4441219150943396 0.25096153875 0.4528301886792453
0 0.06634615375 0.3657474603773585 0.06153846125 0.40783744528301885 0.06442307750000001 0.439767779245283 0.09423076875 0.44702467358490566 0.1 0.4644412188679245 0.17019230749999997 0.4513788094339623 0.17019230749999997 0.3512336716981132 0.06634615375 0.3657474603773585
0 0.26634615375 0.33381712641509437 0.272115385 0.3134978226415094 0.30865384625000003 0.30478955094339627 0.30384615375 0.19738751886792452 0.18173076875 0.20899854905660378 0.1855769225 0.33962264150943394 0.26634615375 0.33381712641509437
0 0.05 0.22786647358490567 0.05 0.31930333773584907 0.08653846124999999 0.31930333773584907 0.0875 0.33526850566037736 0.11153846125 0.32946299056603773 0.11153846125 0.3439767773584906 0.177884615 0.3454281566037736 0.17115384625000002 0.20609579056603772 0.05 0.22786647358490567
0 0.28846153874999997 0.1915820037735849 0.26923076875 0.09724238113207548 0.24134615375 0.08708272830188679 0.172115385 0.1030478962264151 0.177884615 0.20899854905660378 0.28846153874999997 0.1915820037735849
0 0.0769230775 0.1030478962264151 0.075 0.1262699566037736 0.05096153875 0.12336719811320754 0.0548076925 0.2235123358490566 0.16153846125000001 0.20609579056603772 0.15384615375 0.09433962264150944 0.0769230775 0.1030478962264151