0 0.17396432205513784 0.18591892746113992 0.16733009022556392 0.14477293523316062 0.13637033709273183 0.13867723316062178 0.13489606390977443 0.39622066321243526 0.18649565037593985 0.4053642176165803 0.19828984210526318 0.27735446632124355 0.18944419924812028 0.19506248186528496 0.17396432205513784 0.18591892746113992
0 0.2366209636591479 0.17372752331606217 0.21892967669172933 0.17067967098445594 0.22114108771929825 0.13867723316062178 0.19018133583959898 0.14172508290155442 0.19091847243107768 0.1874428523316062 0.1997641165413534 0.2743066139896373 0.19018133583959898 0.39622066321243526 0.23072386842105264 0.3946967383419689 0.24399233333333334 0.2743066139896373 0.2366209636591479 0.17372752331606217
0 0.2742149486215539 0.16763181865284973 0.2373581015037594 0.16915574611398962 0.24178092230576442 0.28192624093264246 0.2366209636591479 0.39926851554404147 0.2764263596491228 0.39622066321243526 0.2852720037593985 0.27583053886010367 0.2742149486215539 0.16763181865284973
0 0.32139171428571434 0.17829929792746113 0.30443756390977444 0.1767753730569948 0.29559192105263155 0.14172508290155442 0.26979212781954887 0.13867723316062178 0.2882205513784461 0.2743066139896373 0.28306059273182954 0.39774459067357515 0.3162317556390977 0.39622066321243526 0.33392304260651634 0.272782689119171 0.32139171428571434 0.17829929792746113
0 0.3634085213032581 0.1508686373056995 0.33466018045112783 0.1523925621761658 0.33466018045112783 0.1752514481865285 0.32507739974937344 0.19201462953367876 0.33613445363408523 0.28040231606217614 0.32507739974937344 0.4007924404145078 0.36635706892230574 0.39774459067357515 0.37520271303258146 0.2712587616580311 0.3634085213032581 0.1508686373056995
0 0.40763673934837097 0.18134715025906736 0.38625976691729325 0.18591892746113992 0.38331121929824563 0.15544041450777202 0.36635706892230574 0.1508686373056995 0.37962553383458647 0.28649801813471504 0.3707798909774436 0.39774459067357515 0.41279669799498747 0.39926851554404147 0.42237947869674186 0.2788783911917098 0.40763673934837097 0.18134715025906736
0 0.445230724310777 0.1508686373056995 0.42164234085213037 0.14934471243523315 0.4186937932330827 0.19811033160621763 0.41353383458646614 0.20268210880829016 0.4231166152882206 0.28649801813471504 0.4186937932330827 0.4007924404145078 0.4341736691729324 0.39774459067357515 0.4312251215538847 0.41755562435233157 0.4592363258145364 0.4221273989637306 0.4666076954887218 0.2834501683937824 0.445230724310777 0.1508686373056995
0 0.5027274072681704 0.1904907046632124 0.482824709273183 0.1874428523316062 0.4666076954887218 0.14172508290155442 0.445230724310777 0.14782078756476685 0.4570249147869674 0.21182566321243523 0.4666076954887218 0.21487351295336787 0.47103051754385966 0.2880219455958549 0.46365914786967416 0.4068881450777202 0.5012531328320802 0.4007924404145078 0.5130473245614036 0.27583053886010367 0.5027274072681704 0.1904907046632124
0 0.5447442130325815 0.15696433937823834 0.5137844611528822 0.1630600414507772 0.5034645438596491 0.2057299611398964 0.512310186716792 0.2925937202072539 0.5093616390977443 0.39926851554404147 0.549904171679198 0.39926851554404147 0.5565384047619047 0.28040231606217614 0.5447442130325815 0.15696433937823834
0 0.5904467055137844 0.1874428523316062 0.5609612268170426 0.18287107512953368 0.5661211854636591 0.1615361165803109 0.5476927619047619 0.15544041450777202 0.558012679197995 0.28040231606217614 0.5521155827067669 0.403840292746114 0.5963438007518798 0.403840292746114 0.602240895989975 0.272782689119171 0.5904467055137844 0.1874428523316062
0 0.627303552631579 0.16915574611398962 0.6029780338345865 0.17067967098445594 0.5956066641604011 0.19811033160621763 0.6029780338345865 0.2925937202072539 0.5963438007518798 0.4068881450777202 0.6383606077694236 0.4053642176165803 0.6390977443609023 0.28040231606217614 0.627303552631579 0.16915574611398962
0 0.6789031403508773 0.19353855440414508 0.6545776203007518 0.19353855440414508 0.6531033471177945 0.1630600414507772 0.627303552631579 0.16001219170984454 0.6346749223057644 0.22249314248704663 0.6449948395989975 0.29564157253886014 0.639834880952381 0.4129838471502591 0.6833259624060151 0.4114599196891192 0.6899601942355891 0.2880219455958549 0.6789031403508773 0.19353855440414508
0 0.7246056315789473 0.17372752331606217 0.6840630989974937 0.17982322538860104 0.6914344686716792 0.28649801813471504 0.6884859210526315 0.41450777202072536 0.72313135839599 0.4190795492227979 0.7305027268170426 0.29411764766839377 0.7246056315789473 0.17372752331606217
0 0.7467197406015037 0.19811033160621763 0.7474568771929825 0.16001219170984454 0.7209199473684211 0.15544041450777202 0.7349255488721804 0.29564157253886014 0.7319770012531329 0.41450777202072536 0.7688338496240601 0.41755562435233157 0.7784166303258145 0.28954587046632124 0.7710452606516291 0.19811033160621763 0.7467197406015037 0.19811033160621763
0 0.8418104085213033 0.3687900025906735 0.8337019022556391 0.13410545595854922 0.773256671679198 0.12496190155440415 0.7769423558897243 0.44498628497409326 0.8617131065162907 0.44955806217616584 0.8587645588972431 0.37336177979274615 0.8418104085213033 0.3687900025906735
0 0.17838714411027567 0.7177689740932642 0.22998673182957394 0.7208168238341969 0.24251806015037594 0.5851874430051813 0.23072386842105264 0.4891801269430052 0.17838714411027567 0.4876562020725389 0.17838714411027567 0.7177689740932642
0 0.22998673182957394 0.4937519041450777 0.24178092230576442 0.5790917409326425 0.23293527944862155 0.7101493445595854 0.2734778120300752 0.7055775673575129 0.28453486716791976 0.5851874430051813 0.27200353884711775 0.4952758316062176 0.22998673182957394 0.4937519041450777
0 0.2764263596491228 0.4846083523316062 0.28748341478696743 0.5928070699481865 0.27790063408521304 0.6994818652849741 0.3199174411027569 0.7101493445595854 0.3309744949874686 0.5897592202072539 0.317706030075188 0.4937519041450777 0.2764263596491228 0.4846083523316062
0 0.3191803032581454 0.4952758316062176 0.3287630839598997 0.5806156658031089 0.3199174411027569 0.6994818652849741 0.36561993233082707 0.7101493445595854 0.37225416541353384 0.5928070699481865 0.3619342468671679 0.49222797927461137 0.3191803032581454 0.4952758316062176
0 0.37593984962406013 0.5851874430051813 0.37151702756892235 0.7101493445595854 0.40763673934837097 0.7116732694300517 0.41943092982456137 0.5912831450777203 0.41279669799498747 0.4891801269430052 0.36561993233082707 0.4907040544041451 0.37593984962406013 0.5851874430051813
0 0.4548135037593985 0.4830844248704663 0.41427097117794487 0.4846083523316062 0.42164234085213037 0.5943309974093264 0.4172195187969925 0.7116732694300517 0.45849918922305766 0.7010057901554404 0.4658705588972431 0.5821395906735751 0.4548135037593985 0.4830844248704663
0 0.45555064160401 0.4861322772020726 0.4688191065162907 0.5867113678756476 0.46218487343358394 0.7131971968911918 0.5049388170426065 0.7269125259067357 0.512310186716792 0.5912831450777203 0.4975674486215539 0.4815605 0.45555064160401 0.4861322772020726
0 0.5027274072681704 0.4861322772020726 0.5108359135338346 0.5836635181347151 0.5064130914786967 0.7086254196891191 0.545481350877193 0.7208168238341969 0.5558012681704261 0.5790917409326425 0.5469556240601504 0.4907040544041451 0.5027274072681704 0.4861322772020726
0 0.545481350877193 0.4967997564766839 0.558012679197995 0.5928070699481865 0.558012679197995 0.7284364533678757 0.5926581152882205 0.7330082279792746 0.6007666228070175 0.603474549222798 0.5838124724310777 0.505943310880829 0.545481350877193 0.4967997564766839
0 0.5867610200501253 0.5089911606217616 0.6029780338345865 0.5897592202072539 0.5970809373433584 0.7238646761658031 0.6339377857142857 0.7330082279792746 0.639834880952381 0.5958549222797928 0.627303552631579 0.5074672357512954 0.5867610200501253 0.5089911606217616
0 0.6317263746867168 0.5028954585492228 0.64352056641604 0.5943309974093264 0.635412060150376 0.7360560803108808 0.673006045112782 0.7421517823834197 0.6899601942355891 0.6004266994818652 0.673006045112782 0.4998476062176166 0.6317263746867168 0.5028954585492228
0 0.6781660037593985 0.49222797927461137 0.6892230576441103 0.5958549222797928 0.6825888245614035 0.7269125259067357 0.7157599887218045 0.7360560803108808 0.7305027268170426 0.6019506243523316 0.7209199473684211 0.4998476062176166 0.6781660037593985 0.49222797927461137
0 0.7238684949874686 0.5105150880829015 0.7371369598997494 0.6004266994818652 0.7223942205513785 0.7391039326424871 0.7673595751879699 0.7451996347150259 0.7784166303258145 0.6156659559585492 0.7577767944862155 0.4998476062176166 0.7238684949874686 0.5105150880829015
0 0.7725195338345865 0.5074672357512954 0.7821023145363409 0.6004266994818652 0.7754680814536341 0.7055775673575129 0.8182220250626567 0.7116732694300517 0.8160106152882205 0.4967997564766839 0.7725195338345865 0.5074672357512954