0 0.2709677419354839 0.30895522388059704 0.2032258064516129 0.2955223880597015 0.19838709677419356 0.32686567164179103 0.13709677419354838 0.3208955223880597 0.1338709677419355 0.3776119402985075 0.2645161290322581 0.3895522388059702 0.2709677419354839 0.30895522388059704
0 0.21129032258064517 0.20149253731343283 0.2032258064516129 0.2298507462686567 0.15 0.22238805970149253 0.13870967741935483 0.2716417910447761 0.27580645161290324 0.2955223880597015 0.27741935483870966 0.21492537313432836 0.21129032258064517 0.20149253731343283
0 0.22258064516129034 0.10597014925373134 0.22258064516129034 0.13582089552238805 0.1338709677419355 0.12985074626865672 0.13225806451612904 0.18507462686567164 0.2870967741935484 0.19402985074626866 0.29193548387096774 0.1253731343283582 0.22258064516129034 0.10597014925373134
0 0.23225806451612904 0.019402985074626865 0.22903225806451613 0.04776119402985075 0.1774193548387097 0.041791044776119404 0.16612903225806452 0.09104477611940298 0.3 0.10149253731343283 0.29516129032258065 0.022388059701492536 0.23225806451612904 0.019402985074626865
0 0.4258064516129032 0.3417910447761194 0.3790322580645161 0.3358208955223881 0.3758064516129032 0.31343283582089554 0.2854838709677419 0.30149253731343284 0.27903225806451615 0.38656716417910447 0.4129032258064516 0.39104477611940297 0.4258064516129032 0.3417910447761194
0 0.4290322580645161 0.25223880597014925 0.38225806451612904 0.2507462686567164 0.3903225806451613 0.22238805970149253 0.3 0.21641791044776118 0.2870967741935484 0.291044776119403 0.4338709677419355 0.29701492537313434 0.4290322580645161 0.25223880597014925
0 0.3741935483870968 0.15074626865671642 0.3709677419354839 0.12388059701492538 0.31129032258064515 0.12388059701492538 0.3064516129032258 0.19850746268656716 0.44516129032258067 0.20597014925373133 0.4532258064516129 0.1537313432835821 0.3741935483870968 0.15074626865671642
0 0.3967741935483871 0.06119402985074627 0.3967741935483871 0.03880597014925373 0.3193548387096774 0.03134328358208955 0.31290322580645163 0.1 0.432258064516129 0.10895522388059702 0.4403225806451613 0.06716417910447761 0.3967741935483871 0.06119402985074627
0 0.6532258064516129 0.34776119402985073 0.6451612903225806 0.3716417910447761 0.5838709677419355 0.3641791044776119 0.5838709677419355 0.417910447761194 0.7225806451612903 0.42388059701492536 0.7258064516129032 0.34776119402985073 0.6532258064516129 0.34776119402985073
0 0.8129032258064516 0.39104477611940297 0.8129032258064516 0.3567164179104478 0.7435483870967742 0.3537313432835821 0.7354838709677419 0.43283582089552236 0.8951612903225806 0.4417910447761194 0.8935483870967742 0.38656716417910447 0.8129032258064516 0.39104477611940297
0 0.8661290322580645 0.29402985074626864 0.8661290322580645 0.26119402985074625 0.7322580645161291 0.25970149253731345 0.7387096774193549 0.33134328358208953 0.896774193548387 0.34328358208955223 0.9016129032258065 0.3 0.8661290322580645 0.29402985074626864
0 0.7370967741935484 0.3283582089552239 0.7274193548387097 0.2626865671641791 0.6709677419354839 0.24925373134328357 0.667741935483871 0.2701492537313433 0.5645161290322581 0.26865671641791045 0.5596774193548387 0.31492537313432833 0.7370967741935484 0.3283582089552239
0 0.6548387096774193 0.16119402985074627 0.6661290322580645 0.18358208955223881 0.6064516129032258 0.18507462686567164 0.603225806451613 0.22686567164179106 0.7322580645161291 0.23432835820895523 0.7354838709677419 0.16567164179104477 0.6548387096774193 0.16119402985074627
0 0.9016129032258065 0.20597014925373133 0.8370967741935483 0.19552238805970149 0.8370967741935483 0.1746268656716418 0.7532258064516129 0.16865671641791044 0.7564516129032258 0.2417910447761194 0.8983870967741936 0.25671641791044775 0.9016129032258065 0.20597014925373133
0 0.9209677419354839 0.15671641791044777 0.9209677419354839 0.11492537313432835 0.8516129032258064 0.1044776119402985 0.853225806451613 0.08208955223880597 0.7725806451612903 0.07164179104477612 0.7596774193548387 0.1328358208955224 0.9209677419354839 0.15671641791044777
0 0.7451612903225806 0.07014925373134329 0.6935483870967742 0.06119402985074627 0.6870967741935484 0.08208955223880597 0.6161290322580645 0.08208955223880597 0.6048387096774194 0.12686567164179105 0.7403225806451613 0.14626865671641792 0.7451612903225806 0.07014925373134329
0 0.9290322580645162 0.023880597014925373 0.8467741935483871 0.0029850746268656717 0.7774193548387097 0 0.7548387096774194 0.049253731343283584 0.9112903225806451 0.07014925373134329 0.9290322580645162 0.023880597014925373
0 0.7596774193548387 0 0.6338709677419355 0.004477611940298508 0.6241935483870967 0.041791044776119404 0.7629032258064516 0.05223880597014925 0.7596774193548387 0
0 0.23387096774193547 0.7119402985074627 0.2435483870967742 0.5746268656716418 0.18870967741935485 0.5716417910447761 0.17580645161290323 0.7119402985074627 0.23387096774193547 0.7119402985074627
0 0.2532258064516129 0.5746268656716418 0.2403225806451613 0.7119402985074627 0.2806451612903226 0.7179104477611941 0.2967741935483871 0.582089552238806 0.2532258064516129 0.5746268656716418
0 0.29354838709677417 0.5746268656716418 0.2870967741935484 0.7268656716417911 0.33548387096774196 0.7268656716417911 0.35 0.5865671641791045 0.29354838709677417 0.5746268656716418
0 0.35 0.5865671641791045 0.33548387096774196 0.7283582089552239 0.38387096774193546 0.7283582089552239 0.4 0.5895522388059702 0.35 0.5865671641791045
0 0.3951612903225806 0.5895522388059702 0.38387096774193546 0.7298507462686568 0.43548387096774194 0.7402985074626866 0.4403225806451613 0.5895522388059702 0.3951612903225806 0.5895522388059702
0 0.5016129032258064 0.5940298507462687 0.482258064516129 0.7402985074626866 0.5548387096774193 0.7477611940298508 0.5645161290322581 0.5940298507462687 0.5016129032258064 0.5940298507462687
0 0.5596774193548387 0.5955223880597015 0.5548387096774193 0.7507462686567165 0.6064516129032258 0.753731343283582 0.6129032258064516 0.6014925373134329 0.5596774193548387 0.5955223880597015
0 0.6129032258064516 0.5970149253731343 0.6080645161290322 0.7522388059701492 0.6532258064516129 0.7611940298507462 0.6661290322580645 0.6044776119402985 0.6129032258064516 0.5970149253731343
0 0.6612903225806451 0.6059701492537314 0.6532258064516129 0.7611940298507462 0.7 0.7671641791044777 0.7080645161290322 0.6134328358208955 0.6612903225806451 0.6059701492537314
0 0.7064516129032258 0.6074626865671642 0.7 0.7686567164179104 0.7596774193548387 0.7686567164179104 0.7580645161290323 0.6149253731343284 0.7064516129032258 0.6074626865671642
0 0.21451612903225806 0.7343283582089553 0.2 0.8761194029850746 0.25161290322580643 0.8805970149253731 0.27419354838709675 0.7432835820895523 0.21451612903225806 0.7343283582089553
0 0.2661290322580645 0.7417910447761195 0.25967741935483873 0.8776119402985074 0.3064516129032258 0.891044776119403 0.3225806451612903 0.7477611940298508 0.2661290322580645 0.7417910447761195
0 0.3209677419354839 0.744776119402985 0.30806451612903224 0.8925373134328358 0.3596774193548387 0.9 0.36774193548387096 0.7477611940298508 0.3209677419354839 0.744776119402985
0 0.36935483870967745 0.746268656716418 0.3580645161290323 0.8940298507462686 0.40483870967741936 0.9074626865671642 0.41935483870967744 0.7492537313432835 0.36935483870967745 0.746268656716418
0 0.41935483870967744 0.753731343283582 0.41774193548387095 0.9044776119402985 0.4596774193548387 0.9014925373134328 0.47096774193548385 0.7507462686567165 0.41935483870967744 0.753731343283582
0 0.4693548387096774 0.753731343283582 0.4596774193548387 0.9 0.5112903225806451 0.9149253731343283 0.5177419354838709 0.7582089552238805 0.4693548387096774 0.753731343283582
0 0.5112903225806451 0.7626865671641792 0.5129032258064516 0.9104477611940298 0.5548387096774193 0.917910447761194 0.5661290322580645 0.7626865671641792 0.5112903225806451 0.7626865671641792
0 0.5596774193548387 0.7686567164179104 0.5580645161290323 0.9149253731343283 0.6048387096774194 0.9208955223880597 0.617741935483871 0.7701492537313432 0.5596774193548387 0.7686567164179104
0 0.6129032258064516 0.7686567164179104 0.6112903225806452 0.9208955223880597 0.6532258064516129 0.9298507462686567 0.6709677419354839 0.7820895522388059 0.6129032258064516 0.7686567164179104