0 0.19734659999999998 0.3214077958115183 0.1252072970149254 0.35340314136125656 0.12769485970149252 0.4406631753926702 0.14925373134328357 0.43630017539267013 0.15091210597014926 0.4813845261780105 0.22305140895522388 0.5395578821989528 0.22636815970149252 0.5744618952879581 0.291044776119403 0.56282722513089 0.27529021492537314 0.27196044240837697 0.1981757880597015 0.2705061073298429 0.19734659999999998 0.3214077958115183
0 0.4195688223880597 0.3083187905759162 0.28275290149253735 0.31122745811518326 0.291044776119403 0.5381035497382198 0.4170812597014925 0.5293775445026178 0.4195688223880597 0.3083187905759162
0 0.577114428358209 0.7577079685863873 0.577114428358209 0.6646305994764398 0.504975123880597 0.6646305994764398 0.5041459373134328 0.7751599764397905 0.577114428358209 0.7577079685863873
0 0.504975123880597 0.6675392670157068 0.5754560537313433 0.6588132643979058 0.5754560537313433 0.5919139031413613 0.5041459373134328 0.5904595706806283 0.504975123880597 0.6675392670157068
0 0.5016583746268657 0.5948225706806283 0.582089552238806 0.5919139031413613 0.5812603641791044 0.5191972068062828 0.4983416253731343 0.5162885392670157 0.5016583746268657 0.5948225706806283
0 0.5016583746268657 0.5235602094240838 0.5812603641791044 0.5119255392670157 0.5812603641791044 0.44502617801047123 0.5 0.4464805130890052 0.5016583746268657 0.5235602094240838
0 0.4975124373134328 0.4522978481675393 0.570480928358209 0.43630017539267013 0.5671641791044776 0.37812681675392673 0.4941956880597015 0.3621291439790576 0.4975124373134328 0.4522978481675393
0 0.49336650149253736 0.36649214659685864 0.5679933671641791 0.3650378115183246 0.5671641791044776 0.2894124502617801 0.495024876119403 0.2908667827225131 0.49336650149253736 0.36649214659685864
0 0.4941956880597015 0.2937754502617801 0.5737976776119402 0.2908667827225131 0.5663349910447761 0.20360674869109946 0.4900497507462686 0.2123327513089005 0.4941956880597015 0.2937754502617801
0 0.730514095522388 0.8944153586387436 0.8051409611940298 0.8915066910994766 0.8043117746268656 0.7969749842931937 0.725538971641791 0.7984293193717278 0.730514095522388 0.8944153586387436
0 0.7230514089552238 0.7969749842931937 0.8009950253731343 0.7955206518324608 0.7993366507462687 0.7213496230366493 0.7205638477611941 0.7242582905759163 0.7230514089552238 0.7969749842931937
0 0.7164179104477612 0.7184409528795811 0.8009950253731343 0.7198952879581152 0.7968490880597014 0.6471785916230366 0.7131011611940299 0.6544502617801047 0.7164179104477612 0.7184409528795811
0 0.7213930343283582 0.6486329267015707 0.7993366507462687 0.6500872591623037 0.7960199 0.5715532277486911 0.7164179104477612 0.5759162303664922 0.7213930343283582 0.6486329267015707
0 0.7189054731343284 0.5788248979057592 0.7951907134328359 0.568644560209424 0.7918739641791045 0.49592786387434556 0.7147595358208956 0.5017452015706806 0.7189054731343284 0.5788248979057592
0 0.7097844119402985 0.5046538691099477 0.7918739641791045 0.49447353141361255 0.7902155880597015 0.41739383246073297 0.7089552238805971 0.424665502617801 0.7097844119402985 0.5046538691099477
0 0.7114427865671642 0.42321117015706805 0.7927031507462687 0.418848167539267 0.7935323388059701 0.3403141361256545 0.7089552238805971 0.34613147120418847 0.7114427865671642 0.42321117015706805
0 0.7081260358208955 0.3490401387434555 0.7852404641791045 0.33885980104712043 0.7868988388059701 0.2690517748691099 0.7056384746268657 0.27486910994764396 0.7081260358208955 0.3490401387434555
0 0.7014925373134329 0.27196044240837697 0.7852404641791045 0.2661431073298429 0.7852404641791045 0.1934264109947644 0.6981757880597015 0.19488074345549738 0.7014925373134329 0.27196044240837697
0 0.8043117746268656 0.19778941361256544 0.8067993373134329 0.1250727172774869 0.781923714925373 0.1294357172774869 0.7794361522388059 0.08726003403141362 0.7338308462686567 0.08726003403141362 0.7296849089552239 0.12361838219895288 0.7006633492537313 0.1250727172774869 0.7031509119402986 0.19051774345549738 0.8043117746268656 0.19778941361256544
0 0.9560530686567165 0.8885980209424084 0.9585406298507463 0.7984293193717278 0.8764510776119403 0.8071553219895288 0.878109452238806 0.9016870261780104 0.9560530686567165 0.8885980209424084
0 0.957711443283582 0.7213496230366493 0.884742952238806 0.7300756256544503 0.8822553895522389 0.8071553219895288 0.9618573791044776 0.8013379869109948 0.957711443283582 0.7213496230366493
0 0.8839137641791045 0.7286212905759162 0.9585406298507463 0.7242582905759163 0.9552238805970149 0.6529959267015707 0.8797678268656716 0.6515415942408377 0.8839137641791045 0.7286212905759162
0 0.8814262029850747 0.6486329267015707 0.9543946925373133 0.6500872591623037 0.9560530686567165 0.5759162303664922 0.8814262029850747 0.5788248979057592 0.8814262029850747 0.6486329267015707
0 0.8805970149253731 0.5802792329842932 0.9585406298507463 0.5817335654450262 0.9485903820895523 0.4988365340314136 0.8747927029850747 0.49447353141361255 0.8805970149253731 0.5802792329842932
0 0.8698175791044777 0.5075625366492147 0.9585406298507463 0.4988365340314136 0.960199004477612 0.421756835078534 0.8623548925373135 0.4275741701570681 0.8698175791044777 0.5075625366492147
0 0.8756218910447761 0.4275741701570681 0.9494195686567165 0.421756835078534 0.9477611940298507 0.34467713874345546 0.8714759537313432 0.34176847120418846 0.8756218910447761 0.4275741701570681
0 0.8714759537313432 0.34613147120418847 0.9469320059701493 0.34322280366492147 0.9444444447761194 0.2690517748691099 0.8689883910447761 0.27341477486911 0.8714759537313432 0.34613147120418847
0 0.8631840791044777 0.27923211256544506 0.9494195686567165 0.27196044240837697 0.9535655059701492 0.19051774345549738 0.8606965179104477 0.19924374607329842 0.8631840791044777 0.27923211256544506
0 0.8681592044776119 0.1934264109947644 0.9419568820895523 0.18615474083769631 0.9427860701492536 0.12070971465968587 0.8689883910447761 0.12798138481675392 0.8681592044776119 0.1934264109947644
0 0.8532338313432836 0.13525305497382198 0.9411276955223881 0.12798138481675392 0.9402985074626866 0.04072135078534031 0.8540630179104477 0.04072135078534031 0.8532338313432836 0.13525305497382198