0 0.2333948339483395 0.1375 0.19557195571955718 0.13359375 0.17158671586715868 0.26640625 0.279520295202952 0.28671875 0.29059040590405905 0.253125 0.29612546125461253 0.209375 0.3173431734317343 0.16640625 0.3422509225092251 0.09453125 0.2555350553505535 0.0796875 0.2333948339483395 0.1375
0 0.34870848708487084 0.09375 0.3238007380073801 0.159375 0.29981549815498154 0.209375 0.29704797047970477 0.24921875 0.275830258302583 0.2890625 0.3284132841328413 0.2984375 0.3514760147601476 0.26171875 0.35239852398523985 0.22109375 0.37546125461254615 0.1703125 0.40498154981549817 0.10078125 0.34870848708487084 0.09375
0 0.40682656826568264 0.11328125 0.35977859778597787 0.21640625 0.3496309963099631 0.26171875 0.33302583025830257 0.3 0.466789667896679 0.3140625 0.488929889298893 0.23671875 0.4354243542435424 0.2265625 0.474169741697417 0.1234375 0.40682656826568264 0.11328125
0 0.1411439114391144 0.315625 0.11439114391143912 0.31875 0.10055350553505535 0.36484375 0.12915129151291513 0.38515625 0.1070110701107011 0.43671875 0.18726937269372693 0.45546875 0.21125461254612546 0.409375 0.2140221402214022 0.35390625 0.22693726937269373 0.30703125 0.22878228782287824 0.2609375 0.13837638376383765 0.2515625 0.1411439114391144 0.315625
0 0.2767527675276753 0.365625 0.29428044280442806 0.2875 0.23154981549815498 0.275 0.22970479704797048 0.3109375 0.21678966789667897 0.3546875 0.21309963099630996 0.40546875 0.18911439114391143 0.4609375 0.24354243542435425 0.471875 0.272140221402214 0.4125 0.2767527675276753 0.365625
0 0.3311808118081181 0.375 0.3607011070110701 0.328125 0.3671586715867159 0.29609375 0.29704797047970477 0.28828125 0.28136531365313655 0.3640625 0.2785977859778598 0.41328125 0.25092250922509224 0.46484375 0.3154981549815498 0.48203125 0.3339483394833948 0.42109375 0.3311808118081181 0.375
0 0.42712177121771217 0.4609375 0.4317343173431734 0.42109375 0.40313653136531363 0.425 0.40682656826568264 0.384375 0.43726937269372695 0.31640625 0.3726937269372694 0.3046875 0.3643911439114391 0.3265625 0.3348708487084871 0.37421875 0.33579335793357934 0.425 0.3182656826568266 0.47734375 0.3800738007380074 0.4828125 0.42712177121771217 0.4609375
0 0.11623616236162361 0.53984375 0.09132841328413284 0.584375 0.10055350553505535 0.634375 0.0959409594095941 0.665625 0.1706642066420664 0.6765625 0.17619926199261993 0.646875 0.17804428044280443 0.596875 0.2140221402214022 0.50546875 0.13745387453874539 0.48828125 0.11623616236162361 0.53984375
0 0.22047970479704798 0.5046875 0.1992619926199262 0.5515625 0.17988929889298894 0.59921875 0.18081180811808117 0.64921875 0.16974169741697417 0.68203125 0.21863468634686348 0.68828125 0.23800738007380073 0.65703125 0.2444649446494465 0.60703125 0.261070110701107 0.56171875 0.275830258302583 0.50703125 0.22047970479704798 0.5046875
0 0.28136531365313655 0.51015625 0.26383763837638374 0.56484375 0.24723247232472326 0.6125 0.24354243542435425 0.6578125 0.22047970479704798 0.69296875 0.29612546125461253 0.7046875 0.2988929889298893 0.6734375 0.3016605166051661 0.62265625 0.3182656826568266 0.57734375 0.32656826568265684 0.51875 0.28136531365313655 0.51015625
0 0.33210332103321033 0.5109375 0.32564575645756455 0.56796875 0.30719557195571956 0.62265625 0.29704797047970477 0.70859375 0.3625461254612546 0.71796875 0.37546125461254615 0.628125 0.4151291512915129 0.53046875 0.33210332103321033 0.5109375
0 0.466789667896679 0.94296875 0.5571955719557196 0.94140625 0.5793357933579336 0.97109375 0.6540590405904059 0.93828125 0.6392988929889298 0.8875 0.5821033210332104 0.82578125 0.4575645756457565 0.71328125 0.3422509225092251 0.7765625 0.466789667896679 0.94296875
0 0.5830258302583026 0.728125 0.5747232472324724 0.81171875 0.6226937269372693 0.8625 0.7038745387453874 0.853125 0.7103321033210332 0.76875 0.7343173431734318 0.76953125 0.7398523985239852 0.68359375 0.5581180811808119 0.6796875 0.5830258302583026 0.728125
0 0.7140221402214022 0.85703125 0.6512915129151291 0.86171875 0.6429889298892989 0.890625 0.6531365313653137 0.9328125 0.6660516605166051 0.934375 0.6669741697416974 0.96328125 0.709409594095941 0.95859375 0.7444649446494465 0.98515625 0.8911439114391144 0.98671875 0.9022140221402214 0.9375 0.940959409594096 0.93203125 0.9418819188191881 0.84375 0.7204797047970479 0.8296875 0.7140221402214022 0.85703125
0 0.738929889298893 0.825 0.9501845018450185 0.8421875 0.9584870848708487 0.69921875 0.742619926199262 0.69140625 0.738929889298893 0.825
0 0.7149446494464945 0.68359375 0.9474169741697417 0.69921875 0.9584870848708487 0.56484375 0.7158671586715867 0.56328125 0.7149446494464945 0.68359375
0 0.48523985239852396 0.490625 0.525830258302583 0.4875 0.5267527675276753 0.5640625 0.716789667896679 0.5625 0.7020295202952029 0.42734375 0.49169741697416974 0.4234375 0.48523985239852396 0.490625
0 0.709409594095941 0.440625 0.7204797047970479 0.5578125 0.9381918819188192 0.5625 0.9418819188191881 0.42265625 0.709409594095941 0.440625
0 0.5987084870848709 0.325 0.5064575645756457 0.3234375 0.5027675276752768 0.3984375 0.5433579335793358 0.39921875 0.5488929889298892 0.41796875 0.6918819188191881 0.4203125 0.698339483394834 0.33046875 0.5987084870848709 0.325
0 0.5119926199261993 0.32265625 0.6992619926199262 0.33046875 0.709409594095941 0.28515625 0.5156826568265682 0.27421875 0.5119926199261993 0.32265625
0 0.5175276752767528 0.26171875 0.6116236162361623 0.275 0.6411439114391144 0.203125 0.5369003690036901 0.1875 0.5175276752767528 0.26171875
0 0.7527675276752768 0.03671875 0.6586715867158671 0.040625 0.6134686346863468 0.075 0.6180811808118081 0.15703125 0.7158671586715867 0.16328125 0.716789667896679 0.1796875 0.9418819188191881 0.17734375 0.933579335793358 0.05625 0.7601476014760148 0.0484375 0.7527675276752768 0.03671875
0 0.6918819188191881 0.2703125 0.7066420664206642 0.309375 0.9326568265682657 0.30625 0.9511070110701108 0.19765625 0.7029520295202952 0.184375 0.6918819188191881 0.2703125
0 0.698339483394834 0.31875 0.6964944649446494 0.44296875 0.8081180811808119 0.43828125 0.8939114391143912 0.425 0.9022140221402214 0.4015625 0.9566420664206642 0.4 0.9474169741697417 0.3015625 0.698339483394834 0.31875