0 0.15504336455981943 0.22331725697211155 0.1704882979683973 0.20444537649402392 0.1698942618510158 0.1750891175298805 0.10930260158013544 0.1729922410358566 0.10692645823927764 0.2075906892430279 0.0689081625282167 0.21388131673306773 0.06653201805869075 0.4434892011952191 0.15147914898419862 0.4466345139442231 0.1443507189616253 0.31557978685258964 0.15504336455981943 0.22331725697211155
0 0.20553641422121896 0.22122038247011952 0.22870381376975168 0.1750891175298805 0.17108233295711062 0.1729922410358566 0.1698942618510158 0.19815474900398408 0.15266722121896162 0.21912350597609562 0.15326125733634313 0.24323757569721113 0.1443507189616253 0.31138603386454183 0.15147914898419862 0.449779828685259 0.20613045033860045 0.452925141434263 0.1889034097065463 0.31138603386454183 0.20553641422121896 0.22122038247011952
0 0.25068314108352147 0.2369469482071713 0.2726624683972912 0.2023485 0.28097897065462757 0.11952191235059761 0.22870381376975168 0.12371566334661355 0.22929784988713317 0.1866219342629482 0.20731852257336345 0.2296078844621514 0.19068551693002259 0.31348291035856574 0.20850659367945823 0.45502201792828684 0.2512771772009029 0.4539735796812749 0.238208388261851 0.3166282231075697 0.25068314108352147 0.2369469482071713
0 0.301176190744921 0.2096875657370518 0.31008672911963886 0.1226672250996016 0.2833551151241535 0.11952191235059761 0.2732565045146727 0.21388131673306773 0.25187121331828444 0.2369469482071713 0.2417726027088036 0.3218704123505976 0.2524652494356659 0.4602642071713147 0.2982060112866817 0.4613126434262948 0.2881074018058691 0.3239672888446215 0.301176190744921 0.2096875657370518
0 0.345728881489842 0.2327531972111554 0.3582036354401806 0.12581253984063745 0.31068076523702026 0.1226672250996016 0.28988950902934535 0.3239672888446215 0.3005821546275395 0.4634095199203187 0.34691695372460496 0.46760327091633463 0.3308779853273138 0.3271126015936255 0.345728881489842 0.2327531972111554
0 0.3932517528216704 0.23904382470119523 0.4205774029345372 0.20654225298804782 0.4205774029345372 0.1331516035856574 0.36057977878103836 0.12895785258964143 0.33325412866817156 0.33445166733067727 0.3475109898419865 0.4592157689243028 0.3944398239277652 0.46445795816733065 0.3831531422121896 0.3313063525896414 0.3932517528216704 0.23904382470119523
0 0.44730901693002256 0.25372195418326693 0.4502791963882618 0.23380163545816732 0.468694309255079 0.21597819322709164 0.47344659593679456 0.14153910756972113 0.42295354627539505 0.1352484800796813 0.42592372573363435 0.2075906892430279 0.3944398239277652 0.2421891374501992 0.38552928555304744 0.3260641653386454 0.3962219322799097 0.4697001474103586 0.44671498194130926 0.4707485836653386 0.43661637133182846 0.33654854183266936 0.44730901693002256 0.25372195418326693
0 0.49780206772009034 0.2474313266932271 0.5251277178329571 0.21702662948207171 0.526315788939052 0.14573285856573703 0.4752287042889391 0.1425875438247012 0.4728525598194131 0.2096875657370518 0.4508732325056433 0.2348500737051793 0.43721040744920997 0.3386454183266932 0.44909112528216705 0.4749423366533865 0.4966139954853273 0.4791360876494024 0.4853273137697517 0.3271126015936255 0.49780206772009034 0.2474313266932271
0 0.534038256207675 0.3302579163346614 0.5471070451467269 0.25372195418326693 0.5684923374717833 0.22646257171314743 0.5714625158013544 0.146781296812749 0.5286919334085779 0.14573285856573703 0.5275038611738149 0.21702662948207171 0.49839610270880363 0.25057664143426295 0.48829749322799093 0.3386454183266932 0.49958417494356655 0.48123296215139444 0.5441368656884875 0.47599077290836656 0.5411666862302483 0.3921157470119522 0.534038256207675 0.3302579163346614
0 0.5821551625282168 0.3396938565737052 0.5958179875846501 0.2547703924302789 0.6148271354401806 0.22331725697211155 0.6166092426636569 0.14363598207171313 0.5762148036117382 0.14573285856573703 0.5714625158013544 0.22331725697211155 0.5477010812641083 0.25791570517928286 0.5358203634311512 0.33445166733067727 0.5435428295711061 0.39526106175298803 0.5453249379232505 0.4697001474103586 0.5892835925507901 0.4791360876494024 0.5904716647855531 0.399454812749004 0.5821551625282168 0.3396938565737052
0 0.6338362832957111 0.3292094780876494 0.6439348939051919 0.2621094561752988 0.6617559695259594 0.2369469482071713 0.6647261489841986 0.149926609561753 0.6201734582392777 0.146781296812749 0.6172032787810383 0.22751100796812748 0.5987881670428893 0.25057664143426295 0.585125341986456 0.3417907310756972 0.5916597358916478 0.399454812749004 0.5904716647855531 0.4791360876494024 0.6338362832957111 0.47703921115537845 0.6415587505643341 0.39526106175298803 0.6338362832957111 0.3292094780876494
0 0.6813591546275395 0.3386454183266932 0.6979921591422122 0.2663032091633466 0.7092788408577878 0.2369469482071713 0.7116549841986456 0.1719438027888446 0.6653201851015802 0.16041098804780876 0.6653201851015802 0.23380163545816732 0.6480931444695259 0.25581883067729083 0.635024355530474 0.3334032290836654 0.6439348939051919 0.4005032509960159 0.6391826060948081 0.4885720278884462 0.6878935485327314 0.4875235896414343 0.6944279435665914 0.4005032509960159 0.6813591546275395 0.3386454183266932
0 0.7336343115124153 0.34598448406374505 0.7455150293453724 0.2663032091633466 0.7674943566591422 0.23799538645418328 0.7698705 0.16565317729083665 0.7158132347629796 0.16879849003984063 0.7116549841986456 0.24638289043824702 0.7009623386004515 0.2621094561752988 0.6837352979683974 0.349129796812749 0.6962100507900677 0.4036485637450199 0.6884875846501128 0.5063954701195219 0.7467031004514673 0.5105892211155378 0.746109065462754 0.4036485637450199 0.7336343115124153 0.34598448406374505
0 0.7835333250564334 0.35542042430278886 0.796008079006772 0.2704969601593626 0.8138291557562077 0.23904382470119523 0.8191754785553048 0.1625078625498008 0.7704645361173815 0.16041098804780876 0.7704645361173815 0.2369469482071713 0.7508613521444695 0.2642063326693227 0.7371985270880361 0.34598448406374505 0.7478911726862303 0.4120360657370518 0.7467031004514673 0.4885720278884462 0.7936319356659143 0.4938142171314741 0.794820006772009 0.40889075298804783 0.7835333250564334 0.35542042430278886
0 0.8334323397291197 0.350178235059761 0.847095164785553 0.27259383466135456 0.8655102765237019 0.23799538645418328 0.8702625643340858 0.16565317729083665 0.8209575857787811 0.1593625498007968 0.814423190744921 0.24638289043824702 0.8001663295711061 0.2704969601593626 0.7870975406320542 0.35437198605577686 0.796008079006772 0.40889075298804783 0.7942259717832957 0.499056406374502 0.8334323397291197 0.4938142171314741 0.8393726986455982 0.401551687250996 0.8334323397291197 0.350178235059761
0 0.9047166444695259 0.2369469482071713 0.8678864198645598 0.23589851195219125 0.8500653442437924 0.2715453964143426 0.835214446952596 0.351226671314741 0.8399667336343115 0.41727825498007964 0.8328383036117382 0.5001048446215139 0.8863015327313769 0.502201719123506 0.8898657483069978 0.4078423147410358 0.9047166444695259 0.2369469482071713
0 0.8946180349887133 0.3606626135458167 0.8863015327313769 0.5042985956175299 0.9664963758465012 0.5032501573705179 0.9706546275395034 0.3617110498007968 0.8946180349887133 0.3606626135458167
0 0.983129381489842 0.7894736832669322 0.9736248069977427 0.5829314322709163 0.9136271828442438 0.5955126852589641 0.9219436851015801 0.8146361912350597 0.983129381489842 0.7894736832669322
0 0.8571937742663658 0.8303627589641435 0.8756088871331829 0.8282658844621513 0.8815492460496615 0.8775424621513944 0.9231317573363431 0.8702033964143426 0.9118450756207674 0.5923673725099602 0.8589758826185102 0.5923673725099602 0.8411548058690744 0.7297127270916335 0.8571937742663658 0.8303627589641435
0 0.8108589762979684 0.8272174462151394 0.8358084830699773 0.8314111972111554 0.835214446952596 0.8806877749003984 0.8696685282167043 0.8733487111553784 0.860163953724605 0.8303627589641435 0.8387786625282168 0.7318096035856574 0.8548176309255079 0.5965611235059761 0.8061066884875846 0.6018033127490039 0.7888796478555304 0.7370517928286853 0.8108589762979684 0.8272174462151394
0 0.7686824288939053 0.8450408884462152 0.7865035045146727 0.8397986992031873 0.7859094683972911 0.896414342629482 0.8346204108352145 0.8859299641434264 0.8346204108352145 0.8377018247011953 0.8090768679458239 0.8272174462151394 0.7882856128668172 0.7360033545816733 0.8055126534988714 0.6080939402390437 0.7556136388261852 0.6143845677290836 0.7377925632054176 0.7433424203187251 0.7686824288939053 0.8450408884462152
0 0.7027444458239277 0.653176766932271 0.6979921591422122 0.7443908585657371 0.7164072708803612 0.8597190179282869 0.7669003205417608 0.847137764940239 0.7389806343115124 0.7422939820717132 0.7496732799097064 0.653176766932271 0.7591778544018059 0.6185783187250996 0.7603659266365689 0.544139233067729 0.704526553047404 0.5493814223107569 0.7027444458239277 0.653176766932271
0 0.6516573600451467 0.550429858565737 0.6480931444695259 0.6175298804780877 0.6469050733634312 0.751729922310757 0.6676963284424379 0.8848815258964143 0.6831412618510158 0.8827846513944223 0.6920518002257336 0.8607674561752988 0.7152191997742664 0.8597190179282869 0.695021979683973 0.747536171314741 0.7069026963882619 0.545187671314741 0.6516573600451467 0.550429858565737
0 0.6011643103837472 0.6804361494023905 0.5940358792325057 0.7632627390438247 0.6124509920993227 0.8492346394422311 0.615421171557562 0.9131893486055777 0.6409647144469526 0.9121409103585658 0.642746821670429 0.8597190179282869 0.6587857911963882 0.8555252669322709 0.6439348939051919 0.7496330458167331 0.6504692878103837 0.553575173306773 0.6053225609480812 0.5588173625498009 0.6011643103837472 0.6804361494023905
0 0.5536414401805869 0.6804361494023905 0.545918974040632 0.7674564900398406 0.563146013544018 0.8534283924302788 0.5661161930022574 0.9173830996015936 0.6136390643340858 0.9152862231075697 0.608886776523702 0.8628643326693227 0.5934418442437924 0.7643111772908366 0.5993822031602709 0.6867267768924303 0.6023523826185102 0.5598658007968128 0.557799690744921 0.5682533027888446 0.5536414401805869 0.6804361494023905
0 0.5061185699774267 0.6825330258964143 0.49780206772009034 0.7768924302788844 0.5215635022573363 0.9331096673306772 0.565522158013544 0.9226252888446215 0.5643340857787811 0.8534283924302788 0.545918974040632 0.7685049282868526 0.5572056557562077 0.5818829940239043 0.5043364616252821 0.5955126852589641 0.5061185699774267 0.6825330258964143
0 0.4502791963882618 0.7079119302788844 0.44730901693002256 0.7907385199203187 0.47107045259593683 0.9490526314741036 0.5215635022573363 0.9417135677290837 0.4966139954853273 0.7810861812749004 0.5037424255079007 0.6898720896414342 0.5043364616252821 0.594464249003984 0.5203754311512415 0.551478296812749 0.4580016636568849 0.5577689243027888 0.4502791963882618 0.7079119302788844
0 0.3902815733634311 0.6177462788844621 0.4021622900677201 0.6879916115537849 0.3932517528216704 0.7896900816733068 0.41879529571106094 0.9605854482071713 0.4669122020316027 0.9521979442231077 0.4449328735891648 0.7813025796812748 0.4568135914221219 0.5537915697211155 0.4663181659142212 0.5328228147410359 0.39562789616252825 0.5516946952191235 0.3902815733634311 0.6177462788844621
0 0.34929309706546274 0.7372681912350597 0.3439467742663657 0.7959807091633466 0.3700843532731377 0.9595370099601594 0.4193893306997743 0.9574401334661354 0.38968753724604965 0.7907385199203187 0.4009742189616253 0.6921853645418327 0.3884994650112867 0.6135525258964144 0.3938457878103837 0.5527431334661355 0.41166686455981943 0.5328228147410359 0.4098847573363431 0.5149993705179282 0.353451348758465 0.5254837490039841 0.34929309706546274 0.7372681912350597
0 0.2952358318284425 0.8033197729083665 0.32315551805869075 0.9689729501992032 0.36652013769751696 0.9637307609561753 0.34097659480812637 0.7938838326693226 0.34929309706546274 0.621940029880478 0.32968991309255075 0.6166978406374501 0.31959130361173815 0.6701681693227092 0.30889865801354405 0.674361920318725 0.2952358318284425 0.8033197729083665
0 0.2435547110609481 0.8148525896414343 0.27800879119638827 0.9784088904382471 0.3213734108352145 0.9668760737051793 0.29345372460496616 0.8033197729083665 0.30592847855530475 0.677507235059761 0.257811572234763 0.6817009860557769 0.2435547110609481 0.8148525896414343
0 0.19306166139954853 0.8169494661354582 0.21741713205417607 0.9238901235059761 0.26018771557562076 0.9207448107569721 0.2417726027088036 0.8179979023904382 0.2530592844243792 0.679604109561753 0.20969466591422123 0.6890400498007968 0.19306166139954853 0.8169494661354582
0 0.15029107787810383 0.83267603187251 0.17642865575620767 0.9542948207171315 0.2144469525959368 0.9207448107569721 0.19246762528216704 0.8200947788844622 0.20613045033860045 0.6890400498007968 0.15741950790067719 0.6984759900398406 0.15029107787810383 0.83267603187251
0 0.06823868397291197 0.7110572450199203 0.0807134367945824 0.8358213466135458 0.10930260158013544 0.8337244701195219 0.10752049435665914 0.932277625498008 0.16633004627539505 0.9312291892430279 0.14850896952595938 0.8242885298804781 0.1556374006772009 0.6995244282868526 0.10870856546275394 0.6995244282868526 0.06823868397291197 0.7110572450199203