0 0.4095238088888889 0.0896471943319838 0.42698412666666663 0.26243493319838057 0.49206349111111114 0.25448236032388666 0.4698412688888889 0.08386350404858299 0.4095238088888889 0.0896471943319838
0 0.4738095244444444 0.08386350404858299 0.4952380955555556 0.2595430890688259 0.5531746022222223 0.25809716599190285 0.53095238 0.07952573684210526 0.4738095244444444 0.08386350404858299
0 0.5333333333333333 0.07807981578947369 0.5555555555555556 0.26171197165991905 0.607936508888889 0.25665124291497976 0.5801587311111112 0.07374204655870445 0.5333333333333333 0.07807981578947369
0 0.5841269844444444 0.07446500809716598 0.6119047622222222 0.25737420445344134 0.6611111111111111 0.2537593987854251 0.6373015866666666 0.07301908704453441 0.5841269844444444 0.07446500809716598
0 0.6404761911111111 0.06868131781376517 0.6634920644444445 0.25665124291497976 0.7134920644444445 0.25592828137651824 0.6857142866666667 0.06795835829959515 0.6404761911111111 0.06868131781376517
0 0.6873015866666666 0.06795835829959515 0.7166666666666667 0.25448236032388666 0.7650793644444445 0.24942163157894737 0.7476190466666666 0.07157316396761133 0.6873015866666666 0.06795835829959515
0 0.7507936511111112 0.07157316396761133 0.768253968888889 0.2501445931174089 0.8174603177777778 0.2465297854251012 0.7992063488888889 0.06868131781376517 0.7507936511111112 0.07157316396761133
0 0.8031746022222221 0.06795835829959515 0.8214285711111111 0.24363794129554656 0.8746031755555556 0.24074609514170042 0.85 0.06434355060728744 0.8031746022222221 0.06795835829959515
0 0.8531746022222222 0.06289762955465587 0.878571428888889 0.23930017408906884 0.9277777777777778 0.23568536639676113 0.8976190466666666 0.058559860323886645 0.8531746022222222 0.06289762955465587
0 0.9539682533333333 0.05566801619433198 0.9 0.057836900809716596 0.9333333333333333 0.23568536639676113 0.981746031111111 0.22700983198380567 0.9682539688888889 0.0896471943319838 0.9539682533333333 0.05566801619433198
0 0.3785714288888889 0.373048004048583 0.3912698422222222 0.44100636234817814 0.39682539777777776 0.5407750141700405 0.4626984133333333 0.541497975708502 0.46031745999999996 0.43739155668016194 0.4444444444444444 0.3672643137651822 0.3785714288888889 0.373048004048583
0 0.4476190466666667 0.3672643137651822 0.46428571333333335 0.43016194331983804 0.4650793644444445 0.540052052631579 0.5174603177777778 0.5357142854251012 0.5198412688888889 0.43016194331983804 0.4976190466666667 0.36364950809716595 0.4476190466666667 0.3672643137651822
0 0.5031746022222222 0.36581839271255057 0.5214285711111111 0.43160786639676113 0.52063492 0.5371602085020243 0.5706349199999999 0.5349913238866396 0.5682539688888889 0.4294389817813765 0.5452380955555556 0.36148062550607285 0.5031746022222222 0.36581839271255057
0 0.5468253977777777 0.3629265465587045 0.5722222222222222 0.428716020242915 0.5730158733333334 0.5342683623481781 0.628571428888889 0.5328224412955466 0.62063492 0.4258241761133603 0.5960317466666667 0.3578658178137652 0.5468253977777777 0.3629265465587045
0 0.6 0.3585887793522267 0.6253968244444444 0.4222093704453441 0.6341269844444445 0.5328224412955466 0.6801587311111111 0.5292076336032389 0.6738095244444445 0.41859456275303647 0.6539682533333333 0.3535280506072874 0.6 0.3585887793522267
0 0.6587301577777778 0.354251012145749 0.6769841266666666 0.4149797570850202 0.6825396822222222 0.5292076336032389 0.73095238 0.5284846740890689 0.7238095244444445 0.41859456275303647 0.7079365088888889 0.3491902834008097 0.6587301577777778 0.354251012145749
0 0.757936508888889 0.3434065931174089 0.7126984133333334 0.3513591680161943 0.7285714288888889 0.4164256801619433 0.7277777777777777 0.5284846740890689 0.7841269844444445 0.5205320991902834 0.7785714288888889 0.4178716012145749 0.757936508888889 0.3434065931174089
0 0.7626984133333333 0.344852516194332 0.7817460311111111 0.4120879129554656 0.7865079355555555 0.521255060728745 0.8468253977777779 0.5198091376518218 0.8365079355555555 0.4120879129554656 0.8111111111111111 0.3434065931174089 0.7626984133333333 0.344852516194332
0 0.17619047555555556 0.9044245222672065 0.18253968222222225 0.8248987854251012 0.01904762 0.8089936376518219 0.005555555555555556 0.9167148643724696 0.1420634911111111 0.9311740890688259 0.14603174666666666 0.905147483805668 0.17619047555555556 0.9044245222672065
0 0.008730157777777777 0.7041642570850203 0.0015873022222222222 0.7793522267206477 0.09444444444444444 0.7995951417004049 0.17777777777777778 0.8097165991902834 0.1912698422222222 0.7258530951417005 0.09841269777777778 0.7207923663967611 0.008730157777777777 0.7041642570850203
0 0.011904762222222223 0.7034412955465587 0.09603174666666667 0.7135627530364372 0.19285714222222222 0.7135627530364372 0.20555555555555555 0.6492192024291499 0.01984126888888889 0.6217466740890688 0.011904762222222223 0.7034412955465587
0 0.009523808888888888 0.6094563340080972 0.20873015777777779 0.6362058987854251 0.21587301555555558 0.5668016194331984 0.015873015555555557 0.5277617125506073 0.009523808888888888 0.6094563340080972
0 0.013492064444444445 0.5234239453441296 0.21428571333333335 0.5566801619433198 0.22380952444444444 0.4800462692307692 0.023809524444444445 0.4532967024291498 0.013492064444444445 0.5234239453441296
0 0.01984126888888889 0.43666859514170037 0.22142857111111114 0.4619722388663967 0.23333333333333334 0.3896761133603239 0.031746031111111114 0.3629265465587045 0.01984126888888889 0.43666859514170037
0 0.21746031777777777 0.38172354048582996 0.23253968222222224 0.30798149190283397 0.04285714222222222 0.2790630425101215 0.03650793555555556 0.3564198967611336 0.21746031777777777 0.38172354048582996
0 0.034126984444444446 0.2631578947368421 0.2420634911111111 0.2870156153846154 0.2571428577777778 0.2089358016194332 0.04841269777777778 0.1720647773279352 0.034126984444444446 0.2631578947368421
0 0.24603174666666666 0.19881434412955465 0.25555555555555554 0.10844418825910931 0.05555555555555555 0.07807981578947369 0.04761904666666667 0.16917293319838056 0.24603174666666666 0.19881434412955465