0 0.1410743350515464 0.8825187964285715 0.17308735773195877 0.8956766910714287 0.17959848041237111 0.8543233089285713 0.21649484536082475 0.8637218053571428 0.25013564845360825 0.6071428571428571 0.20510037938144332 0.5864661660714285 0.20075963092783505 0.6099624053571429 0.17308735773195877 0.6033834589285715 0.1405317412371134 0.6748120303571429 0.14432989690721648 0.7030075196428571 0.135105806185567 0.7227443607142857 0.11774281030927836 0.7218045107142858 0.10960390618556701 0.7481203 0.08247422680412371 0.7443609017857143 0.07216494845360824 0.8148496232142857 0.0765056969072165 0.8345864660714286 0.07596310412371135 0.8937969928571429 0.13402061855670103 0.9135338339285715 0.1410743350515464 0.8825187964285715
0 0.32013022268041236 0.9342105267857144 0.3445469340206186 0.9304511285714286 0.3488876835051546 0.8787593982142857 0.32881171958762884 0.8609022553571428 0.3347802494845361 0.8016917285714286 0.35268583814432986 0.7988721803571429 0.36028214845360823 0.7133458642857142 0.34563212164948454 0.7011278196428571 0.3488876835051546 0.6475563910714286 0.25067824226804125 0.6203007517857143 0.22246337525773197 0.8317669178571429 0.23657080824742266 0.8486842107142857 0.23765599587628866 0.9031954892857142 0.2604449268041237 0.9483082714285714 0.31199131855670104 0.9558270678571428 0.32013022268041236 0.9342105267857144
0 0.30113944639175255 0.6306390982142857 0.34563212164948454 0.5817669178571429 0.3771025505154639 0.5921052625000001 0.3857840474226804 0.35808270714285717 0.3109061309278351 0.3411654142857143 0.20130222474226805 0.5573308267857142 0.21323928350515464 0.5996240607142856 0.30113944639175255 0.6306390982142857
0 0.3711340206185567 0.6654135339285714 0.5865436783505155 0.6343984964285714 0.5756918072164948 0.437969925 0.3830710793814433 0.4652255642857143 0.3711340206185567 0.6654135339285714
0 0.3933803577319588 0.4558270678571429 0.5567010309278351 0.4323308267857143 0.555073250515464 0.32894736785714285 0.5192620731958763 0.3317669178571429 0.5160065113402061 0.2922932339285714 0.39500813917525773 0.30451127857142857 0.38415626701030925 0.3778195482142857 0.3933803577319588 0.4558270678571429
0 0.3863266412371134 0.7857142857142857 0.3879544216494845 0.8411654142857143 0.41508410206185564 0.8430451124999999 0.4167118824742268 0.8731203 0.4747693979381443 0.8646616535714285 0.47965274020618553 0.8468045107142858 0.510037981443299 0.8355263160714286 0.5078676072164948 0.7913533839285715 0.5160065113402061 0.7838345857142857 0.5154639175257731 0.74906015 0.5409658164948454 0.7396616535714285 0.5425935969072165 0.6494360910714286 0.3700488329896907 0.6701127821428571 0.36679327216494845 0.7763157892857143 0.3863266412371134 0.7857142857142857
0 0.6527400979381444 0.7791353375 0.6483993484536082 0.8157894732142857 0.6543678783505155 0.8646616535714285 0.6728160608247422 0.8731203 0.6760716226804124 0.8937969928571429 0.6912642432989691 0.8947368428571428 0.6934346175257732 0.9107142857142857 0.7449810092783505 0.9041353375 0.7476939773195876 0.8872180446428571 0.7607162237113402 0.8806390982142857 0.7623440041237114 0.8054511285714286 0.7693977206185567 0.7875939857142857 0.7634291917525773 0.6766917285714286 0.6706456865979381 0.6945488714285714 0.666847530927835 0.7584586464285715 0.6527400979381444 0.7791353375
0 0.911557243298969 0.7180451124999999 0.9034183391752577 0.7387218053571428 0.798697775257732 0.7453007517857143 0.7759088443298969 0.7810150375 0.7742810639175258 0.8345864660714286 0.7672273463917525 0.8411654142857143 0.7661421597938145 0.8543233089285713 0.7618014103092783 0.8674812035714285 0.7542051 0.9539473678571427 0.8952794360824743 0.9558270678571428 0.9028757463917526 0.9107142857142857 0.9256646773195876 0.9060150375 0.933803581443299 0.8590225571428571 0.9506239824742269 0.8439849625 0.9457406402061855 0.7058270678571428 0.911557243298969 0.7180451124999999
0 0.801953337113402 0.5930451124999999 0.7943570268041237 0.5986842107142857 0.7959848072164949 0.7105263160714286 0.9696147587628865 0.6973684214285715 0.9685295711340207 0.6024436089285714 0.9343461742268041 0.6005639089285714 0.9321758 0.5169172928571428 0.8068366793814433 0.5281954892857142 0.801953337113402 0.5930451124999999
0 0.6272381989690722 0.5723684214285715 0.6283233855670104 0.7067669178571429 0.6966901793814433 0.6954887214285714 0.7021161154639175 0.6748120303571429 0.7916440587628866 0.6560150375 0.7900162773195877 0.5874060142857143 0.7688551278350516 0.5874060142857143 0.7672273463917525 0.5573308267857142 0.7059142701030928 0.5648496232142857 0.6272381989690722 0.5723684214285715
0 0.7807921865979381 0.5535714285714286 0.7813347804123711 0.4652255642857143 0.6342919154639175 0.4859022553571428 0.6375474773195876 0.5695488714285714 0.7807921865979381 0.5535714285714286
0 0.7862181226804124 0.4313909767857143 0.7802495927835051 0.3308270678571429 0.7954422134020618 0.32894736785714285 0.7878459030927835 0.23496240535714286 0.620184481443299 0.2518797 0.6332067278350515 0.4595864660714286 0.7862181226804124 0.4313909767857143
0 0.7118827999999999 0.2443609017857143 0.7867607164948455 0.23402255714285713 0.7704829082474227 0.026315789285714285 0.6988605536082474 0.04229323392857143 0.7118827999999999 0.2443609017857143
0 0.7824199670103092 0.15225563928571428 0.7959848072164949 0.3439849625 0.9462832340206185 0.2969924803571429 0.933260987628866 0.1287593982142857 0.7824199670103092 0.15225563928571428