0 0.4870739395604396 0.16736771731448763 0.4848823818681319 0.200136554770318 0.6826705604395604 0.20824067667844523 0.6750001043956044 0.14763594522968196 0.5320008956043956 0.14411241342756184 0.4870739395604396 0.16736771731448763
0 0.08821024175824176 0.5419190530035336 0.2213474368131868 0.543328464664311 0.23011367307692307 0.39815899293286217 0.11286527747252746 0.39745428621908124 0.08821024175824176 0.5419190530035336
0 0.49310072527472526 0.2011936148409894 0.49255283516483517 0.22163009363957598 0.6771916648351649 0.2339624522968198 0.6788353324175824 0.20683126325088338 0.49310072527472526 0.2011936148409894
0 0.48597815934065935 0.22163009363957598 0.48871760714285717 0.24946598763250882 0.6739043241758241 0.2649695247349823 0.6777395521978021 0.23290539222614842 0.48597815934065935 0.22163009363957598
0 0.4854302692307692 0.24981834098939928 0.48159504120879115 0.279416 0.6717127664835165 0.2889295335689046 0.6711648763736263 0.26074128621908127 0.4854302692307692 0.24981834098939928
0 0.47940348351648354 0.28047306007067135 0.47940348351648354 0.31007071908127204 0.6733564368131868 0.3181748409893993 0.6733564368131868 0.28998659363957596 0.47940348351648354 0.28047306007067135
0 0.4772119258241758 0.31042307243816253 0.4766640357142857 0.33755426148409895 0.6750001043956044 0.34742014664310955 0.6728085467032967 0.31535601590106005 0.4772119258241758 0.31042307243816253
0 0.4777598131868132 0.33649720141342754 0.47995137362637363 0.3622189770318021 0.6640423104395604 0.37138015724381623 0.6744522142857143 0.34706779328621906 0.4777598131868132 0.33649720141342754
0 0.48378660164835163 0.36398074204947 0.48159504120879115 0.3939307544169611 0.6629465302197802 0.4023872296819788 0.6662338708791209 0.3706754505300353 0.48378660164835163 0.36398074204947
0 0.47282880769230773 0.3956925212014134 0.4662541318681318 0.4362131254416961 0.6574676346153846 0.4446696007067138 0.6645902005494505 0.40379664134275617 0.47282880769230773 0.3956925212014134
0 0.7254059560439561 0.1800524293286219 0.7254059560439561 0.2114118551236749 0.9352477115384615 0.20577420494699647 0.9379871593406593 0.17300536749116607 0.7254059560439561 0.1800524293286219
0 0.7226665082417583 0.2114118551236749 0.7199270604395605 0.23607657067137808 0.936891379120879 0.23607657067137808 0.9357955989010989 0.2043647932862191 0.7226665082417583 0.2114118551236749
0 0.7193791703296704 0.2350195106007067 0.7199270604395605 0.26708364310954064 0.9303167032967034 0.2610936395759717 0.9336040412087911 0.2343148056537102 0.7193791703296704 0.2350195106007067
0 0.7281454065934067 0.2674359964664311 0.7297890741758241 0.2928054187279152 0.9270293653846154 0.28998659363957596 0.9336040412087911 0.2617983462897526 0.7281454065934067 0.2674359964664311
0 0.7330764120879121 0.321698371024735 0.7385553104395605 0.3463630883392226 0.9270293653846154 0.34248720318021203 0.9264814752747254 0.31570836925795054 0.7330764120879121 0.321698371024735
0 0.7506088818681319 0.3477725 0.7489652142857143 0.37666545406360424 0.9270293653846154 0.3682089787985866 0.9297688131868133 0.342134851590106 0.7506088818681319 0.3477725
0 0.7506088818681319 0.37877957243816257 0.7456778763736263 0.40872958480565375 0.924837804945055 0.40414899469964666 0.9259335851648351 0.3675042738515901 0.7506088818681319 0.37877957243816257
0 0.7374595302197803 0.4101389964664311 0.7385553104395605 0.44678371908127207 0.932508260989011 0.44326018727915195 0.9297688131868133 0.40344428798586573 0.7374595302197803 0.4101389964664311
0 0.732528521978022 0.29456718374558305 0.7297890741758241 0.3234601378091873 0.9226462472527472 0.3128895441696113 0.9264814752747254 0.28998659363957596 0.732528521978022 0.29456718374558305
0 0.7374595302197803 0.4978749169611308 0.73636375 0.5345196378091873 0.9188110192307691 0.5281772826855125 0.9193589093406593 0.49611315194346295 0.7374595302197803 0.4978749169611308
0 0.7330764120879121 0.5348719911660778 0.7308848543956044 0.5609461201413427 0.918263129120879 0.5560131766784453 0.9193589093406593 0.5281772826855125 0.7330764120879121 0.5348719911660778
0 0.7352679725274726 0.5602414134275618 0.7369116401098901 0.5894867208480565 0.9193589093406593 0.5877249540636043 0.917715239010989 0.5567178833922262 0.7352679725274726 0.5602414134275618
0 0.7385553104395605 0.5908961325088339 0.7369116401098901 0.6201414399293286 0.9138800109890111 0.6067520212014135 0.9155236813186813 0.5859631890459364 0.7385553104395605 0.5908961325088339
0 0.7391032005494506 0.6211984982332155 0.7330764120879121 0.6493867455830389 0.9105926730769232 0.6426920371024735 0.9155236813186813 0.6099231996466431 0.7391032005494506 0.6211984982332155
0 0.729241184065934 0.6476249805653711 0.7275975164835166 0.6744038144876325 0.9094968956043956 0.6652426342756184 0.910044782967033 0.6402255653710247 0.729241184065934 0.6476249805653711
0 0.7254059560439561 0.6744038144876325 0.7275975164835166 0.7036491219081272 0.9073053351648351 0.6948402950530035 0.9089490054945055 0.6662996943462898 0.7254059560439561 0.6744038144876325
0 0.7303369642857143 0.7036491219081272 0.7286932939560439 0.7314850159010601 0.9073053351648351 0.7244379540636042 0.9084011153846154 0.6930785282685512 0.7303369642857143 0.7036491219081272
0 0.7286932939560439 0.7304279558303887 0.7270496263736265 0.7610826749116607 0.9062095576923077 0.7498073763250884 0.9089490054945055 0.7261997190812721 0.7286932939560439 0.7304279558303887
0 0.7226665082417583 0.7624920883392226 0.7237622884615384 0.7864520971731449 0.9051137774725274 0.78010974204947 0.9073053351648351 0.7501597296819789 0.7226665082417583 0.7624920883392226
0 0.7199270604395605 0.7868044505300353 0.7215707280219781 0.8153450512367492 0.9018264395604395 0.806183871024735 0.9045658873626373 0.7790526837455831 0.7199270604395605 0.7868044505300353
0 0.7226665082417583 0.8146403445229682 0.7215707280219781 0.8414191802120141 0.9007306593406592 0.8371909434628976 0.9023743296703296 0.8072409293286219 0.7226665082417583 0.8146403445229682
0 0.7188312802197802 0.8400097667844524 0.7188312802197802 0.8699597809187279 0.8974433214285715 0.8625603657243816 0.9007306593406592 0.8375432950530035 0.7188312802197802 0.8400097667844524
0 0.7199270604395605 0.8685503674911661 0.7226665082417583 0.8977956749116608 0.8985391016483517 0.8928627314487633 0.8979912115384616 0.8650268374558304 0.7199270604395605 0.8685503674911661
0 0.9105926730769232 0.8932150848056537 0.6996551401098902 0.9006144982332156 0.7051340384615384 0.953819816254417 0.8629262692307692 0.9513533445229683 0.9127842335164835 0.9122421519434629 0.9105926730769232 0.8932150848056537
0 0.45584422802197805 0.8826444911660777 0.45091321978021975 0.9242221554770318 0.5002232912087912 0.9524104028268552 0.6459619505494505 0.9513533445229683 0.6503450686813187 0.8911009664310955 0.45584422802197805 0.8826444911660777
0 0.46241890384615386 0.8467044770318021 0.45584422802197805 0.8812350795053004 0.6454140604395605 0.8914533180212013 0.6476056208791209 0.8604462473498233 0.46241890384615386 0.8467044770318021
0 0.46296679395604395 0.8181638763250884 0.4596794532967033 0.8456474169611308 0.6487013983516483 0.8604462473498233 0.6519887390109891 0.8336674116607774 0.46296679395604395 0.8181638763250884
0 0.46954146978021977 0.7938515123674912 0.4646104615384616 0.8178115229681979 0.6508929587912088 0.8322579999999999 0.6552760769230769 0.806888577738516 0.46954146978021977 0.7938515123674912
0 0.46789779945054943 0.7670726784452297 0.46296679395604395 0.7934991590106006 0.6508929587912088 0.805479164310954 0.6508929587912088 0.7843379787985866 0.46789779945054943 0.7670726784452297
0 0.4689935796703297 0.7374750176678445 0.4662541318681318 0.7653109116607774 0.6492492884615385 0.7808144487632508 0.6519887390109891 0.7491026696113074 0.4689935796703297 0.7374750176678445
0 0.4684456895604395 0.7114008886925794 0.4651583516483517 0.7371226643109541 0.6525366263736264 0.748397964664311 0.6541802967032967 0.7209144222614841 0.4684456895604395 0.7114008886925794
0 0.4711851373626374 0.6810985229681978 0.4651583516483517 0.7092867703180212 0.6508929587912088 0.7195050106007067 0.6558239642857143 0.695545 0.4711851373626374 0.6810985229681978
0 0.47995137362637363 0.6511485106007067 0.4733766978021978 0.6782796996466431 0.6552760769230769 0.6958973533568905 0.6585634148351649 0.6680614593639577 0.47995137362637363 0.6511485106007067
0 0.47995137362637363 0.6233126166077738 0.47502036538461534 0.6507961572438162 0.6558239642857143 0.6666520477031802 0.6552760769230769 0.6405779187279151 0.47995137362637363 0.6233126166077738
0 0.4892654972527472 0.5930102508833922 0.47447247527472525 0.622607909893993 0.6525366263736264 0.6398732120141343 0.6541802967032967 0.6067520212014135 0.4892654972527472 0.5930102508833922
0 0.06465098351648352 0.6701755777385159 0.045474843406593406 0.6775749929328622 0.11067371978021978 0.7772909169611307 0.29257309615384613 0.7314850159010601 0.28325897252747256 0.6966020600706714 0.2542208186813187 0.6433967438162544 0.19011772527472526 0.6458632155477032 0.1599837912087912 0.6349402685512368 0.0608157554945055 0.6564338074204947 0.06465098351648352 0.6701755777385159
0 0.20655441483516482 0.642339683745583 0.24052357692307694 0.6419873303886926 0.2213474368131868 0.622607909893993 0.19559662087912089 0.6282455600706714 0.20655441483516482 0.642339683745583